,mass A,,,,,
t,x,y,θ,ω,α,
0.034,388.8,39.28,5.8,,
0.051,389.6,39.59,5.8,0.1,
0.067,390.5,39.46,5.8,-1.8,-25.6
0.084,391.0,39.32,5.7,-0.7,40.9
0.101,390.9,39.35,5.7,-0.0,32.5
0.118,391.0,39.31,5.7,0.1,38.8
0.135,391.0,39.38,5.8,1.4,55.8
0.152,390.4,39.57,5.8,2.1,-17.9
0.168,389.8,39.74,5.8,0.8,-43.3
0.185,389.0,39.62,5.8,0.2,-40.3
0.202,389.3,39.74,5.8,-0.0,-50.2
0.219,389.4,39.65,5.8,-1.7,-60.0
0.236,390.1,39.43,5.8,-2.2,-21.0
0.253,390.3,39.23,5.7,-2.2,-39.8
0.269,390.7,38.98,5.7,-3.5,-5.8
0.286,391.1,38.49,5.6,-2.9,80.4
0.303,391.0,38.35,5.6,-0.3,121.7
0.320,390.5,38.36,5.6,1.1,83.7
0.337,389.7,38.48,5.6,2.5,61.8
0.354,389.3,38.81,5.7,3.3,-5.4
0.371,389.2,39.20,5.8,2.4,-19.7
0.387,389.4,39.37,5.8,2.2,-31.9
0.404,389.7,39.76,5.8,1.9,-41.6
0.421,390.2,39.89,5.8,0.3,-51.8
0.438,390.5,39.93,5.8,0.2,-7.6
0.455,390.9,40.01,5.8,0.2,45.9
0.472,390.9,40.01,5.8,1.5,64.3
0.488,390.3,40.29,5.9,2.8,-6.1
0.505,389.7,40.54,5.9,1.2,-48.5
0.522,389.7,40.52,5.9,0.7,-24.1
0.539,389.7,40.69,6.0,1.0,-19.8
0.556,389.4,40.72,6.0,-0.2,-99.0
0.573,389.5,40.64,6.0,-2.2,-65.8
0.589,390.1,40.26,5.9,-2.9,-50.1
0.606,390.7,40.09,5.9,-3.3,16.5
0.623,391.1,39.60,5.8,-3.0,49.6
0.640,390.8,39.41,5.8,-1.1,94.5
0.657,390.6,39.31,5.7,-0.0,56.7
0.674,390.7,39.39,5.8,0.9,53.4
0.691,390.4,39.51,5.8,1.7,21.5
0.707,390.0,39.72,5.8,1.8,13.5
0.724,389.9,39.87,5.8,1.9,-18.3
0.741,390.0,40.16,5.9,1.5,-46.0
0.758,390.1,40.23,5.9,0.1,-72.0
0.775,390.7,40.26,5.9,-0.9,-14.0
0.792,390.5,40.08,5.9,-0.5,18.8
0.808,390.7,40.12,5.9,0.1,17.7
0.825,390.6,40.11,5.9,-0.1,18.7
0.842,390.9,40.12,5.9,0.6,23.5
0.859,390.6,40.26,5.9,1.0,2.0
0.876,390.2,40.28,5.9,0.5,-28.2
0.893,389.9,40.29,5.9,0.1,-58.4
0.909,389.9,40.28,5.9,-1.4,-91.5
0.926,390.4,40.03,5.9,-3.2,-80.9
0.943,390.7,39.61,5.8,-4.1,-24.0
0.960,390.8,39.12,5.7,-4.0,19.3
0.977,390.7,38.68,5.7,-3.3,59.1
0.994,391.1,38.37,5.6,-2.1,86.5
1.011,391.1,38.22,5.6,-0.4,107.8
1.027,390.8,38.26,5.6,1.5,69.4
1.044,390.6,38.52,5.6,2.2,5.5
1.061,390.5,38.73,5.7,1.5,-8.1
1.078,390.6,38.88,5.7,1.8,-6.0
1.095,390.4,39.13,5.7,1.6,-26.0
1.112,390.5,39.24,5.7,0.6,-60.7
1.128,390.6,39.30,5.7,-0.3,-51.5
1.145,390.9,39.21,5.7,-1.2,14.3
1.162,391.0,39.05,5.7,0.0,48.6
1.179,390.8,39.21,5.7,1.0,26.7
1.196,390.8,39.26,5.7,0.5,15.6
1.213,390.8,39.33,5.7,1.5,7.2
1.229,390.5,39.57,5.8,1.2,-43.8
1.246,390.4,39.56,5.8,-0.4,-83.6
1.263,390.2,39.45,5.8,-1.5,-57.9
1.280,390.2,39.19,5.7,-2.5,-9.4
1.297,390.2,38.88,5.7,-1.9,-38.3
1.314,390.3,38.76,5.7,-3.2,-29.5
1.331,390.8,38.19,5.6,-3.8,46.6
1.347,390.9,37.93,5.5,-1.1,126.1
1.364,390.9,37.95,5.5,0.5,78.1
1.381,391.0,38.07,5.6,1.4,51.0
1.398,390.9,38.27,5.6,2.3,-17.0
1.415,390.6,38.56,5.6,1.1,-23.0
1.432,390.3,38.47,5.6,0.8,-31.6
1.448,390.0,38.68,5.7,0.8,-27.6
1.465,390.1,38.64,5.7,-0.7,-26.4
1.482,390.1,38.54,5.6,-0.0,49.1
1.499,390.0,38.62,5.7,1.2,46.6
1.516,390.6,38.87,5.7,1.5,43.4
1.533,390.7,39.04,5.7,2.4,12.9
1.549,390.7,39.44,5.8,2.4,3.8
1.566,390.8,39.62,5.8,2.1,1.7
1.583,390.4,39.89,5.8,2.8,-17.1
1.600,390.0,40.18,5.9,1.6,-62.8
1.617,390.0,40.21,5.9,0.3,-87.6
1.634,389.9,40.24,5.9,-1.0,-105.6
1.651,390.0,39.98,5.9,-3.4,-65.3
1.667,390.0,39.44,5.8,-3.5,7.8
1.684,390.5,39.22,5.7,-2.7,49.4
1.701,391.0,38.93,5.7,-2.2,72.8
1.718,391.2,38.78,5.7,-0.2,47.5
1.735,391.2,38.91,5.7,-0.1,-6.2
1.752,390.8,38.70,5.7,-1.0,-41.2
1.768,390.4,38.60,5.6,-1.1,17.7
1.785,390.0,38.37,5.6,-0.8,22.9
1.802,389.9,38.37,5.6,0.0,26.2
1.819,389.7,38.35,5.6,-0.1,-6.1
1.836,390.2,38.39,5.6,-0.1,21.0
1.853,390.5,38.39,5.6,0.5,50.9
1.869,390.9,38.57,5.6,1.7,90.0
1.886,391.0,38.84,5.7,3.4,31.3
1.903,390.9,39.36,5.8,3.2,-11.1
1.920,390.6,39.56,5.8,2.4,-22.4
1.937,390.4,39.88,5.8,2.8,-19.6
1.954,390.0,40.14,5.9,1.8,-63.5
1.971,389.4,40.19,5.9,0.5,-92.4
1.987,389.5,40.21,5.9,-1.1,-91.8
2.004,389.8,39.97,5.9,-2.8,-44.5
2.021,390.4,39.64,5.8,-2.7,-4.4
2.038,390.9,39.46,5.8,-2.6,31.3
2.055,391.1,39.10,5.7,-2.1,54.8
2.072,391.3,39.03,5.7,-0.4,52.3
2.088,391.4,39.03,5.7,-0.3,26.5
2.105,391.0,38.93,5.7,0.2,-14.9
2.122,390.3,38.97,5.7,-0.3,-10.2
2.139,390.2,38.77,5.7,-0.8,-33.9
2.156,390.1,38.77,5.7,-0.9,1.4
2.173,390.1,38.56,5.6,-1.2,-19.6
2.189,390.4,38.52,5.6,-1.1,29.1
2.206,390.9,38.37,5.6,-0.7,55.8
2.223,391.1,38.44,5.6,1.0,62.0
2.240,391.2,38.64,5.6,1.5,59.0
2.257,391.2,38.79,5.7,2.7,40.3
2.274,390.7,39.21,5.7,3.3,12.8
2.291,390.3,39.47,5.8,2.7,-48.6
2.307,389.4,39.71,5.8,1.9,-48.4
2.324,389.5,39.85,5.8,0.9,-48.2
2.341,389.5,39.92,5.9,0.4,-55.4
2.358,390.0,39.99,5.9,-0.9,0.4
2.375,390.6,39.82,5.8,-0.1,10.3
2.392,391.1,40.07,5.9,0.3,15.6
2.408,391.2,39.97,5.8,-0.3,2.5
2.425,391.1,40.00,5.8,0.7,36.0
2.442,390.6,40.08,5.9,0.9,5.8
2.459,390.3,40.13,5.9,0.8,-12.1
2.476,389.7,40.17,5.9,0.6,-17.5
2.493,389.6,40.20,5.9,0.2,-23.4
2.509,389.4,40.18,5.9,-0.2,6.1
2.526,389.6,40.17,5.9,0.3,3.5
2.543,390.4,40.34,5.9,0.2,24.5
2.560,391.0,40.36,5.9,0.7,30.3
2.577,391.1,40.57,5.9,1.6,36.9
2.594,391.0,40.74,5.9,1.7,32.9
2.611,390.8,40.94,6.0,2.7,39.4
2.627,390.3,41.30,6.0,3.3,-0.0
2.644,389.5,41.57,6.1,2.6,-52.2
2.661,389.4,41.80,6.1,1.5,-83.9
2.678,389.1,41.88,6.1,-0.2,-106.6
2.695,389.2,41.73,6.1,-2.2,-52.1
2.712,389.7,41.44,6.1,-2.2,-42.9
2.728,390.7,41.39,6.0,-3.0,-6.7
2.745,391.2,40.90,6.0,-3.2,-4.0
2.762,391.0,40.68,5.9,-2.4,41.8
2.779,390.7,40.30,5.9,-2.3,24.6
2.796,390.5,40.09,5.9,-1.3,54.3
2.813,390.0,39.93,5.8,-0.5,22.3
2.829,389.6,39.87,5.8,-0.4,19.7
2.846,389.6,39.79,5.8,-0.1,-20.3
2.863,389.9,39.88,5.8,-0.7,-27.5
2.880,390.1,39.67,5.8,-1.5,-19.5
2.897,390.6,39.59,5.8,-1.1,56.7
2.914,390.9,39.50,5.8,0.2,49.7
2.931,391.1,39.68,5.8,1.0,52.7
2.947,390.8,39.72,5.8,1.5,49.3
2.964,390.5,39.97,5.8,2.9,46.4
2.981,389.8,40.29,5.9,3.1,-34.6
2.998,389.1,40.54,5.9,1.7,-86.8
3.015,389.0,40.60,6.0,-0.0,-85.0
3.032,389.2,40.55,5.9,-1.1,-52.9
3.048,389.3,40.39,5.9,-1.8,-6.5
3.065,389.6,40.18,5.9,-1.4,1.5
3.082,390.4,40.18,5.9,-1.4,11.8
3.099,390.6,39.96,5.8,-1.4,0.4
3.116,390.6,39.87,5.8,-1.1,-11.8
3.133,390.3,39.68,5.8,-1.9,13.0
3.149,389.9,39.35,5.8,-0.9,1.9
3.166,389.4,39.37,5.8,-1.1,8.2
3.183,389.2,39.03,5.7,-1.5,2.1
3.200,389.1,38.99,5.7,-0.4,28.7
3.217,389.4,38.95,5.7,-0.8,9.3
3.234,390.1,38.91,5.7,-0.2,25.2
3.251,390.6,39.01,5.7,0.3,30.6
3.267,390.8,39.05,5.7,0.6,43.1
3.284,390.7,39.16,5.7,1.8,49.9
3.301,390.6,39.45,5.8,2.5,45.1
3.318,390.1,39.67,5.8,3.1,44.7
3.335,389.7,40.06,5.9,4.2,-5.9
3.352,389.4,40.56,5.9,3.1,-82.0
3.368,389.2,40.73,6.0,1.0,-96.4
3.385,389.4,40.80,6.0,-0.1,-30.6
3.402,389.8,40.77,6.0,-0.1,-2.0
3.419,390.5,40.88,6.0,0.1,-21.5
3.436,390.8,40.89,6.0,-0.9,-51.1
3.453,390.9,40.72,5.9,-1.8,-27.7
3.469,390.6,40.45,5.9,-1.8,39.4
3.486,390.5,40.26,5.9,-0.5,51.2
3.503,390.2,40.29,5.9,0.2,21.7
3.520,389.9,40.26,5.9,-0.0,-25.8
3.537,389.8,40.25,5.9,-0.5,-24.1
3.554,389.8,40.12,5.9,-1.0,-39.0
3.571,390.2,40.06,5.9,-1.7,14.0
3.587,390.7,39.84,5.8,-0.9,48.7
3.604,390.9,39.91,5.8,0.5,47.3
3.621,390.9,39.97,5.8,0.5,-4.7
3.638,390.8,40.02,5.8,0.4,37.1
3.655,390.7,40.04,5.9,1.5,23.5
3.672,390.4,40.33,5.9,1.7,-14.5
3.688,389.9,40.35,5.9,0.5,-52.9
3.705,389.8,40.40,5.9,0.1,-29.2
3.722,390.1,40.38,5.9,-0.5,-19.2
3.739,390.3,40.32,5.9,-0.6,-32.4
3.756,390.3,40.28,5.9,-1.4,-35.1
3.773,390.6,40.04,5.9,-2.1,10.4
3.789,390.6,39.82,5.8,-1.0,50.6
3.806,390.6,39.82,5.8,-0.2,21.4
3.823,390.7,39.79,5.8,-0.4,-4.0
3.840,390.4,39.71,5.8,-0.3,1.0
3.857,390.3,39.67,5.8,-0.3,6.2
3.874,389.9,39.59,5.8,-0.2,-2.1
3.891,390.0,39.59,5.8,-0.3,-24.9
3.907,389.9,39.53,5.8,-1.0,-46.7
3.924,390.1,39.37,5.8,-1.9,10.3
3.941,390.1,39.11,5.7,-0.9,12.8
3.958,390.4,39.19,5.7,-0.9,29.8
3.975,390.5,38.95,5.7,-0.7,46.5
3.992,390.5,39.05,5.7,1.3,43.0
4.008,390.3,39.23,5.7,0.8,6.8
4.025,390.2,39.21,5.7,1.0,4.2
4.042,390.0,39.43,5.8,1.5,-17.5
4.059,389.7,39.50,5.8,0.2,-61.9
4.076,390.1,39.48,5.8,-0.7,-39.5
4.093,390.0,39.38,5.8,-1.1,-4.0
4.110,390.3,39.25,5.7,-0.9,9.3
4.126,390.3,39.19,5.7,-0.6,-0.2
4.143,390.4,39.12,5.7,-1.0,-5.9
4.160,390.4,38.98,5.7,-0.9,23.4
4.177,390.5,38.92,5.7,-0.1,40.5
4.194,390.5,38.97,5.7,0.5,20.9
4.211,390.4,39.04,5.7,0.6,29.6
4.227,390.4,39.09,5.7,1.3,-5.9
4.244,390.5,39.37,5.8,0.9,-65.7
4.261,390.5,39.30,5.7,-1.3,-62.4
4.278,390.8,39.09,5.7,-1.4,16.3
4.295,391.0,39.03,5.7,-0.5,23.9
4.312,391.1,39.01,5.7,-0.5,12.0
4.328,391.1,38.91,5.7,-0.3,46.8
4.345,390.9,38.94,5.7,1.1,52.3
4.362,391.0,39.17,5.7,1.7,17.6
4.379,390.6,39.29,5.7,1.5,-2.5
4.396,390.6,39.48,5.8,1.6,6.0
4.413,390.6,39.68,5.8,1.7,-1.7
4.430,390.7,39.89,5.8,1.6,-13.8
4.446,390.8,40.07,5.9,1.2,-44.4
4.463,390.8,40.19,5.9,0.2,-48.0
4.480,390.8,40.12,5.9,-0.6,-12.7
4.497,391.1,40.08,5.9,-0.2,39.5
4.514,390.8,40.08,5.9,0.8,30.8
4.531,390.9,40.24,5.9,1.0,-3.5
4.547,390.9,40.33,5.9,0.5,-18.1
4.564,390.8,40.35,5.9,0.4,-23.8
4.581,390.6,40.38,5.9,-0.1,-46.3
4.598,390.4,40.28,5.9,-1.3,-19.9
4.615,390.5,40.07,5.9,-1.0,6.9
4.632,390.8,40.08,5.9,-0.7,-9.0
4.648,390.9,39.96,5.8,-1.5,-32.6
4.665,390.9,39.74,5.8,-1.8,4.3
4.682,390.8,39.53,5.8,-1.4,32.2
4.699,390.9,39.43,5.8,-0.7,57.0
4.716,391.0,39.39,5.8,0.5,69.0
4.733,390.9,39.53,5.8,1.8,38.2
4.750,390.7,39.77,5.8,1.8,-16.7
4.766,390.5,39.93,5.8,1.1,-34.3
4.783,390.6,40.01,5.8,0.7,-16.0
4.800,390.6,40.08,5.9,0.6,-14.7
4.817,390.3,40.12,5.9,0.2,-22.8
4.834,390.6,40.13,5.9,-0.3,-16.7
4.851,390.9,40.12,5.9,-0.4,22.8
4.867,391.2,40.11,5.9,0.4,25.3
4.884,391.0,40.23,5.9,0.8,0.0
4.901,390.8,40.25,5.9,0.2,-29.0
4.918,390.7,40.26,5.9,-0.2,-28.8
4.935,390.5,40.18,5.9,-0.8,-38.2
4.952,390.3,40.04,5.9,-1.4,-2.9
4.968,390.3,39.82,5.8,-1.0,-5.0
4.985,390.1,39.78,5.8,-1.2,-21.8
5.002,390.2,39.54,5.8,-2.1,-5.6
5.019,390.5,39.32,5.8,-1.4,17.6
5.036,390.5,39.26,5.7,-1.2,32.2
5.053,390.8,39.07,5.7,-0.7,54.5
5.070,390.8,39.11,5.7,1.0,45.3
5.086,390.7,39.28,5.7,0.9,-16.4
5.103,390.6,39.29,5.7,0.2,-10.0
5.120,390.3,39.27,5.7,0.5,9.4
5.137,390.0,39.36,5.8,0.7,-14.7
5.154,389.8,39.38,5.8,-0.1,-37.7
5.171,390.1,39.35,5.8,-0.7,-2.5
5.187,390.0,39.24,5.7,-0.2,42.3
5.204,390.5,39.33,5.8,0.9,36.2
5.221,390.7,39.52,5.8,1.1,8.0
5.238,390.6,39.61,5.8,1.0,9.9
5.255,390.7,39.75,5.8,1.5,37.9
5.272,390.5,39.94,5.8,2.2,0.5
5.288,390.3,40.23,5.9,1.7,-41.5
5.305,389.9,40.28,5.9,0.5,-62.0
5.322,389.7,40.29,5.9,-0.2,-32.4
5.339,390.0,40.24,5.9,-0.7,-9.2
5.356,390.2,40.19,5.9,-0.4,6.3
5.373,390.4,40.18,5.9,-0.4,28.1
5.390,391.0,40.17,5.9,0.3,23.2
5.406,391.0,40.31,5.9,0.7,6.0
5.423,390.8,40.32,5.9,0.3,0.2
5.440,390.7,40.34,5.9,0.7,2.2
5.457,390.4,40.44,5.9,0.5,-25.6
5.474,390.2,40.41,5.9,-0.3,-26.2
5.491,390.1,40.34,5.9,-0.4,-7.6
5.507,390.1,40.32,5.9,-0.4,-30.3
5.524,390.3,40.26,5.9,-1.4,-21.8
5.541,390.7,40.05,5.9,-1.4,7.0
5.558,391.0,40.00,5.8,-0.9,14.3
5.575,391.0,39.89,5.8,-1.0,-15.8
5.592,390.9,39.74,5.8,-1.4,-16.4
5.608,390.7,39.54,5.8,-1.7,-14.1
5.625,390.6,39.33,5.7,-1.8,9.3
5.642,390.3,39.08,5.7,-1.5,35.5
5.659,390.1,38.94,5.7,-0.5,4.5
5.676,390.2,38.94,5.7,-1.1,-10.0
5.693,390.3,38.71,5.7,-1.3,-19.7
5.710,390.6,38.68,5.7,-1.3,11.1
5.726,390.8,38.47,5.6,-1.4,49.4
5.743,390.9,38.39,5.6,0.5,77.3
5.760,391.0,38.60,5.6,1.5,43.4
5.777,390.7,38.73,5.7,1.7,23.5
5.794,390.5,38.94,5.7,2.4,39.2
5.811,390.1,39.23,5.7,3.0,-33.2
5.827,389.7,39.56,5.8,1.5,-61.7
5.844,389.9,39.56,5.8,0.3,-55.2
5.861,390.0,39.68,5.8,0.2,-28.0
5.878,390.3,39.64,5.8,-0.8,-20.0
5.895,390.5,39.53,5.8,-0.6,6.7
5.912,390.6,39.54,5.8,-0.3,16.6
5.928,390.7,39.47,5.8,-0.2,3.4
5.945,390.7,39.49,5.8,-0.0,-2.4
5.962,390.5,39.45,5.8,-0.4,-28.6
5.979,390.1,39.34,5.8,-1.0,-36.3
5.996,389.8,39.16,5.7,-1.7,13.9
6.013,389.8,38.92,5.7,-0.7,0.4
6.030,390.0,39.01,5.7,-1.0,-43.8
6.046,390.5,38.76,5.7,-2.8,-43.3
6.063,390.7,38.43,5.6,-2.4,52.7
6.080,391.0,38.25,5.6,-0.9,63.0
6.097,391.0,38.24,5.6,-0.1,33.7
6.114,391.0,38.22,5.6,0.1,41.7
6.131,390.7,38.22,5.6,1.2,24.8
6.147,390.3,38.43,5.6,1.3,6.2
6.164,389.9,38.43,5.6,0.9,-31.7
6.181,389.8,38.61,5.7,0.6,-28.6
6.198,389.9,38.58,5.7,-0.4,-52.2
6.215,390.3,38.58,5.6,-1.0,-8.0
6.232,390.6,38.43,5.6,-0.9,14.0
6.248,390.9,38.43,5.6,-0.2,25.9
6.265,391.0,38.41,5.6,-0.1,12.5
6.282,390.9,38.41,5.6,0.2,3.9
6.299,390.6,38.43,5.6,0.1,1.2
6.316,390.4,38.38,5.6,0.1,-10.0
6.333,390.3,38.41,5.6,-0.1,-17.0
6.350,390.2,38.35,5.6,-0.6,-6.7
6.366,390.3,38.27,5.6,-0.3,-13.2
6.383,390.2,38.28,5.6,-0.8,7.1
6.400,390.3,38.09,5.6,-0.6,3.3
6.417,390.7,38.20,5.6,-0.1,-3.3
6.434,390.9,38.12,5.6,-1.0,-11.8
6.451,390.9,37.99,5.6,-0.6,13.8
6.467,390.8,37.98,5.6,-0.3,34.3
6.484,390.4,37.87,5.5,0.3,14.9
6.501,390.4,38.01,5.6,0.6,-22.2
6.518,390.4,38.02,5.6,-0.7,-67.7
6.535,390.7,37.88,5.5,-1.7,-94.0
6.552,391.0,37.67,5.5,-3.6,-101.2
6.568,391.0,37.08,5.4,-5.5,-123.2
6.585,391.3,36.43,5.3,-7.4,-98.8
6.602,391.8,35.42,5.2,-9.2,-87.9
6.619,391.9,34.35,5.0,-10.1,-39.1
6.636,391.9,33.09,4.8,-10.7,-17.4
6.653,391.9,31.86,4.6,-10.5,-51.2
6.670,391.8,30.64,4.5,-12.2,-107.7
6.686,391.7,29.02,4.2,-14.6,-159.7
6.703,391.8,27.26,4.0,-17.2,-151.5
6.720,391.8,25.04,3.7,-19.9,-120.2
6.737,392.2,22.66,3.3,-21.2,-39.8
6.754,392.6,20.19,2.9,-21.4,40.3
6.771,392.7,17.74,2.6,-19.9,70.2
6.787,392.8,15.60,2.3,-18.6,-10.8
6.804,392.7,13.43,2.0,-20.2,-35.9
6.821,392.5,10.91,1.6,-20.5,-43.7
6.838,392.4,8.699,1.3,-20.9,25.3
6.855,392.4,6.092,0.9,-20.6,3.8
6.872,392.6,3.951,0.6,-19.7,-40.7
6.888,392.5,1.535,0.2,-22.4,-70.6
6.905,392.3,-1.213,-0.2,-22.6,45.1
6.922,392.8,-3.672,-0.5,-20.4,99.8
6.939,392.9,-5.930,-0.9,-19.2,95.3
6.956,393.3,-8.111,-1.2,-17.4,98.6
6.973,393.2,-9.964,-1.5,-15.6,106.1
6.990,393.0,-11.71,-1.7,-14.1,126.1
7.006,393.1,-13.21,-1.9,-11.3,102.6
7.023,393.1,-14.33,-2.1,-10.2,74.1
7.040,392.8,-15.56,-2.3,-9.4,52.1
7.057,393.0,-16.51,-2.4,-8.0,80.2
7.074,393.1,-17.42,-2.5,-7.0,89.6
7.091,393.4,-18.15,-2.6,-4.9,108.7
7.107,393.7,-18.59,-2.7,-3.2,103.9
7.124,393.9,-18.91,-2.7,-1.6,94.4
7.141,393.8,-18.97,-2.8,0.1,99.1
7.158,393.9,-18.88,-2.7,1.6,98.5
7.175,393.7,-18.58,-2.7,3.5,75.6
7.192,393.8,-18.07,-2.6,4.3,69.0
7.208,393.7,-17.58,-2.6,5.5,82.8
7.225,393.7,-16.80,-2.4,7.4,91.1
7.242,393.9,-15.87,-2.3,8.5,33.4
7.259,394.1,-14.84,-2.2,8.6,47.7
7.276,394.0,-13.88,-2.0,9.7,62.9
7.293,394.3,-12.59,-1.8,11.2,51.9
7.310,394.3,-11.30,-1.6,11.2,26.3
7.326,394.3,-9.980,-1.4,12.0,45.8
7.343,394.0,-8.504,-1.2,12.9,83.3
7.360,393.3,-6.967,-1.0,14.6,87.8
7.377,393.1,-5.111,-0.7,16.2,55.0
7.394,392.8,-3.211,-0.5,16.3,-42.6
7.411,392.9,-1.338,-0.2,14.9,-74.5
7.427,392.7,0.234,0.0,13.5,-18.1
7.444,392.6,1.773,0.3,14.3,29.2
7.461,392.5,3.537,0.5,14.8,-0.2
7.478,392.4,5.192,0.8,14.1,6.4
7.495,392.6,6.785,1.0,15.0,-18.3
7.512,392.1,8.618,1.3,14.1,-61.6
7.528,392.2,10.02,1.5,12.1,-90.6
7.545,391.9,11.41,1.7,11.4,30.5
7.562,391.5,12.63,1.8,12.7,-18.0
7.579,391.3,14.31,2.1,11.8,-85.4
7.596,391.3,15.35,2.2,8.7,-145.8
7.613,391.3,16.32,2.4,7.4,-54.6
7.630,391.5,17.06,2.5,6.6,-49.0
7.646,391.3,17.84,2.6,6.1,-37.2
7.663,391.4,18.46,2.7,5.1,-52.8
7.680,391.5,19.03,2.8,4.4,-75.5
7.697,391.5,19.49,2.9,2.7,-72.1
7.714,391.3,19.64,2.9,1.7,-43.6
7.731,391.5,19.87,2.9,1.5,-23.7
7.747,391.4,19.99,2.9,0.7,-76.9
7.764,391.4,20.04,2.9,-0.9,-97.7
7.781,391.5,19.79,2.9,-2.8,-102.9
7.798,391.4,19.39,2.8,-4.2,-72.0
7.815,391.7,18.81,2.8,-5.4,-59.1
7.832,391.8,18.18,2.7,-6.1,-30.9
7.848,391.8,17.41,2.5,-6.5,-42.5
7.865,391.7,16.67,2.4,-7.3,-38.8
7.882,391.8,15.72,2.3,-8.1,-20.2
7.899,391.9,14.80,2.2,-7.9,0.5
7.916,391.8,13.91,2.0,-8.0,-40.4
7.933,391.8,12.95,1.9,-9.2,-4.3
7.950,391.8,11.79,1.7,-8.6,-31.0
7.966,392.0,10.98,1.6,-9.4,-72.5
7.983,392.1,9.637,1.4,-11.9,-75.3
8.000,392.4,8.250,1.2,-11.7,56.0
8.017,392.6,6.950,1.0,-10.0,73.0
8.034,392.8,5.942,0.9,-8.9,5.0
8.051,392.7,4.896,0.7,-9.9,-19.9
8.067,392.5,3.642,0.5,-9.9,-15.1
8.084,392.4,2.600,0.4,-9.9,20.4
8.101,392.4,1.348,0.2,-9.8,12.9
8.118,392.4,0.341,0.0,-9.0,67.8
8.135,392.4,-0.735,-0.1,-7.9,17.3
8.152,392.4,-1.491,-0.2,-7.8,3.6
8.168,392.4,-2.540,-0.4,-8.5,3.5
8.185,392.6,-3.447,-0.5,-7.4,103.2
8.202,392.7,-4.253,-0.6,-5.2,77.2
8.219,392.5,-4.649,-0.7,-4.3,46.1
8.236,392.4,-5.231,-0.8,-4.3,35.6
8.253,392.4,-5.628,-0.8,-2.8,66.4
8.270,392.2,-5.875,-0.9,-2.0,15.5
8.286,392.2,-6.081,-0.9,-2.3,-17.2
8.303,392.1,-6.393,-0.9,-2.7,7.9
8.320,392.2,-6.706,-1.0,-2.0,39.2
8.337,392.3,-6.862,-1.0,-1.2,83.3
8.354,392.6,-6.992,-1.0,0.5,83.0
8.371,392.7,-6.753,-1.0,2.0,44.4
8.387,392.6,-6.524,-1.0,1.8,10.5
8.404,392.5,-6.339,-0.9,2.2,54.3
8.421,392.3,-6.003,-0.9,3.7,29.7
8.438,392.0,-5.478,-0.8,3.5,15.2
8.455,392.1,-5.189,-0.8,3.7,12.3
8.472,391.9,-4.634,-0.7,4.5,74.7
8.488,392.0,-4.163,-0.6,5.7,11.2
8.505,392.0,-3.327,-0.5,5.5,-3.5
8.522,392.4,-2.884,-0.4,4.7,17.9
8.539,392.4,-2.240,-0.3,6.5,62.8
8.556,392.7,-1.381,-0.2,7.0,20.4
8.573,392.7,-0.614,-0.1,6.9,-25.3
8.590,392.4,0.217,0.0,6.4,-0.8
8.606,392.2,0.871,0.1,6.5,20.0
8.623,392.1,1.718,0.3,7.4,8.5
8.640,392.0,2.587,0.4,6.8,-19.4
8.657,392.1,3.289,0.5,6.5,-32.8
8.674,392.2,4.090,0.6,6.1,-41.2
8.691,392.5,4.691,0.7,4.9,12.7
8.707,392.7,5.217,0.8,6.3,17.8
8.724,392.7,6.141,0.9,6.3,-31.7
8.741,392.8,6.661,1.0,4.5,-7.6
8.758,392.3,7.164,1.0,6.0,37.3
8.775,392.4,8.041,1.2,6.4,-44.4
8.792,392.1,8.624,1.3,4.1,-78.4
8.808,392.0,8.973,1.3,3.5,-35.0
8.825,392.0,9.435,1.4,3.3,-12.5
8.842,392.3,9.737,1.4,2.8,-6.0
8.859,392.4,10.09,1.5,3.2,-46.7
8.876,392.6,10.49,1.5,1.5,-81.6
8.893,392.6,10.45,1.5,-0.1,-60.4
8.910,392.7,10.46,1.5,-0.1,-5.3
8.926,392.6,10.41,1.5,-0.4,2.2
8.943,392.6,10.36,1.5,-0.1,-9.4
8.960,392.3,10.39,1.5,-0.5,-25.7
8.977,392.2,10.23,1.5,-1.2,-59.1
8.994,392.2,10.10,1.5,-2.2,-88.6
9.011,392.4,9.725,1.4,-4.4,-30.6
9.027,392.5,9.095,1.3,-3.7,38.4
9.044,392.9,8.889,1.3,-2.3,-9.1
9.061,393.1,8.567,1.2,-4.2,-89.1
9.078,393.5,7.935,1.2,-5.7,14.2
9.095,393.4,7.266,1.1,-3.8,44.1
9.112,393.3,7.049,1.0,-3.4,-37.7
9.128,393.1,6.478,0.9,-5.7,-44.0
9.145,393.1,5.732,0.8,-5.0,9.2
9.162,393.1,5.307,0.8,-4.7,-48.1
9.179,393.0,4.641,0.7,-7.0,-58.8
9.196,393.3,3.689,0.5,-7.1,-0.6
9.213,393.4,3.009,0.4,-6.4,19.5
9.230,393.6,2.203,0.3,-6.8,31.3
9.246,393.8,1.444,0.2,-5.4,65.0
9.263,393.5,0.951,0.1,-4.3,5.1
9.280,393.5,0.454,0.1,-5.3,0.1
9.297,393.3,-0.267,-0.0,-4.8,27.4
9.314,393.2,-0.646,-0.1,-3.7,34.6
9.331,393.1,-1.127,-0.2,-4.0,-25.7
9.347,393.0,-1.561,-0.2,-4.4,-2.4
9.364,393.4,-2.140,-0.3,-4.3,32.8
9.381,393.3,-2.566,-0.4,-3.1,54.4
9.398,393.6,-2.855,-0.4,-2.4,29.2
9.415,393.6,-3.132,-0.5,-2.2,1.1
9.432,393.4,-3.364,-0.5,-2.3,7.9
9.448,393.3,-3.664,-0.5,-2.1,43.2
9.465,393.2,-3.852,-0.6,-0.8,51.5
9.482,393.0,-3.844,-0.6,-0.2,34.8
9.499,393.1,-3.892,-0.6,0.1,40.9
9.516,392.9,-3.816,-0.6,1.3,14.0
9.533,393.2,-3.594,-0.5,0.9,-24.6
9.550,393.1,-3.620,-0.5,0.0,1.2
9.566,393.3,-3.590,-0.5,1.0,56.5
9.583,393.5,-3.388,-0.5,2.1,79.6
9.600,393.5,-3.115,-0.5,3.5,20.2
9.617,393.2,-2.574,-0.4,3.2,4.6
9.634,393.2,-2.366,-0.3,2.9,38.8
9.651,392.9,-1.895,-0.3,4.9,76.9
9.667,393.0,-1.223,-0.2,5.6,1.7
9.684,392.9,-0.593,-0.1,4.9,-18.4
9.701,393.1,-9.109E-2,-0.0,4.8,10.0
9.718,393.2,0.520,0.1,5.4,-4.5
9.735,393.4,1.165,0.2,4.8,-52.6
9.752,393.4,1.620,0.2,3.5,27.3
9.768,393.5,1.969,0.3,5.3,68.1
9.785,393.3,2.851,0.4,6.6,33.8
9.802,393.1,3.501,0.5,5.8,-26.6
9.819,393.0,4.194,0.6,5.9,-23.3
9.836,393.1,4.875,0.7,5.1,-1.8
9.853,392.8,5.371,0.8,5.5,-9.3
9.870,392.9,6.144,0.9,5.4,-29.0
9.886,393.2,6.629,1.0,4.0,-65.8
9.903,393.4,7.082,1.0,3.4,-20.7
9.920,393.4,7.421,1.1,3.2,27.3
9.937,393.7,7.823,1.1,4.3,-1.8
9.954,393.4,8.424,1.2,3.6,-24.5
9.971,393.3,8.643,1.3,2.8,-51.2
9.987,393.2,9.062,1.3,2.5,-7.6
10.004,393.0,9.215,1.3,2.0,-24.0
10.021,393.0,9.513,1.4,2.1,-49.0
10.038,393.0,9.702,1.4,0.3,-78.6
10.055,393.5,9.593,1.4,-0.9,-52.4
10.072,393.4,9.508,1.4,-1.2,-17.5
10.088,393.7,9.327,1.4,-1.6,18.0
10.105,393.9,9.144,1.3,-0.6,12.5
10.122,393.7,9.179,1.3,-0.8,-16.5
10.139,393.7,8.964,1.3,-1.7,-19.6
10.156,393.8,8.794,1.3,-1.2,-11.1
10.173,393.3,8.665,1.3,-1.9,-42.0
10.190,393.3,8.348,1.2,-2.9,-51.3
10.206,393.4,7.993,1.2,-3.5,-35.9
10.223,393.5,7.546,1.1,-4.2,-27.3
10.240,393.6,7.031,1.0,-4.4,8.0
10.257,393.7,6.523,0.9,-3.9,-24.0
10.274,393.9,6.128,0.9,-4.9,-27.5
10.291,394.0,5.392,0.8,-5.5,-2.2
10.307,394.1,4.866,0.7,-4.5,40.3
10.324,394.1,4.347,0.6,-4.3,-0.2
10.341,394.1,3.880,0.6,-4.4,-21.6
10.358,394.0,3.325,0.5,-5.1,-31.8
10.375,393.9,2.702,0.4,-5.5,-14.9
10.392,394.3,2.054,0.3,-5.6,3.3
10.408,394.3,1.412,0.2,-5.4,30.0
10.425,394.6,0.808,0.1,-4.6,-6.4
10.442,394.4,0.343,0.0,-5.3,-20.3
10.459,394.3,-0.413,-0.1,-5.8,18.9
10.476,394.4,-1.010,-0.1,-4.4,76.9
10.493,394.1,-1.424,-0.2,-3.2,29.3
10.510,394.2,-1.746,-0.3,-3.3,27.1
10.526,394.3,-2.190,-0.3,-2.6,17.6
10.543,393.9,-2.357,-0.3,-2.2,18.0
10.560,394.1,-2.696,-0.4,-2.5,-10.0
10.577,394.2,-2.933,-0.4,-2.3,19.7
10.594,394.6,-3.225,-0.5,-2.0,31.4
10.611,394.2,-3.399,-0.5,-1.1,11.8
10.627,394.0,-3.475,-0.5,-1.4,11.7
10.644,394.2,-3.735,-0.5,-1.1,40.6
10.661,394.2,-3.741,-0.5,0.3,63.1
10.678,394.1,-3.667,-0.5,0.9,24.5
10.695,394.1,-3.533,-0.5,1.1,6.9
10.712,394.0,-3.402,-0.5,1.1,32.3
10.728,394.2,-3.280,-0.5,2.1,44.6
10.745,394.1,-2.924,-0.4,2.9,10.7
10.762,394.1,-2.606,-0.4,2.3,-15.7
10.779,394.1,-2.391,-0.3,2.2,45.1
10.796,394.3,-2.092,-0.3,3.8,22.3
10.813,394.2,-1.507,-0.2,3.5,22.8
10.830,394.5,-1.282,-0.2,3.7,28.3
10.846,394.2,-0.646,-0.1,5.2,54.6
10.863,394.1,-7.386E-2,-0.0,5.2,-14.1
10.880,393.8,0.556,0.1,4.9,14.9
10.897,394.0,1.066,0.2,5.4,-6.9
10.914,394.2,1.800,0.3,5.2,-22.3
10.931,393.9,2.270,0.3,4.1,-8.1
10.947,394.1,2.760,0.4,5.0,18.8
10.964,394.0,3.428,0.5,5.1,27.1
10.981,394.2,3.939,0.6,5.4,-44.0
10.998,394.1,4.692,0.7,4.3,-41.4
11.015,394.2,4.940,0.7,3.1,-2.1
11.032,394.1,5.419,0.8,4.8,52.4
11.048,394.2,6.043,0.9,5.0,-9.6
11.065,394.1,6.575,1.0,4.3,-50.2
11.082,394.2,7.036,1.0,3.3,-54.8
11.099,393.9,7.348,1.1,2.4,-43.9
11.116,394.2,7.583,1.1,1.9,-19.3
11.133,394.5,7.792,1.1,1.7,-2.7
11.150,394.2,7.985,1.2,1.8,28.2
11.166,394.3,8.200,1.2,2.6,-31.2
11.183,394.0,8.582,1.2,1.2,-49.2
11.200,394.2,8.484,1.2,0.1,-37.7
11.217,394.3,8.610,1.3,0.6,-4.1
11.234,394.0,8.622,1.3,-0.3,-38.5
11.251,394.1,8.545,1.2,-0.7,-34.0
11.267,394.1,8.454,1.2,-1.3,-33.2
11.284,394.1,8.247,1.2,-2.0,-20.9
11.301,394.4,8.006,1.2,-2.0,15.2
11.318,394.5,7.793,1.1,-1.4,-31.2
11.335,394.2,7.669,1.1,-2.7,-34.4
11.352,394.4,7.163,1.0,-3.3,-3.3
11.368,394.4,6.908,1.0,-2.3,9.3
11.385,394.2,6.637,1.0,-3.0,-30.0
11.402,394.4,6.201,0.9,-3.5,-7.7
11.419,394.4,5.827,0.8,-3.1,22.1
11.436,394.3,5.472,0.8,-2.8,-32.4
11.453,394.1,5.171,0.8,-4.0,-46.6
11.470,394.2,4.549,0.7,-4.9,-29.3
11.486,394.5,4.043,0.6,-4.6,5.6
11.503,394.3,3.485,0.5,-4.8,17.6
11.520,394.5,2.924,0.4,-4.1,9.6
11.537,394.2,2.537,0.4,-4.2,20.5
11.554,394.3,1.958,0.3,-3.9,9.5
11.571,394.3,1.632,0.2,-3.3,34.1
11.587,394.2,1.184,0.2,-3.2,6.4
11.604,394.3,0.900,0.1,-2.8,-21.4
11.621,394.2,0.536,0.1,-4.0,-40.1
11.638,394.1,-1.822E-2,-0.0,-4.4,12.2
11.655,394.0,-0.481,-0.1,-3.4,35.1
11.672,394.1,-0.807,-0.1,-3.1,40.5
11.688,394.5,-1.192,-0.2,-2.3,19.0
11.705,394.3,-1.348,-0.2,-2.0,14.7
11.722,394.4,-1.658,-0.2,-2.2,29.4
11.739,394.2,-1.864,-0.3,-0.9,68.2
11.756,394.3,-1.872,-0.3,0.2,1.3
11.773,394.1,-1.814,-0.3,-0.8,-0.6
11.790,394.2,-2.046,-0.3,-0.4,10.2
11.806,394.1,-1.912,-0.3,0.3,33.4
11.823,394.1,-1.967,-0.3,0.2,-3.4
11.840,394.2,-1.876,-0.3,0.6,29.3
11.857,394.2,-1.840,-0.3,0.9,-3.8
11.874,394.4,-1.669,-0.2,0.7,18.8
11.891,394.4,-1.671,-0.2,1.1,30.8
11.907,394.3,-1.418,-0.2,2.2,49.5
11.924,394.3,-1.163,-0.2,2.5,23.5
11.941,394.2,-0.829,-0.1,3.1,13.5
11.958,393.9,-0.455,-0.1,3.0,26.0
11.975,394.1,-0.127,-0.0,3.7,-15.7
11.992,394.0,0.407,0.1,3.0,-46.0
12.008,394.0,0.570,0.1,1.6,6.4
12.025,394.4,0.770,0.1,3.3,43.7
12.042,394.4,1.331,0.2,3.6,14.2
12.059,394.0,1.610,0.2,3.1,-2.4
12.076,394.2,2.047,0.3,3.9,26.1
12.093,394.3,2.514,0.4,3.9,24.0
12.110,394.2,2.958,0.4,4.6,-11.8
12.126,394.0,3.567,0.5,3.9,-60.8
12.143,394.1,3.870,0.6,2.1,4.3
12.160,393.8,4.050,0.6,3.8,41.8
12.177,394.1,4.754,0.7,4.4,-15.1
12.194,394.3,5.085,0.7,2.6,-70.0
12.211,394.1,5.349,0.8,2.2,-23.4
12.227,394.2,5.603,0.8,1.9,31.0
12.244,394.5,5.784,0.8,3.0,17.3
12.261,394.2,6.296,0.9,3.1,0.7
12.278,394.2,6.496,0.9,2.3,-11.2
12.295,394.2,6.835,1.0,3.0,-3.6
12.312,394.0,7.202,1.0,2.3,-70.7
12.329,394.1,7.363,1.1,0.5,-62.6
12.345,394.0,7.321,1.1,0.0,-30.9
12.362,394.0,7.365,1.1,-0.2,-1.8
12.379,394.4,7.278,1.1,-0.3,-12.7
12.396,394.5,7.295,1.1,-0.4,4.1
12.413,394.5,7.198,1.0,-0.5,11.3
12.430,394.6,7.190,1.0,0.2,-3.0
12.446,394.3,7.234,1.1,-0.4,-26.9
12.463,394.1,7.083,1.0,-1.0,-6.9
12.480,394.3,6.991,1.0,-0.5,-17.8
12.497,394.2,6.966,1.0,-1.4,-53.3
12.514,394.1,6.659,1.0,-2.7,-75.9
12.531,394.2,6.341,0.9,-3.7,-14.2
12.547,394.6,5.813,0.8,-3.6,29.6
12.564,394.4,5.516,0.8,-2.3,50.0
12.581,394.5,5.278,0.8,-2.0,7.8
12.598,394.3,5.054,0.7,-2.0,-6.5
12.615,394.5,4.808,0.7,-2.2,-15.5
12.632,394.2,4.536,0.7,-2.5,-27.3
12.649,394.2,4.219,0.6,-3.1,-17.7
12.665,394.1,3.807,0.6,-3.3,11.8
12.682,394.2,3.465,0.5,-2.6,-9.4
12.699,394.3,3.196,0.5,-3.4,-49.3
12.716,394.4,2.684,0.4,-4.6,-38.0
12.733,394.5,2.126,0.3,-4.6,14.5
12.750,394.3,1.618,0.2,-4.1,68.4
12.766,394.4,1.180,0.2,-2.4,69.3
12.783,394.4,1.054,0.2,-1.4,36.0
12.800,394.2,0.865,0.1,-1.5,-12.2
12.817,394.3,0.704,0.1,-1.7,-14.1
12.834,394.1,0.481,0.1,-2.1,-9.4
12.851,394.2,0.226,0.0,-2.0,4.3
12.867,394.3,1.702E-2,0.0,-1.8,5.5
12.884,394.4,-0.200,-0.0,-1.9,-0.2
12.901,394.3,-0.413,-0.1,-1.8,-0.0
12.918,394.3,-0.625,-0.1,-1.9,31.8
12.935,394.4,-0.843,-0.1,-0.9,46.4
12.952,394.3,-0.835,-0.1,0.0,35.9
12.969,394.3,-0.842,-0.1,0.1,-23.7
12.985,394.0,-0.807,-0.1,-0.6,22.4
13.002,393.8,-0.982,-0.1,0.3,25.0
13.019,393.8,-0.733,-0.1,1.0,7.0
13.036,393.9,-0.740,-0.1,-0.0,-22.1
13.053,394.0,-0.739,-0.1,0.4,3.5
13.070,394.1,-0.645,-0.1,0.3,22.4
13.086,394.1,-0.675,-0.1,0.8,23.2
13.103,394.1,-0.459,-0.1,1.5,32.4
13.120,394.2,-0.329,-0.0,1.6,35.0
13.137,394.3,-9.446E-2,-0.0,2.8,28.9
13.154,394.0,0.309,0.0,2.8,-11.3
13.171,394.0,0.552,0.1,2.1,-0.2
13.187,394.1,0.789,0.1,2.8,13.0
13.204,394.2,1.194,0.2,2.8,-28.9
13.221,394.1,1.442,0.2,1.6,-26.7
13.238,394.1,1.560,0.2,1.7,60.3
13.255,394.4,1.848,0.3,3.7,41.1
13.272,394.3,2.424,0.4,3.6,-34.8
13.289,394.2,2.678,0.4,2.0,-23.7
13.305,394.4,2.890,0.4,2.8,36.1
13.322,394.1,3.323,0.5,3.6,41.6
13.339,394.2,3.713,0.5,3.9,-44.1
13.356,394.0,4.229,0.6,2.5,-10.8
13.373,393.8,4.296,0.6,2.6,-4.7
13.390,394.1,4.837,0.7,3.4,8.3
13.406,394.1,5.090,0.7,2.2,-45.8
13.423,394.3,5.361,0.8,2.1,-22.5
13.440,394.2,5.576,0.8,1.5,-16.5
13.457,394.2,5.701,0.8,1.4,12.9
13.474,394.2,5.903,0.9,2.0,26.6
13.491,394.2,6.169,0.9,2.3,-13.2
13.507,394.0,6.440,0.9,1.6,-54.3
13.524,394.0,6.548,1.0,0.4,-21.8
13.541,394.0,6.527,0.9,0.7,14.5
13.558,394.3,6.722,1.0,1.3,15.8
13.575,394.4,6.825,1.0,1.0,-22.2
13.592,394.4,6.955,1.0,0.7,-12.2
13.609,394.4,6.979,1.0,0.4,-62.8
13.625,394.4,7.049,1.0,-1.1,-16.3
13.642,394.6,6.731,1.0,-0.9,30.4
13.659,394.5,6.838,1.0,0.7,26.5
13.676,394.4,6.900,1.0,-0.2,-54.5
13.693,394.3,6.780,1.0,-1.3,-66.7
13.710,394.1,6.604,1.0,-2.3,-27.0
13.726,394.3,6.245,0.9,-2.5,-0.5
13.743,394.3,6.037,0.9,-2.0,22.2
13.760,394.6,5.787,0.8,-1.9,-32.3
13.777,394.4,5.597,0.8,-2.8,-27.8
13.794,394.4,5.136,0.7,-3.3,-2.8
13.811,394.5,4.828,0.7,-2.6,8.7
13.827,394.3,4.542,0.7,-3.0,-13.6
13.844,394.3,4.129,0.6,-3.2,24.6
13.861,394.4,3.793,0.6,-2.1,16.5
13.878,394.0,3.635,0.5,-2.4,-34.1
13.895,394.3,3.246,0.5,-3.6,-50.4
13.912,394.5,2.796,0.4,-4.0,2.8
13.929,394.5,2.327,0.3,-3.6,19.3
13.945,394.5,1.963,0.3,-3.2,14.8
13.962,394.2,1.590,0.2,-3.2,12.2
13.979,394.4,1.227,0.2,-2.8,31.8
13.996,394.5,0.943,0.1,-2.1,32.4
14.013,394.4,0.749,0.1,-1.6,2.6
14.030,394.2,0.561,0.1,-2.0,-5.3
14.046,394.1,0.291,0.0,-2.0,-6.0
14.063,394.0,0.103,0.0,-2.0,13.0
14.080,394.7,-0.166,-0.0,-1.8,-12.9
14.097,394.1,-0.307,-0.0,-2.1,-7.9
14.114,394.2,-0.648,-0.1,-2.4,29.2
14.131,394.1,-0.871,-0.1,-1.0,41.8
14.147,394.2,-0.872,-0.1,-0.7,32.0
14.164,394.2,-1.038,-0.2,-0.4,32.8
14.181,394.2,-0.960,-0.1,0.8,52.9
14.198,394.2,-0.858,-0.1,1.2,-13.4
14.215,394.0,-0.675,-0.1,0.6,-15.8
14.232,394.3,-0.729,-0.1,0.3,18.9
14.249,394.1,-0.617,-0.1,1.5,2.8
14.265,394.0,-0.387,-0.1,0.6,-10.9
14.282,394.1,-0.481,-0.1,0.5,33.7
14.299,394.3,-0.282,-0.0,2.2,58.4
14.316,394.4,3.130E-2,0.0,2.4,0.0
14.333,394.3,0.280,0.0,2.1,-19.7
14.350,394.3,0.512,0.1,1.8,7.2
14.366,394.2,0.698,0.1,2.2,18.2
14.383,394.2,1.019,0.1,2.6,36.8
14.400,394.2,1.308,0.2,3.2,19.3
14.417,394.1,1.761,0.3,3.6,-13.4
14.434,394.1,2.131,0.3,2.6,-12.5
14.451,394.0,2.370,0.3,2.9,19.5
14.467,394.5,2.807,0.4,3.6,-2.8
14.484,394.1,3.210,0.5,2.8,-29.1
14.501,394.1,3.444,0.5,2.4,13.7
14.518,394.5,3.769,0.5,3.4,41.9
14.535,394.1,4.221,0.6,3.9,-31.0
14.552,394.1,4.673,0.7,2.4,-24.2
14.569,394.4,4.787,0.7,2.5,-4.7
14.585,394.2,5.247,0.8,3.1,-11.0
14.602,394.1,5.490,0.8,1.7,-67.0
14.619,394.1,5.634,0.8,0.9,-46.5
14.636,394.1,5.689,0.8,0.1,-15.2
14.653,394.0,5.659,0.8,0.2,43.7
14.670,394.5,5.748,0.8,1.6,35.8
14.686,394.4,6.045,0.9,1.8,-17.4
14.703,394.3,6.152,0.9,0.7,-21.7
14.720,394.4,6.210,0.9,1.0,-17.6
14.737,394.3,6.384,0.9,0.4,-23.3
14.754,394.3,6.312,0.9,-0.2,-21.2
14.771,394.1,6.331,0.9,0.0,-23.1
14.787,394.2,6.316,0.9,-1.0,-56.9
14.804,394.3,6.108,0.9,-2.1,-3.7
14.821,394.4,5.839,0.8,-1.2,14.4
14.838,394.3,5.826,0.8,-1.1,-25.7
14.855,394.4,5.587,0.8,-2.5,-45.8
14.872,394.5,5.256,0.8,-2.6,35.2
14.889,394.5,4.978,0.7,-1.3,31.6
14.905,394.6,4.952,0.7,-1.2,7.2
14.922,394.4,4.709,0.7,-1.6,-60.8
14.939,394.2,4.584,0.7,-2.7,-38.4
14.956,394.2,4.083,0.6,-3.5,-39.4
14.973,394.3,3.770,0.5,-3.4,20.0
14.990,394.2,3.284,0.5,-3.3,28.9
15.006,394.5,3.007,0.4,-2.2,26.3
15.023,394.3,2.786,0.4,-2.4,-37.2
15.040,394.3,2.451,0.4,-3.5,-23.7
15.057,394.5,1.976,0.3,-3.4,9.3
15.074,394.4,1.664,0.2,-2.9,25.4
15.091,394.2,1.310,0.2,-2.7,13.1
15.107,394.3,1.029,0.1,-2.3,24.5
15.124,394.2,0.771,0.1,-2.0,-20.7
15.141,394.1,0.573,0.1,-2.8,-17.9
15.158,394.3,0.121,0.0,-3.0,14.6
15.175,394.3,-0.132,-0.0,-1.9,15.3
15.192,394.2,-0.330,-0.0,-2.5,-12.6
15.209,394.4,-0.706,-0.1,-2.7,34.1
15.225,394.4,-0.956,-0.1,-1.2,83.9
15.242,394.4,-0.984,-0.1,0.2,24.2
15.259,394.1,-0.898,-0.1,-0.2,-0.2
15.276,394.5,-1.041,-0.2,-0.2,-34.4
15.293,394.2,-0.956,-0.1,-0.8,16.9
15.310,394.2,-1.218,-0.2,-0.5,23.0
15.326,393.9,-1.070,-0.2,0.8,47.2
15.343,394.0,-1.032,-0.2,0.7,-13.8
15.360,394.3,-0.918,-0.1,0.6,1.2
15.377,394.4,-0.904,-0.1,0.5,26.7
15.394,394.4,-0.808,-0.1,1.5,3.8
15.411,394.0,-0.551,-0.1,0.9,-10.9
15.427,394.0,-0.590,-0.1,0.6,8.1
15.444,394.1,-0.421,-0.1,1.6,60.9
15.461,394.2,-0.214,-0.0,2.4,19.0
15.478,394.1,0.144,0.0,2.5,-32.4
15.495,394.0,0.368,0.1,1.2,-38.7
15.512,394.0,0.421,0.1,1.0,7.0
15.529,394.0,0.600,0.1,1.7,40.9
15.545,394.2,0.810,0.1,2.3,20.9
15.562,394.2,1.127,0.2,2.5,6.2
15.579,394.2,1.394,0.2,2.3,13.4
15.596,394.2,1.670,0.2,2.9,20.1
15.613,394.2,2.075,0.3,3.2,2.9
15.630,394.2,2.416,0.4,2.9,-5.8
15.646,394.1,2.743,0.4,3.0,-12.6
15.663,394.2,3.114,0.5,2.6,-37.6
15.680,394.1,3.347,0.5,1.6,-14.4
15.697,394.3,3.488,0.5,2.0,13.8
15.714,394.4,3.809,0.6,2.4,11.1
15.731,394.4,4.047,0.6,2.1,-29.2
15.747,394.4,4.303,0.6,1.6,-30.2
15.764,394.4,4.414,0.6,0.9,-39.2
15.781,394.1,4.515,0.7,0.4,-2.7
15.798,393.8,4.503,0.7,0.6,-30.0
15.815,393.7,4.650,0.7,-0.1,-9.9
15.832,393.7,4.471,0.7,-0.4,-1.2
15.849,393.6,4.558,0.7,0.4,-3.2
15.865,393.5,4.563,0.7,-0.7,-24.3
15.882,393.7,4.406,0.6,-0.7,-11.7
15.899,393.8,4.412,0.6,-0.7,8.6
15.916,393.6,4.254,0.6,-0.8,14.4
15.933,393.6,4.233,0.6,0.1,-8.3
15.950,393.6,4.269,0.6,-0.9,-10.2
15.966,393.4,4.027,0.6,-0.8,15.7
15.983,393.6,4.076,0.6,0.2,-12.4
16.000,393.4,4.074,0.6,-1.3,-50.0
16.017,393.5,3.773,0.5,-1.9,-39.5
16.034,393.3,3.629,0.5,-2.1,-6.0
16.051,393.6,3.282,0.5,-2.5,6.9
16.067,393.4,3.041,0.4,-1.7,26.7
16.084,393.5,2.891,0.4,-1.6,-21.2
16.101,393.4,2.679,0.4,-2.4,-12.6
16.118,393.5,2.325,0.3,-2.2,24.1
16.135,393.5,2.160,0.3,-1.3,12.6
16.152,393.4,2.019,0.3,-1.8,-8.0
16.169,393.6,1.739,0.3,-1.9,-19.8
16.185,393.3,1.588,0.2,-2.1,-2.3
16.202,393.4,1.247,0.2,-2.3,5.5
16.219,393.2,1.046,0.2,-1.7,21.7
16.236,393.6,0.864,0.1,-1.7,-18.2
16.253,393.7,0.662,0.1,-2.2,-17.0
16.270,393.6,0.346,0.1,-2.4,34.8
16.286,393.6,0.103,0.0,-1.1,42.7
16.303,393.6,0.102,0.0,-0.6,-10.8
16.320,393.4,-4.303E-2,-0.0,-1.7,-49.9
16.337,393.3,-0.287,-0.0,-2.3,8.3
16.354,393.1,-0.579,-0.1,-1.5,20.9
16.371,393.4,-0.645,-0.1,-1.2,33.1
16.387,393.3,-0.860,-0.1,-0.9,0.2
16.404,393.5,-0.851,-0.1,-0.7,26.8
16.421,393.5,-1.027,-0.1,-0.5,22.2
16.438,393.5,-0.967,-0.1,0.4,30.1
16.455,393.5,-0.924,-0.1,0.3,-5.8
16.472,393.5,-0.887,-0.1,0.3,-5.9
16.489,393.2,-0.863,-0.1,0.1,-8.4
16.505,393.2,-0.852,-0.1,-0.0,-1.7
16.522,393.5,-0.866,-0.1,0.0,37.0
16.539,393.4,-0.843,-0.1,1.2,12.7
16.556,393.4,-0.598,-0.1,0.9,-26.1
16.573,393.4,-0.636,-0.1,-0.2,-3.7
16.590,393.3,-0.649,-0.1,0.8,17.6
16.606,393.4,-0.442,-0.1,0.8,16.7
16.623,393.4,-0.469,-0.1,0.8,41.1
16.640,393.5,-0.251,-0.0,2.5,40.2
16.657,393.2,0.112,0.0,2.3,-7.8
16.674,393.2,0.284,0.0,1.9,-51.6
16.691,393.0,0.544,0.1,1.0,-14.6
16.707,393.3,0.512,0.1,0.8,15.9
16.724,393.5,0.732,0.1,2.0,40.5
16.741,393.4,0.974,0.1,2.0,6.8
16.758,393.5,1.206,0.2,2.2,-16.9
16.775,393.5,1.477,0.2,1.6,-24.6
16.792,393.4,1.584,0.2,1.1,-3.5
16.809,393.6,1.731,0.3,1.6,48.5
16.825,393.4,1.958,0.3,2.7,19.9
16.842,393.3,2.354,0.3,2.6,-24.0
16.859,393.5,2.552,0.4,1.6,-36.1
16.876,393.5,2.717,0.4,1.4,24.5
16.893,393.5,2.885,0.4,2.3,-9.0
16.910,393.4,3.246,0.5,1.6,-45.3
16.926,393.4,3.251,0.5,0.2,-17.1
16.943,393.4,3.289,0.5,1.2,14.8
16.960,393.2,3.517,0.5,1.0,-20.7
16.977,393.2,3.527,0.5,0.1,-41.5
16.994,393.3,3.533,0.5,-0.2,14.3
17.011,393.3,3.482,0.5,0.4,5.1
17.027,393.5,3.620,0.5,0.4,-14.2
17.044,393.5,3.567,0.5,-0.5,-26.3
17.061,393.3,3.512,0.5,-0.4,2.9
17.078,393.4,3.470,0.5,-0.4,4.5
17.095,393.4,3.431,0.5,-0.3,-0.2
17.112,393.5,3.407,0.5,-0.3,-0.5
17.129,393.4,3.355,0.5,-0.3,2.2
17.145,393.4,3.325,0.5,-0.2,-3.4
17.162,393.4,3.304,0.5,-0.4,-6.3
17.179,393.5,3.227,0.5,-0.5,4.1
17.196,393.4,3.182,0.5,-0.2,-26.2
17.213,393.3,3.171,0.5,-1.2,1.6
17.230,393.6,2.900,0.4,-0.8,4.0
17.246,393.5,2.998,0.4,-0.3,-7.9
17.263,393.4,2.828,0.4,-1.6,-37.2
17.280,393.4,2.635,0.4,-1.5,-0.8
17.297,393.6,2.493,0.4,-1.5,-2.7
17.314,393.4,2.292,0.3,-1.7,22.6
17.331,393.5,2.108,0.3,-0.8,21.3
17.347,393.4,2.111,0.3,-0.6,-10.2
17.364,393.3,1.962,0.3,-1.4,-23.8
17.381,393.6,1.786,0.3,-1.4,-23.5
17.398,393.4,1.642,0.2,-2.0,-24.0
17.415,393.3,1.317,0.2,-2.5,-7.2
17.432,393.4,1.067,0.2,-2.1,52.2
17.449,393.7,0.837,0.1,-0.9,30.2
17.465,393.7,0.858,0.1,-0.6,0.0
17.482,393.5,0.688,0.1,-1.3,-33.9
17.499,393.5,0.553,0.1,-1.6,-23.4
17.516,393.4,0.325,0.0,-2.2,-3.5
17.533,393.4,4.217E-2,0.0,-1.8,57.8
17.550,393.6,-8.881E-2,-0.0,-0.2,27.7
17.566,393.3,1.268E-3,0.0,-0.5,3.5
17.583,393.5,-0.203,-0.0,-0.7,-23.6
17.600,393.2,-0.163,-0.0,-0.7,0.1
17.617,393.4,-0.356,-0.1,-1.2,-4.3
17.634,393.4,-0.443,-0.1,-0.6,-1.2
17.651,393.2,-0.485,-0.1,-1.1,-3.7
17.667,393.3,-0.708,-0.1,-1.1,26.7
17.684,393.5,-0.730,-0.1,0.1,33.6
17.701,393.5,-0.691,-0.1,0.1,0.7
17.718,393.4,-0.715,-0.1,-0.0,-0.6
17.735,393.2,-0.700,-0.1,0.1,1.9
17.752,393.3,-0.685,-0.1,0.0,36.9
17.769,393.3,-0.696,-0.1,1.2,8.6
17.785,393.3,-0.417,-0.1,0.9,-20.4
17.802,393.3,-0.488,-0.1,-0.2,1.4
17.819,393.2,-0.463,-0.1,1.1,75.2
17.836,393.6,-0.223,-0.0,2.5,34.4
17.853,393.7,0.111,0.0,2.4,-10.9
17.870,393.3,0.324,0.0,1.9,-54.2
17.886,393.3,0.551,0.1,0.8,-17.7
17.903,393.3,0.508,0.1,0.8,28.3
17.920,393.4,0.735,0.1,2.2,64.7
17.937,393.6,1.021,0.1,2.8,-3.4
17.954,393.2,1.390,0.2,2.3,-70.6
17.971,393.2,1.551,0.2,0.3,-39.8
17.987,393.5,1.460,0.2,0.6,27.9
18.004,393.3,1.684,0.2,1.8,62.2
18.021,393.4,1.877,0.3,2.3,15.1
18.038,393.4,2.226,0.3,2.6,-13.1
18.055,393.4,2.476,0.4,1.7,-26.6
18.072,393.4,2.628,0.4,1.6,18.1
18.089,393.3,2.844,0.4,2.4,5.6
18.105,393.3,3.186,0.5,2.0,-44.6
18.122,393.1,3.312,0.5,0.6,-25.3
18.139,393.3,3.333,0.5,1.0,7.9
18.156,393.3,3.556,0.5,1.3,-8.4
18.173,393.2,3.634,0.5,0.5,-30.9
18.190,393.4,3.671,0.5,0.3,-10.5
18.206,393.5,3.707,0.5,0.2,-9.7
18.223,393.4,3.713,0.5,-0.0,15.9
18.240,393.4,3.696,0.5,0.6,14.8
18.257,393.4,3.854,0.6,0.8,23.5
18.274,393.5,3.875,0.6,1.0,-25.4
18.291,393.4,4.084,0.6,0.4,-18.2
18.307,393.3,3.972,0.6,-0.2,-13.1
18.324,393.3,4.031,0.6,0.4,15.3
18.341,393.5,4.069,0.6,0.2,-37.5
18.358,393.4,4.071,0.6,-0.8,-18.1
18.375,393.8,3.895,0.6,-0.8,-8.8
18.392,393.7,3.900,0.6,-0.6,20.5
18.409,393.5,3.748,0.5,-0.5,-18.0
18.425,393.8,3.787,0.6,-0.8,-11.4
18.442,393.3,3.572,0.5,-1.4,-40.7
18.459,393.3,3.469,0.5,-1.7,15.0
18.476,393.4,3.175,0.5,-1.3,-34.4
18.493,393.4,3.162,0.5,-2.1,-17.5
18.510,393.4,2.682,0.4,-2.9,-28.4
18.526,393.3,2.501,0.4,-2.3,26.9
18.543,393.4,2.146,0.3,-2.4,5.1
18.560,393.6,1.939,0.3,-1.8,34.0
18.577,393.7,1.719,0.3,-1.5,-10.1
18.594,393.3,1.599,0.2,-1.9,-14.5
18.611,393.6,1.273,0.2,-2.3,-5.1
18.627,393.5,1.058,0.2,-1.8,51.0
18.644,393.3,0.847,0.1,-0.8,17.2
18.661,393.5,0.866,0.1,-0.8,-25.4
18.678,393.4,0.655,0.1,-2.1,-57.5
18.695,393.5,0.386,0.1,-2.7,-18.3
18.712,393.7,4.092E-2,0.0,-2.8,30.3
18.729,393.6,-0.257,-0.0,-1.7,49.2
18.745,393.3,-0.342,-0.0,-0.9,23.1
18.762,393.3,-0.458,-0.1,-1.0,-22.1
18.779,393.2,-0.583,-0.1,-1.5,8.5
18.796,393.2,-0.814,-0.1,-1.0,0.7
18.813,393.2,-0.818,-0.1,-1.0,31.8
18.830,393.2,-1.052,-0.2,-0.6,21.3
18.846,393.3,-0.951,-0.1,0.3,27.6
18.863,393.5,-0.978,-0.1,-0.0,-7.5
18.880,393.5,-0.960,-0.1,0.2,8.9
18.897,393.5,-0.932,-0.1,0.2,1.5
18.914,393.5,-0.903,-0.1,0.2,-5.3
18.931,393.3,-0.876,-0.1,0.1,-2.7
18.947,393.4,-0.883,-0.1,0.1,15.9
18.964,393.1,-0.854,-0.1,0.6,43.2
18.981,393.5,-0.737,-0.1,1.6,-6.0
18.998,393.2,-0.494,-0.1,0.7,-35.2
19.015,393.2,-0.569,-0.1,-0.2,-1.4
19.032,393.3,-0.532,-0.1,0.9,25.0
19.049,393.2,-0.356,-0.1,0.9,-25.5
19.065,393.3,-0.331,-0.0,-0.2,-8.2
19.082,393.3,-0.392,-0.1,0.4,59.3
19.099,393.6,-0.228,-0.0,2.1,73.1
19.116,393.4,8.863E-2,0.0,2.9,-24.4
19.133,393.1,0.449,0.1,1.5,-45.4
19.150,393.1,0.425,0.1,0.8,-17.1
19.166,393.4,0.625,0.1,1.4,39.5
19.183,393.5,0.758,0.1,1.8,5.4
19.200,393.4,1.036,0.2,1.9,-10.4
19.217,393.5,1.200,0.2,1.2,-15.7
19.234,393.3,1.317,0.2,1.3,-19.1
19.251,393.5,1.512,0.2,0.8,-11.4
19.267,393.5,1.508,0.2,0.6,13.7
19.284,393.2,1.646,0.2,1.5,33.1
19.301,393.2,1.861,0.3,1.7,16.2
19.318,393.2,2.045,0.3,1.9,-21.8
19.335,393.2,2.311,0.3,1.3,-44.1
19.352,393.2,2.337,0.3,0.1,-38.6
19.369,393.5,2.341,0.3,0.1,8.5
19.385,393.2,2.353,0.3,0.4,6.6
19.402,393.3,2.432,0.4,0.4,-11.9
19.419,393.3,2.448,0.4,-0.1,-17.9
19.436,393.3,2.412,0.4,-0.2,-1.6
19.453,393.4,2.395,0.3,-0.1,11.6
19.470,393.3,2.390,0.3,0.1,2.7
19.486,393.3,2.426,0.4,0.1,-12.6
19.503,393.3,2.407,0.4,-0.4,-12.3
19.520,393.3,2.345,0.3,-0.4,4.7
19.537,393.3,2.318,0.3,-0.1,0.1
19.554,393.3,2.313,0.3,-0.3,-22.5
19.571,393.6,2.242,0.3,-0.9,-4.7
19.587,393.7,2.096,0.3,-0.6,-2.0
19.604,393.4,2.095,0.3,-0.7,17.2
19.621,393.4,1.936,0.3,-0.5,-13.4
19.638,393.4,1.987,0.3,-0.6,-12.5
19.655,393.5,1.791,0.3,-1.4,-26.3
19.672,393.2,1.669,0.2,-1.2,17.3
19.689,393.2,1.503,0.2,-1.0,-15.2
19.705,393.2,1.448,0.2,-1.4,-17.0
19.722,393.5,1.169,0.2,-1.9,4.8
19.739,393.6,1.000,0.1,-1.1,55.9
19.756,393.6,0.922,0.1,-0.1,6.1
19.773,393.6,0.978,0.1,-0.6,13.2
19.790,393.6,0.782,0.1,-0.2,-7.4
19.806,393.4,0.919,0.1,-0.1,17.2
19.823,393.5,0.758,0.1,-0.4,-31.5
19.840,393.4,0.830,0.1,-0.5,-9.1
19.857,393.2,0.636,0.1,-1.2,-56.7
19.874,393.3,0.546,0.1,-2.0,-1.7
19.891,393.4,0.179,0.0,-1.9,38.2
19.907,393.4,0.112,0.0,-0.2,39.0
19.924,393.4,0.132,0.0,-0.5,2.6
19.941,393.7,-1.193E-2,-0.0,-0.5,17.8
19.958,393.6,2.108E-2,0.0,0.4,-5.7
19.975,393.3,7.395E-2,0.0,-0.6,-10.7
19.992,393.5,-0.119,-0.0,-0.5,12.5
20.009,393.4,-3.581E-2,-0.0,0.4,31.8
20.025,393.2,-3.570E-2,-0.0,0.3,-2.3
20.042,393.4,2.973E-2,0.0,0.4,-3.7
20.059,393.3,6.465E-2,0.0,0.1,-9.3
20.076,393.5,5.451E-2,0.0,0.1,1.1
20.093,393.3,7.888E-2,0.0,0.2,-0.7
20.110,393.3,0.104,0.0,0.0,2.6
20.126,393.6,8.850E-2,0.0,0.2,0.1
20.143,393.3,0.151,0.0,0.2,31.9
20.160,393.3,0.138,0.0,1.0,2.7
20.177,393.3,0.378,0.1,0.8,-0.6
20.194,393.3,0.332,0.0,0.3,7.7
20.211,393.3,0.458,0.1,1.4,2.0
20.228,393.2,0.664,0.1,0.6,-53.0
20.244,393.3,0.592,0.1,-0.7,-35.3
20.261,393.4,0.496,0.1,-0.5,17.3
20.278,393.2,0.474,0.1,-0.1,12.5
20.295,393.3,0.482,0.1,-0.1,34.3
20.312,393.3,0.456,0.1,0.9,14.2
20.329,393.3,0.684,0.1,0.9,-0.5
20.345,393.1,0.662,0.1,0.3,17.8
20.362,393.4,0.758,0.1,1.7,25.9
20.379,393.6,1.049,0.2,1.5,-13.2
20.396,393.4,1.106,0.2,0.8,-30.1
20.413,393.3,1.228,0.2,0.8,-11.1
20.430,393.3,1.281,0.2,0.3,4.6
20.446,393.3,1.297,0.2,0.8,4.7
20.463,393.5,1.470,0.2,0.8,-16.7
20.480,393.2,1.476,0.2,-0.0,-0.5
20.497,393.4,1.462,0.2,0.7,1.3
20.514,393.2,1.641,0.2,0.4,-0.8
20.531,393.3,1.560,0.2,0.1,-24.2
20.548,393.3,1.670,0.2,0.1,-14.7
20.564,393.3,1.589,0.2,-0.7,9.3
20.581,393.3,1.503,0.2,0.4,17.2
20.598,393.3,1.679,0.2,0.4,-25.7
20.615,393.3,1.584,0.2,-1.0,-6.1
20.632,393.4,1.459,0.2,0.1,-2.7
20.649,393.3,1.608,0.2,-0.4,12.0
20.665,393.4,1.357,0.2,-0.4,-0.7
20.682,393.4,1.514,0.2,0.4,18.9
20.699,393.3,1.455,0.2,-0.3,-31.4
20.716,393.3,1.440,0.2,-0.4,4.5
20.733,393.3,1.360,0.2,-0.3,-16.0
20.750,393.3,1.364,0.2,-0.7,2.1
20.766,393.4,1.199,0.2,-0.6,13.5
20.783,393.4,1.218,0.2,0.1,20.3
20.800,393.4,1.222,0.2,-0.1,-35.5
20.817,393.3,1.202,0.2,-1.0,3.8
20.834,393.5,0.992,0.1,-0.4,15.5
20.851,393.4,1.117,0.2,0.2,23.3
20.868,393.5,1.035,0.2,-0.1,-32.4
20.884,393.5,1.087,0.2,-0.5,8.6
20.901,393.5,0.924,0.1,-0.3,-5.7
20.918,393.5,1.008,0.1,-0.1,25.3
20.935,393.7,0.899,0.1,-0.0,-26.4
20.952,393.4,1.004,0.1,-0.4,12.0
20.969,393.4,0.800,0.1,-0.3,-19.2
20.985,393.4,0.927,0.1,-0.3,18.4
21.002,393.5,0.737,0.1,-0.5,14.6
21.019,393.4,0.816,0.1,0.7,-1.1
21.036,393.4,0.908,0.1,-0.5,-44.3
21.053,393.5,0.704,0.1,-1.2,-50.0
21.070,393.2,0.628,0.1,-1.7,12.8
21.086,393.3,0.316,0.0,-1.4,-4.2
21.103,393.3,0.317,0.0,-1.1,30.0
21.120,393.4,5.656E-2,0.0,-1.0,-10.7
21.137,393.3,7.847E-2,0.0,-0.8,24.7
21.154,393.4,-0.134,-0.0,-0.8,2.0
21.171,393.4,-0.109,-0.0,-0.3,37.3
21.188,393.7,-0.192,-0.0,0.1,4.5
21.204,393.5,-9.624E-2,-0.0,0.3,16.2
21.221,393.6,-0.130,-0.0,0.3,-30.3
21.238,393.4,-3.783E-2,-0.0,-0.4,-1.9
21.255,393.7,-0.212,-0.0,-0.4,16.0
21.272,393.4,-0.126,-0.0,0.7,32.9
21.289,393.4,-5.429E-2,-0.0,0.6,-13.2
21.305,393.4,3.526E-3,0.0,0.3,-6.0
21.322,393.7,6.143E-3,0.0,0.3,6.4
21.339,393.7,6.406E-2,0.0,0.6,3.5
21.356,393.5,0.138,0.0,0.4,-8.9
21.373,393.5,0.157,0.0,0.2,-11.4
21.390,393.4,0.182,0.0,0.1,27.7
21.406,393.4,0.175,0.0,0.9,7.0
21.423,393.3,0.398,0.1,0.8,-17.5
21.440,393.3,0.356,0.1,-0.2,-30.0
21.457,393.3,0.363,0.1,0.0,0.9
21.474,393.2,0.358,0.1,-0.2,17.8
21.491,393.3,0.327,0.0,0.5,7.3
21.508,393.5,0.468,0.1,0.4,-4.6
21.524,393.6,0.427,0.1,-0.1,3.3
21.541,393.6,0.456,0.1,0.7,1.1
21.558,393.3,0.584,0.1,0.2,6.9
21.575,393.3,0.501,0.1,0.4,-7.1
21.592,393.2,0.682,0.1,0.6,-12.7
21.609,393.1,0.629,0.1,-0.5,-3.0
21.625,393.2,0.576,0.1,0.5,45.2
21.642,393.4,0.738,0.1,1.3,54.2
21.659,393.4,0.886,0.1,2.0,-7.6
21.676,393.3,1.209,0.2,1.5,-9.8
21.693,393.4,1.231,0.2,1.1,-31.8
21.710,393.3,1.462,0.2,1.0,-3.8
21.726,393.3,1.463,0.2,0.5,-33.7
21.743,393.3,1.574,0.2,0.3,-17.4
21.760,393.3,1.520,0.2,-0.4,26.8
21.777,393.1,1.484,0.2,1.1,52.8
21.794,393.2,1.770,0.3,1.9,29.6
21.811,393.1,1.915,0.3,1.7,-37.8
21.828,393.3,2.152,0.3,0.9,-35.5
21.844,393.3,2.135,0.3,0.1,-11.1
21.861,393.3,2.165,0.3,0.7,8.0
21.878,393.3,2.301,0.3,0.5,-18.8
21.895,393.2,2.285,0.3,-0.2,-14.2
21.912,393.2,2.264,0.3,0.1,4.0
21.929,393.3,2.307,0.3,0.1,0.7
21.945,393.3,2.287,0.3,-0.0,-33.9
21.962,393.1,2.301,0.3,-0.8,-11.7
21.979,393.1,2.094,0.3,-0.8,-29.8
21.996,393.1,2.105,0.3,-1.2,22.9
22.013,393.6,1.810,0.3,-0.8,34.7
22.030,393.5,1.913,0.3,0.7,45.3
22.046,393.4,1.961,0.3,0.4,-45.8
22.063,393.5,2.001,0.3,-0.7,-27.1
22.080,393.5,1.796,0.3,-0.9,15.5
22.097,393.4,1.781,0.3,0.2,15.3
22.114,393.4,1.831,0.3,-0.4,-43.3
22.131,392.9,1.696,0.2,-1.5,-58.5
22.148,392.9,1.477,0.2,-2.3,13.2
22.164,393.3,1.174,0.2,-1.3,22.2
22.181,393.5,1.175,0.2,-1.0,33.6
22.198,393.5,0.954,0.1,-0.8,-4.1
22.215,393.4,0.988,0.1,-0.5,-11.1
22.232,393.5,0.834,0.1,-1.5,-21.7
22.249,393.3,0.632,0.1,-1.3,-13.7
22.265,393.3,0.541,0.1,-1.7,6.5
22.282,393.3,0.238,0.0,-1.5,3.6
22.299,393.2,0.187,0.0,-1.1,36.9
22.316,393.3,-5.412E-3,-0.0,-0.8,-8.8
22.333,393.5,1.302E-2,0.0,-0.9,27.3
22.350,393.5,-0.204,-0.0,-0.5,-8.8
22.366,393.4,-9.207E-2,-0.0,-0.4,-16.0
22.383,393.2,-0.297,-0.0,-1.6,-21.0
22.400,393.5,-0.465,-0.1,-0.9,27.0
22.417,393.2,-0.515,-0.1,-0.6,13.6
22.434,393.2,-0.595,-0.1,-0.6,9.6
22.451,393.3,-0.656,-0.1,-0.2,12.5
22.468,393.2,-0.651,-0.1,-0.1,3.7
22.484,393.2,-0.678,-0.1,-0.2,-5.0
22.501,393.2,-0.697,-0.1,-0.2,5.5
22.518,393.3,-0.731,-0.1,-0.1,6.3
22.535,393.3,-0.713,-0.1,0.1,34.7
22.552,393.3,-0.715,-0.1,0.9,6.0
22.569,393.3,-0.504,-0.1,0.7,12.7
22.585,393.2,-0.553,-0.1,0.7,-20.5
22.602,393.2,-0.338,-0.0,0.7,20.3
22.619,393.3,-0.399,-0.1,0.7,5.8
22.636,393.1,-0.171,-0.0,1.5,37.3
22.653,393.3,-6.138E-2,-0.0,1.6,15.9
22.670,393.3,0.191,0.0,2.2,-13.9
22.686,393.0,0.455,0.1,1.2,-61.4
22.703,393.4,0.465,0.1,-0.1,-8.8
22.720,393.3,0.426,0.1,0.8,6.8
22.737,393.3,0.655,0.1,0.7,11.4
22.754,393.3,0.577,0.1,0.5,10.3
22.771,393.5,0.770,0.1,1.5,63.1
22.788,393.4,0.933,0.1,2.3,-10.1
22.804,393.1,1.300,0.2,1.7,-13.9
22.821,393.2,1.322,0.2,1.1,-36.0
22.838,393.2,1.563,0.2,1.1,-22.1
22.855,393.1,1.575,0.2,-0.0,-31.6
22.872,393.4,1.562,0.2,0.1,33.1
22.889,393.2,1.601,0.2,1.1,29.9
22.905,393.5,1.813,0.3,1.4,14.3
22.922,393.4,1.916,0.3,1.3,-21.3
22.939,393.4,2.107,0.3,0.9,-1.9
22.956,393.3,2.129,0.3,0.9,-18.5
22.973,393.3,2.303,0.3,0.7,-18.0
22.990,393.3,2.291,0.3,-0.1,-25.7
23.006,393.3,2.284,0.3,-0.0,0.3
23.023,393.3,2.282,0.3,-0.1,-10.0
23.040,393.3,2.270,0.3,-0.4,-22.8
23.057,393.4,2.200,0.3,-0.9,1.5
23.074,393.4,2.070,0.3,-0.4,20.8
23.091,393.4,2.098,0.3,0.1,9.6
23.108,393.4,2.091,0.3,-0.2,-28.1
23.124,393.4,2.044,0.3,-0.8,-4.9
23.141,393.5,1.901,0.3,-0.6,14.2
23.158,393.5,1.909,0.3,-0.1,28.2
23.175,393.3,1.882,0.3,0.2,-37.5
23.192,393.3,1.948,0.3,-1.0,-42.5
23.209,393.5,1.655,0.2,-1.9,-45.9
23.225,393.3,1.518,0.2,-2.0,8.0
23.242,393.7,1.194,0.2,-2.0,39.5
23.259,393.4,1.049,0.2,-0.4,58.3
23.276,393.5,1.090,0.2,0.1,-15.0
23.293,393.4,1.067,0.2,-1.0,-17.9
23.310,393.5,0.854,0.1,-0.9,29.3
23.326,393.5,0.869,0.1,0.3,48.3
23.343,393.4,0.931,0.1,0.7,-70.8
23.360,393.2,1.023,0.1,-1.7,-68.8
23.377,393.1,0.540,0.1,-2.6,41.7
23.394,393.3,0.422,0.1,0.3,8.4
23.411,393.2,0.617,0.1,-1.7,
23.428,393.3,3.407E-2,0.0,,
