,mass A,,
t,x,y,
0.000,-1.054E-2,-0.101
0.017,-1.435E-2,-0.101
0.034,-1.808E-2,-0.101
0.051,-2.046E-2,-0.101
0.067,-2.077E-2,-0.101
0.084,-1.889E-2,-0.101
0.101,-1.538E-2,-0.101
0.118,-1.141E-2,-0.101
0.135,-8.457E-3,-0.101
0.152,-8.073E-3,-0.101
0.168,-1.037E-2,-0.101
0.185,-1.406E-2,-0.101
0.202,-1.775E-2,-0.101
0.219,-2.018E-2,-0.101
0.236,-2.064E-2,-0.101
0.253,-1.895E-2,-0.101
0.269,-1.538E-2,-0.101
0.286,-1.168E-2,-0.101
0.303,-8.710E-3,-0.101
0.320,-8.106E-3,-0.101
0.337,-1.018E-2,-0.101
0.354,-1.372E-2,-0.101
0.371,-1.740E-2,-0.101
0.387,-1.992E-2,-0.101
0.404,-2.051E-2,-0.101
0.421,-1.902E-2,-0.101
0.438,-1.564E-2,-0.101
0.455,-1.199E-2,-0.101
0.472,-9.035E-3,-0.101
0.488,-8.261E-3,-0.101
0.505,-9.892E-3,-0.101
0.522,-1.318E-2,-0.101
0.539,-1.705E-2,-0.101
0.556,-1.959E-2,-0.101
0.573,-2.040E-2,-0.101
0.589,-1.893E-2,-0.101
0.606,-1.591E-2,-0.101
0.623,-1.220E-2,-0.101
0.640,-9.302E-3,-0.101
0.657,-8.371E-3,-0.101
0.674,-9.736E-3,-0.101
0.691,-1.287E-2,-0.101
0.707,-1.659E-2,-0.101
0.724,-1.928E-2,-0.101
0.741,-2.019E-2,-0.101
0.758,-1.895E-2,-0.101
0.775,-1.611E-2,-0.101
0.792,-1.245E-2,-0.101
0.808,-9.511E-3,-0.101
0.825,-8.433E-3,-0.101
0.842,-9.663E-3,-0.101
0.859,-1.260E-2,-0.101
0.876,-1.624E-2,-0.101
0.893,-1.900E-2,-0.101
0.909,-2.009E-2,-0.101
0.926,-1.899E-2,-0.101
0.943,-1.638E-2,-0.101
0.960,-1.280E-2,-0.101
0.977,-9.892E-3,-0.101
0.994,-8.648E-3,-0.101
1.011,-9.567E-3,-0.101
1.027,-1.231E-2,-0.101
1.044,-1.588E-2,-0.101
1.061,-1.865E-2,-0.101
1.078,-1.993E-2,-0.101
1.095,-1.905E-2,-0.101
1.112,-1.663E-2,-0.101
1.128,-1.314E-2,-0.101
1.145,-1.026E-2,-0.101
1.162,-8.784E-3,-0.101
1.179,-9.495E-3,-0.101
1.196,-1.202E-2,-0.101
1.213,-1.548E-2,-0.101
1.229,-1.829E-2,-0.101
1.246,-1.970E-2,-0.101
1.263,-1.908E-2,-0.101
1.280,-1.689E-2,-0.101
1.297,-1.356E-2,-0.101
1.314,-1.053E-2,-0.101
1.331,-8.951E-3,-0.101
1.347,-9.429E-3,-0.101
1.364,-1.173E-2,-0.101
1.381,-1.508E-2,-0.101
1.398,-1.797E-2,-0.101
1.415,-1.952E-2,-0.101
1.432,-1.912E-2,-0.101
1.448,-1.712E-2,-0.101
1.465,-1.392E-2,-0.101
1.482,-1.088E-2,-0.101
1.499,-9.105E-3,-0.101
1.516,-9.383E-3,-0.101
1.533,-1.155E-2,-0.101
1.549,-1.476E-2,-0.101
1.566,-1.778E-2,-0.101
1.583,-1.930E-2,-0.101
1.600,-1.914E-2,-0.101
1.617,-1.734E-2,-0.101
1.634,-1.424E-2,-0.101
1.651,-1.117E-2,-0.101
1.667,-9.324E-3,-0.101
1.684,-9.300E-3,-0.101
1.701,-1.123E-2,-0.101
1.718,-1.429E-2,-0.101
1.735,-1.735E-2,-0.101
1.752,-1.899E-2,-0.101
1.768,-1.910E-2,-0.101
1.785,-1.753E-2,-0.101
1.802,-1.457E-2,-0.101
1.819,-1.153E-2,-0.101
1.836,-9.578E-3,-0.101
1.853,-9.366E-3,-0.101
1.869,-1.107E-2,-0.101
1.886,-1.394E-2,-0.101
1.903,-1.695E-2,-0.101
1.920,-1.872E-2,-0.101
1.937,-1.903E-2,-0.101
1.954,-1.752E-2,-0.101
1.971,-1.494E-2,-0.101
1.987,-1.191E-2,-0.101
2.004,-9.787E-3,-0.101
2.021,-9.384E-3,-0.101
2.038,-1.081E-2,-0.101
2.055,-1.354E-2,-0.101
2.072,-1.656E-2,-0.101
2.088,-1.846E-2,-0.101
2.105,-1.898E-2,-0.101
2.122,-1.774E-2,-0.101
2.139,-1.536E-2,-0.101
2.156,-1.238E-2,-0.101
2.173,-1.015E-2,-0.101
2.189,-9.434E-3,-0.101
2.206,-1.064E-2,-0.101
2.223,-1.320E-2,-0.101
2.240,-1.613E-2,-0.101
2.257,-1.817E-2,-0.101
2.274,-1.886E-2,-0.101
2.291,-1.784E-2,-0.101
2.307,-1.565E-2,-0.101
2.324,-1.275E-2,-0.101
2.341,-1.044E-2,-0.101
2.358,-9.575E-3,-0.101
2.375,-1.051E-2,-0.101
2.392,-1.283E-2,-0.101
2.408,-1.576E-2,-0.101
2.425,-1.784E-2,-0.101
2.442,-1.877E-2,-0.101
2.459,-1.801E-2,-0.101
2.476,-1.602E-2,-0.101
2.493,-1.318E-2,-0.101
2.509,-1.076E-2,-0.101
2.526,-9.701E-3,-0.101
2.543,-1.040E-2,-0.101
2.560,-1.253E-2,-0.101
2.577,-1.522E-2,-0.101
2.594,-1.762E-2,-0.101
2.611,-1.859E-2,-0.101
2.627,-1.803E-2,-0.101
2.644,-1.626E-2,-0.101
2.661,-1.358E-2,-0.101
2.678,-1.117E-2,-0.101
2.695,-9.918E-3,-0.101
2.712,-1.035E-2,-0.101
2.728,-1.228E-2,-0.101
2.745,-1.489E-2,-0.101
2.762,-1.734E-2,-0.101
2.779,-1.845E-2,-0.101
2.796,-1.816E-2,-0.101
2.813,-1.659E-2,-0.101
2.829,-1.392E-2,-0.101
2.846,-1.145E-2,-0.101
2.863,-1.001E-2,-0.101
2.880,-1.017E-2,-0.101
2.897,-1.189E-2,-0.101
2.914,-1.446E-2,-0.101
2.931,-1.697E-2,-0.101
2.947,-1.819E-2,-0.101
2.964,-1.821E-2,-0.101
2.981,-1.686E-2,-0.101
2.998,-1.439E-2,-0.101
3.015,-1.188E-2,-0.101
3.032,-1.025E-2,-0.101
3.048,-1.017E-2,-0.101
3.065,-1.164E-2,-0.101
3.082,-1.405E-2,-0.101
3.099,-1.658E-2,-0.101
3.116,-1.799E-2,-0.101
3.133,-1.816E-2,-0.101
3.149,-1.706E-2,-0.101
3.166,-1.472E-2,-0.101
3.183,-1.223E-2,-0.101
3.200,-1.048E-2,-0.101
3.217,-1.014E-2,-0.101
3.234,-1.135E-2,-0.101
3.251,-1.365E-2,-0.101
3.267,-1.617E-2,-0.101
3.284,-1.791E-2,-0.101
3.301,-1.812E-2,-0.101
3.318,-1.726E-2,-0.101
3.335,-1.507E-2,-0.101
3.352,-1.265E-2,-0.101
3.368,-1.074E-2,-0.101
3.385,-1.015E-2,-0.101
3.402,-1.111E-2,-0.101
3.419,-1.317E-2,-0.101
3.436,-1.568E-2,-0.101
3.453,-1.743E-2,-0.101
3.469,-1.805E-2,-0.101
3.486,-1.744E-2,-0.101
3.503,-1.548E-2,-0.101
3.520,-1.303E-2,-0.101
3.537,-1.102E-2,-0.101
3.554,-1.026E-2,-0.101
3.571,-1.097E-2,-0.101
3.587,-1.289E-2,-0.101
3.604,-1.527E-2,-0.101
3.621,-1.730E-2,-0.101
3.638,-1.793E-2,-0.101
3.655,-1.737E-2,-0.101
3.672,-1.578E-2,-0.101
3.688,-1.335E-2,-0.101
3.705,-1.133E-2,-0.101
3.722,-1.033E-2,-0.101
3.739,-1.074E-2,-0.101
3.756,-1.248E-2,-0.101
3.773,-1.482E-2,-0.101
3.789,-1.690E-2,-0.101
3.806,-1.776E-2,-0.101
3.823,-1.764E-2,-0.101
3.840,-1.599E-2,-0.101
3.857,-1.376E-2,-0.101
3.874,-1.161E-2,-0.101
3.891,-1.046E-2,-0.101
3.907,-1.065E-2,-0.101
3.924,-1.220E-2,-0.101
3.941,-1.445E-2,-0.101
3.958,-1.657E-2,-0.101
3.975,-1.757E-2,-0.101
3.992,-1.751E-2,-0.101
4.008,-1.631E-2,-0.101
4.025,-1.415E-2,-0.101
4.042,-1.202E-2,-0.101
4.059,-1.064E-2,-0.101
4.076,-1.060E-2,-0.101
4.093,-1.193E-2,-0.101
4.109,-1.403E-2,-0.101
4.126,-1.621E-2,-0.101
4.143,-1.757E-2,-0.101
4.160,-1.771E-2,-0.101
4.177,-1.658E-2,-0.101
4.194,-1.454E-2,-0.101
4.211,-1.235E-2,-0.101
4.227,-1.089E-2,-0.101
4.244,-1.059E-2,-0.101
4.261,-1.163E-2,-0.101
4.278,-1.361E-2,-0.101
4.295,-1.580E-2,-0.101
4.312,-1.732E-2,-0.101
4.328,-1.770E-2,-0.101
4.345,-1.677E-2,-0.101
4.362,-1.494E-2,-0.101
4.379,-1.277E-2,-0.101
4.396,-1.113E-2,-0.101
4.413,-1.059E-2,-0.101
4.429,-1.144E-2,-0.101
4.446,-1.325E-2,-0.101
4.463,-1.540E-2,-0.101
4.480,-1.706E-2,-0.101
4.497,-1.766E-2,-0.101
4.514,-1.698E-2,-0.101
4.531,-1.526E-2,-0.101
4.547,-1.318E-2,-0.101
4.564,-1.143E-2,-0.101
4.581,-1.070E-2,-0.101
4.598,-1.128E-2,-0.101
4.615,-1.287E-2,-0.101
4.632,-1.501E-2,-0.101
4.648,-1.675E-2,-0.101
4.665,-1.754E-2,-0.101
4.682,-1.709E-2,-0.101
4.699,-1.558E-2,-0.101
4.716,-1.352E-2,-0.101
4.733,-1.174E-2,-0.101
4.749,-1.079E-2,-0.101
4.766,-1.115E-2,-0.101
4.783,-1.261E-2,-0.101
4.800,-1.461E-2,-0.101
4.817,-1.650E-2,-0.101
4.834,-1.747E-2,-0.101
4.851,-1.726E-2,-0.101
4.867,-1.593E-2,-0.101
4.884,-1.398E-2,-0.101
4.901,-1.208E-2,-0.101
4.918,-1.098E-2,-0.101
4.935,-1.108E-2,-0.101
4.952,-1.234E-2,-0.101
4.968,-1.429E-2,-0.101
4.985,-1.620E-2,-0.101
5.002,-1.731E-2,-0.101
5.019,-1.731E-2,-0.101
5.036,-1.618E-2,-0.101
5.053,-1.431E-2,-0.101
5.069,-1.242E-2,-0.101
5.086,-1.116E-2,-0.101
5.103,-1.102E-2,-0.101
5.120,-1.210E-2,-0.101
5.137,-1.387E-2,-0.101
5.154,-1.576E-2,-0.101
5.171,-1.706E-2,-0.101
5.187,-1.731E-2,-0.101
5.204,-1.642E-2,-0.101
5.221,-1.472E-2,-0.101
5.238,-1.281E-2,-0.101
5.255,-1.140E-2,-0.101
5.272,-1.105E-2,-0.101
5.288,-1.182E-2,-0.101
5.305,-1.351E-2,-0.101
5.322,-1.544E-2,-0.101
5.339,-1.691E-2,-0.101
5.356,-1.735E-2,-0.101
5.373,-1.663E-2,-0.101
5.389,-1.507E-2,-0.101
5.406,-1.317E-2,-0.101
5.423,-1.166E-2,-0.101
5.440,-1.110E-2,-0.101
5.457,-1.167E-2,-0.101
5.474,-1.318E-2,-0.101
5.491,-1.510E-2,-0.101
5.507,-1.667E-2,-0.101
5.524,-1.729E-2,-0.101
5.541,-1.682E-2,-0.101
5.558,-1.542E-2,-0.101
5.575,-1.355E-2,-0.101
5.592,-1.199E-2,-0.101
5.608,-1.118E-2,-0.101
5.625,-1.157E-2,-0.101
5.642,-1.290E-2,-0.101
5.659,-1.478E-2,-0.101
5.676,-1.642E-2,-0.101
5.693,-1.722E-2,-0.101
5.709,-1.700E-2,-0.101
5.726,-1.570E-2,-0.101
5.743,-1.395E-2,-0.101
5.760,-1.228E-2,-0.101
5.777,-1.128E-2,-0.101
5.794,-1.142E-2,-0.101
5.811,-1.261E-2,-0.101
5.827,-1.435E-2,-0.101
5.844,-1.607E-2,-0.101
5.861,-1.707E-2,-0.101
5.878,-1.704E-2,-0.101
5.895,-1.597E-2,-0.101
5.912,-1.426E-2,-0.101
5.928,-1.257E-2,-0.101
5.945,-1.146E-2,-0.101
5.962,-1.138E-2,-0.101
5.979,-1.236E-2,-0.101
5.996,-1.402E-2,-0.101
6.013,-1.575E-2,-0.101
6.029,-1.686E-2,-0.101
6.046,-1.706E-2,-0.101
6.063,-1.621E-2,-0.101
6.080,-1.458E-2,-0.101
6.097,-1.286E-2,-0.101
6.114,-1.164E-2,-0.101
6.131,-1.134E-2,-0.101
6.147,-1.214E-2,-0.101
6.164,-1.366E-2,-0.101
6.181,-1.536E-2,-0.101
6.198,-1.665E-2,-0.101
6.215,-1.701E-2,-0.101
6.232,-1.635E-2,-0.101
6.248,-1.493E-2,-0.101
6.265,-1.319E-2,-0.101
6.282,-1.188E-2,-0.101
6.299,-1.137E-2,-0.101
6.316,-1.192E-2,-0.101
6.333,-1.331E-2,-0.101
6.349,-1.507E-2,-0.101
6.366,-1.648E-2,-0.101
6.383,-1.698E-2,-0.101
6.400,-1.652E-2,-0.101
6.417,-1.526E-2,-0.101
6.434,-1.358E-2,-0.101
6.451,-1.217E-2,-0.101
6.467,-1.148E-2,-0.101
6.484,-1.181E-2,-0.101
6.501,-1.303E-2,-0.101
6.518,-1.468E-2,-0.101
6.535,-1.615E-2,-0.101
6.552,-1.689E-2,-0.101
6.568,-1.665E-2,-0.101
6.585,-1.554E-2,-0.101
6.602,-1.392E-2,-0.101
6.619,-1.245E-2,-0.101
6.636,-1.156E-2,-0.101
6.653,-1.172E-2,-0.101
6.670,-1.283E-2,-0.101
6.686,-1.438E-2,-0.101
6.703,-1.589E-2,-0.101
6.720,-1.678E-2,-0.101
6.737,-1.672E-2,-0.101
6.754,-1.579E-2,-0.101
6.771,-1.426E-2,-0.101
6.787,-1.273E-2,-0.101
6.804,-1.174E-2,-0.101
6.821,-1.167E-2,-0.101
6.838,-1.254E-2,-0.101
6.855,-1.404E-2,-0.101
6.872,-1.555E-2,-0.101
6.888,-1.660E-2,-0.101
6.905,-1.673E-2,-0.101
6.922,-1.594E-2,-0.101
6.939,-1.452E-2,-0.101
6.956,-1.297E-2,-0.101
6.973,-1.190E-2,-0.101
6.990,-1.160E-2,-0.101
7.006,-1.231E-2,-0.101
7.023,-1.367E-2,-0.101
7.040,-1.522E-2,-0.101
7.057,-1.636E-2,-0.101
7.074,-1.670E-2,-0.101
7.091,-1.612E-2,-0.101
7.107,-1.485E-2,-0.101
7.124,-1.331E-2,-0.101
7.141,-1.210E-2,-0.101
7.158,-1.163E-2,-0.101
7.175,-1.211E-2,-0.101
7.192,-1.336E-2,-0.101
7.208,-1.492E-2,-0.101
7.225,-1.619E-2,-0.101
7.242,-1.666E-2,-0.101
7.259,-1.629E-2,-0.101
7.276,-1.512E-2,-0.101
7.293,-1.362E-2,-0.101
7.310,-1.230E-2,-0.101
7.326,-1.169E-2,-0.101
7.343,-1.198E-2,-0.101
7.360,-1.306E-2,-0.101
7.377,-1.451E-2,-0.101
7.394,-1.588E-2,-0.101
7.411,-1.656E-2,-0.101
7.427,-1.636E-2,-0.101
7.444,-1.533E-2,-0.101
7.461,-1.389E-2,-0.101
7.478,-1.255E-2,-0.101
7.495,-1.178E-2,-0.101
7.512,-1.191E-2,-0.101
7.528,-1.283E-2,-0.101
7.545,-1.424E-2,-0.101
7.562,-1.560E-2,-0.101
7.579,-1.643E-2,-0.101
7.596,-1.643E-2,-0.101
7.613,-1.562E-2,-0.101
7.630,-1.419E-2,-0.101
7.646,-1.278E-2,-0.101
7.663,-1.190E-2,-0.101
7.680,-1.180E-2,-0.101
7.697,-1.256E-2,-0.101
7.714,-1.393E-2,-0.101
7.731,-1.530E-2,-0.101
7.747,-1.627E-2,-0.101
7.764,-1.645E-2,-0.101
7.781,-1.577E-2,-0.101
7.798,-1.449E-2,-0.101
7.815,-1.309E-2,-0.101
7.832,-1.209E-2,-0.101
7.848,-1.184E-2,-0.101
7.865,-1.242E-2,-0.101
7.882,-1.367E-2,-0.101
7.899,-1.502E-2,-0.101
7.916,-1.610E-2,-0.101
7.933,-1.643E-2,-0.101
7.950,-1.592E-2,-0.101
7.966,-1.478E-2,-0.101
7.983,-1.338E-2,-0.101
8.000,-1.226E-2,-0.101
8.017,-1.182E-2,-0.101
8.034,-1.227E-2,-0.101
8.051,-1.335E-2,-0.101
8.067,-1.473E-2,-0.101
8.084,-1.590E-2,-0.101
8.101,-1.639E-2,-0.101
8.118,-1.603E-2,-0.101
8.135,-1.505E-2,-0.101
8.152,-1.370E-2,-0.101
8.168,-1.254E-2,-0.101
8.185,-1.196E-2,-0.101
8.202,-1.222E-2,-0.101
8.219,-1.316E-2,-0.101
8.236,-1.449E-2,-0.101
8.253,-1.572E-2,-0.101
8.270,-1.636E-2,-0.101
8.286,-1.621E-2,-0.101
8.303,-1.527E-2,-0.101
8.320,-1.402E-2,-0.101
8.337,-1.277E-2,-0.101
8.354,-1.205E-2,-0.101
8.371,-1.214E-2,-0.101
8.387,-1.296E-2,-0.101
8.404,-1.423E-2,-0.101
8.421,-1.544E-2,-0.101
8.438,-1.627E-2,-0.101
8.455,-1.627E-2,-0.101
8.472,-1.554E-2,-0.101
8.488,-1.430E-2,-0.101
8.505,-1.309E-2,-0.101
8.522,-1.227E-2,-0.101
8.539,-1.211E-2,-0.101
8.556,-1.278E-2,-0.101
8.573,-1.397E-2,-0.101
8.590,-1.524E-2,-0.101
8.606,-1.610E-2,-0.101
8.623,-1.627E-2,-0.101
8.640,-1.568E-2,-0.101
8.657,-1.456E-2,-0.101
8.674,-1.333E-2,-0.101
8.691,-1.236E-2,-0.101
8.707,-1.212E-2,-0.101
8.724,-1.263E-2,-0.101
8.741,-1.372E-2,-0.101
8.758,-1.500E-2,-0.101
8.775,-1.594E-2,-0.101
8.792,-1.626E-2,-0.101
8.808,-1.583E-2,-0.101
8.825,-1.483E-2,-0.101
8.842,-1.356E-2,-0.101
8.859,-1.258E-2,-0.101
8.876,-1.215E-2,-0.101
8.893,-1.250E-2,-0.101
8.910,-1.344E-2,-0.101
8.926,-1.466E-2,-0.101
8.943,-1.574E-2,-0.101
8.960,-1.622E-2,-0.101
8.977,-1.590E-2,-0.101
8.994,-1.498E-2,-0.101
9.011,-1.376E-2,-0.101
9.027,-1.273E-2,-0.101
9.044,-1.221E-2,-0.101
9.061,-1.235E-2,-0.101
9.078,-1.321E-2,-0.101
9.095,-1.442E-2,-0.101
9.112,-1.549E-2,-0.101
9.128,-1.608E-2,-0.101
9.145,-1.598E-2,-0.101
9.162,-1.519E-2,-0.101
9.179,-1.401E-2,-0.101
9.196,-1.293E-2,-0.101
9.213,-1.226E-2,-0.101
9.230,-1.230E-2,-0.101
9.246,-1.297E-2,-0.101
9.263,-1.414E-2,-0.101
9.280,-1.527E-2,-0.101
9.297,-1.597E-2,-0.101
9.314,-1.600E-2,-0.101
9.331,-1.535E-2,-0.101
9.347,-1.427E-2,-0.101
9.364,-1.316E-2,-0.101
9.381,-1.237E-2,-0.101
9.398,-1.228E-2,-0.101
9.415,-1.281E-2,-0.101
9.432,-1.386E-2,-0.101
9.448,-1.497E-2,-0.101
9.465,-1.580E-2,-0.101
9.482,-1.599E-2,-0.101
9.499,-1.549E-2,-0.101
9.516,-1.448E-2,-0.101
9.533,-1.338E-2,-0.101
9.550,-1.250E-2,-0.101
9.566,-1.228E-2,-0.101
9.583,-1.269E-2,-0.101
9.600,-1.361E-2,-0.101
9.617,-1.478E-2,-0.101
9.634,-1.565E-2,-0.101
9.651,-1.596E-2,-0.101
9.667,-1.561E-2,-0.101
9.684,-1.467E-2,-0.101
9.701,-1.359E-2,-0.101
9.718,-1.269E-2,-0.101
9.735,-1.226E-2,-0.101
9.752,-1.255E-2,-0.101
9.768,-1.340E-2,-0.101
9.785,-1.452E-2,-0.101
9.802,-1.546E-2,-0.101
9.819,-1.592E-2,-0.101
9.836,-1.572E-2,-0.101
9.853,-1.494E-2,-0.101
9.870,-1.388E-2,-0.101
9.886,-1.292E-2,-0.101
9.903,-1.240E-2,-0.101
9.920,-1.255E-2,-0.101
9.937,-1.326E-2,-0.101
9.954,-1.432E-2,-0.101
9.971,-1.531E-2,-0.101
9.987,-1.590E-2,-0.101
10.004,-1.581E-2,-0.101
10.021,-1.511E-2,-0.101
10.038,-1.414E-2,-0.101
10.055,-1.312E-2,-0.101
10.072,-1.253E-2,-0.101
10.088,-1.254E-2,-0.101
10.105,-1.314E-2,-0.101
10.122,-1.413E-2,-0.101
10.139,-1.516E-2,-0.101
10.156,-1.583E-2,-0.101
10.173,-1.590E-2,-0.101
10.190,-1.536E-2,-0.101
10.206,-1.437E-2,-0.101
10.223,-1.334E-2,-0.101
10.240,-1.266E-2,-0.101
10.257,-1.250E-2,-0.101
10.274,-1.297E-2,-0.101
10.291,-1.392E-2,-0.101
10.307,-1.494E-2,-0.101
10.324,-1.566E-2,-0.101
10.341,-1.587E-2,-0.101
10.358,-1.548E-2,-0.101
10.375,-1.461E-2,-0.101
10.392,-1.359E-2,-0.101
10.408,-1.280E-2,-0.101
10.425,-1.252E-2,-0.101
10.442,-1.291E-2,-0.101
10.459,-1.373E-2,-0.101
10.476,-1.471E-2,-0.101
10.493,-1.555E-2,-0.101
10.510,-1.589E-2,-0.101
10.526,-1.560E-2,-0.101
10.543,-1.480E-2,-0.101
10.560,-1.377E-2,-0.101
10.577,-1.297E-2,-0.101
10.594,-1.258E-2,-0.101
10.611,-1.282E-2,-0.101
10.627,-1.356E-2,-0.101
10.644,-1.451E-2,-0.101
10.661,-1.537E-2,-0.101
10.678,-1.579E-2,-0.101
10.695,-1.563E-2,-0.101
10.712,-1.492E-2,-0.101
10.728,-1.396E-2,-0.101
10.745,-1.307E-2,-0.101
10.762,-1.260E-2,-0.101
10.779,-1.270E-2,-0.101
10.796,-1.335E-2,-0.101
10.813,-1.428E-2,-0.101
10.830,-1.517E-2,-0.101
10.846,-1.570E-2,-0.101
10.863,-1.565E-2,-0.101
10.880,-1.512E-2,-0.101
10.897,-1.419E-2,-0.101
10.914,-1.326E-2,-0.101
10.931,-1.270E-2,-0.101
10.947,-1.262E-2,-0.101
10.964,-1.316E-2,-0.101
10.981,-1.404E-2,-0.101
10.998,-1.490E-2,-0.101
11.015,-1.556E-2,-0.101
11.032,-1.565E-2,-0.101
11.048,-1.518E-2,-0.101
11.065,-1.434E-2,-0.101
11.082,-1.342E-2,-0.101
11.099,-1.278E-2,-0.101
11.116,-1.263E-2,-0.101
11.133,-1.302E-2,-0.101
11.150,-1.382E-2,-0.101
11.166,-1.474E-2,-0.101
11.183,-1.543E-2,-0.101
11.200,-1.561E-2,-0.101
11.217,-1.526E-2,-0.101
11.234,-1.449E-2,-0.101
11.251,-1.360E-2,-0.101
11.267,-1.291E-2,-0.101
11.284,-1.265E-2,-0.101
11.301,-1.293E-2,-0.101
11.318,-1.366E-2,-0.101
11.335,-1.458E-2,-0.101
11.352,-1.531E-2,-0.101
11.368,-1.561E-2,-0.101
11.385,-1.535E-2,-0.101
11.402,-1.467E-2,-0.101
11.419,-1.380E-2,-0.101
11.436,-1.302E-2,-0.101
11.453,-1.267E-2,-0.101
11.470,-1.281E-2,-0.101
11.486,-1.345E-2,-0.101
11.503,-1.434E-2,-0.101
11.520,-1.512E-2,-0.101
11.537,-1.552E-2,-0.101
11.554,-1.542E-2,-0.101
11.571,-1.482E-2,-0.101
11.587,-1.393E-2,-0.101
11.604,-1.316E-2,-0.101
11.621,-1.273E-2,-0.101
11.638,-1.280E-2,-0.101
11.655,-1.333E-2,-0.101
11.672,-1.418E-2,-0.101
11.688,-1.496E-2,-0.101
11.705,-1.550E-2,-0.101
11.722,-1.548E-2,-0.101
11.739,-1.500E-2,-0.101
11.756,-1.416E-2,-0.101
11.773,-1.336E-2,-0.101
11.790,-1.283E-2,-0.101
11.806,-1.278E-2,-0.101
11.823,-1.322E-2,-0.101
11.840,-1.400E-2,-0.101
11.857,-1.483E-2,-0.101
11.874,-1.536E-2,-0.101
11.891,-1.546E-2,-0.101
11.907,-1.508E-2,-0.101
11.924,-1.432E-2,-0.101
11.941,-1.352E-2,-0.101
11.958,-1.290E-2,-0.101
11.975,-1.279E-2,-0.101
11.992,-1.313E-2,-0.101
12.008,-1.388E-2,-0.101
12.025,-1.467E-2,-0.101
12.042,-1.532E-2,-0.101
12.059,-1.557E-2,-0.101
12.076,-1.522E-2,-0.101
12.093,-1.456E-2,-0.101
12.110,-1.373E-2,-0.101
12.126,-1.306E-2,-0.101
12.143,-1.282E-2,-0.101
12.160,-1.303E-2,-0.101
12.177,-1.368E-2,-0.101
12.194,-1.449E-2,-0.101
12.211,-1.514E-2,-0.101
12.227,-1.543E-2,-0.101
12.244,-1.523E-2,-0.101
12.261,-1.463E-2,-0.101
12.278,-1.384E-2,-0.101
12.295,-1.314E-2,-0.101
12.312,-1.280E-2,-0.101
12.328,-1.295E-2,-0.101
12.345,-1.350E-2,-0.101
12.362,-1.430E-2,-0.101
12.379,-1.500E-2,-0.101
12.396,-1.538E-2,-0.101
12.413,-1.527E-2,-0.101
12.430,-1.480E-2,-0.101
12.446,-1.404E-2,-0.101
12.463,-1.329E-2,-0.101
12.480,-1.291E-2,-0.101
12.497,-1.293E-2,-0.101
12.514,-1.343E-2,-0.101
12.531,-1.414E-2,-0.101
12.547,-1.489E-2,-0.101
12.564,-1.534E-2,-0.101
12.581,-1.534E-2,-0.101
12.598,-1.494E-2,-0.101
12.615,-1.421E-2,-0.101
12.632,-1.347E-2,-0.101
12.648,-1.297E-2,-0.101
12.665,-1.293E-2,-0.101
12.682,-1.329E-2,-0.101
12.699,-1.399E-2,-0.101
12.716,-1.473E-2,-0.101
12.733,-1.526E-2,-0.101
12.750,-1.537E-2,-0.101
12.766,-1.502E-2,-0.101
12.783,-1.437E-2,-0.101
12.800,-1.361E-2,-0.101
12.817,-1.307E-2,-0.101
12.834,-1.291E-2,-0.101
12.851,-1.317E-2,-0.101
12.867,-1.386E-2,-0.101
12.884,-1.453E-2,-0.101
12.901,-1.512E-2,-0.101
12.918,-1.532E-2,-0.101
12.935,-1.509E-2,-0.101
12.952,-1.451E-2,-0.101
12.968,-1.378E-2,-0.101
12.985,-1.320E-2,-0.101
13.002,-1.295E-2,-0.101
13.019,-1.316E-2,-0.101
13.036,-1.373E-2,-0.101
13.053,-1.442E-2,-0.101
13.070,-1.504E-2,-0.101
13.086,-1.532E-2,-0.101
13.103,-1.518E-2,-0.101
13.120,-1.464E-2,-0.101
13.137,-1.390E-2,-0.101
13.154,-1.328E-2,-0.101
13.171,-1.299E-2,-0.101
13.187,-1.306E-2,-0.101
13.204,-1.354E-2,-0.101
13.221,-1.427E-2,-0.101
13.238,-1.493E-2,-0.101
13.255,-1.530E-2,-0.101
13.272,-1.520E-2,-0.101
13.288,-1.475E-2,-0.101
13.305,-1.411E-2,-0.101
13.322,-1.347E-2,-0.101
13.339,-1.306E-2,-0.101
13.356,-1.304E-2,-0.101
13.373,-1.342E-2,-0.101
13.390,-1.409E-2,-0.101
13.406,-1.474E-2,-0.101
13.423,-1.519E-2,-0.101
13.440,-1.523E-2,-0.101
13.457,-1.483E-2,-0.101
13.474,-1.422E-2,-0.101
13.491,-1.354E-2,-0.101
13.507,-1.309E-2,-0.101
13.524,-1.297E-2,-0.101
13.541,-1.331E-2,-0.101
13.558,-1.393E-2,-0.101
13.575,-1.462E-2,-0.101
13.592,-1.505E-2,-0.101
13.608,-1.522E-2,-0.101
13.625,-1.491E-2,-0.101
13.642,-1.438E-2,-0.101
13.659,-1.370E-2,-0.101
13.676,-1.320E-2,-0.101
13.693,-1.305E-2,-0.101
13.710,-1.325E-2,-0.101
13.726,-1.380E-2,-0.101
13.743,-1.444E-2,-0.101
13.760,-1.497E-2,-0.101
13.777,-1.516E-2,-0.101
13.794,-1.497E-2,-0.101
13.811,-1.443E-2,-0.101
13.827,-1.376E-2,-0.101
13.844,-1.323E-2,-0.101
13.861,-1.303E-2,-0.101
13.878,-1.317E-2,-0.101
13.895,-1.362E-2,-0.101
13.912,-1.430E-2,-0.101
13.928,-1.486E-2,-0.101
13.945,-1.517E-2,-0.101
13.962,-1.502E-2,-0.101
13.979,-1.457E-2,-0.101
13.996,-1.395E-2,-0.101
14.013,-1.340E-2,-0.101
14.030,-1.306E-2,-0.101
14.046,-1.314E-2,-0.101
14.063,-1.355E-2,-0.101
14.080,-1.420E-2,-0.101
14.097,-1.473E-2,-0.101
14.114,-1.513E-2,-0.101
14.131,-1.509E-2,-0.101
14.147,-1.470E-2,-0.101
14.164,-1.413E-2,-0.101
14.181,-1.352E-2,-0.101
14.198,-1.317E-2,-0.101
14.215,-1.317E-2,-0.101
14.232,-1.352E-2,-0.101
14.248,-1.411E-2,-0.101
14.265,-1.470E-2,-0.101
14.282,-1.510E-2,-0.101
14.299,-1.515E-2,-0.101
14.316,-1.481E-2,-0.101
14.333,-1.427E-2,-0.101
14.350,-1.370E-2,-0.101
14.366,-1.328E-2,-0.101
14.383,-1.316E-2,-0.101
14.400,-1.343E-2,-0.101
14.417,-1.397E-2,-0.101
14.434,-1.455E-2,-0.101
14.451,-1.499E-2,-0.101
14.467,-1.513E-2,-0.101
14.484,-1.489E-2,-0.101
14.501,-1.440E-2,-0.101
14.518,-1.377E-2,-0.101
14.535,-1.333E-2,-0.101
14.552,-1.319E-2,-0.101
14.568,-1.338E-2,-0.101
14.585,-1.384E-2,-0.101
14.602,-1.442E-2,-0.101
14.619,-1.490E-2,-0.101
14.636,-1.511E-2,-0.101
14.653,-1.497E-2,-0.101
14.670,-1.448E-2,-0.101
14.686,-1.391E-2,-0.101
14.703,-1.344E-2,-0.101
14.720,-1.319E-2,-0.101
14.737,-1.329E-2,-0.101
14.754,-1.375E-2,-0.101
14.771,-1.434E-2,-0.101
14.787,-1.488E-2,-0.101
14.804,-1.509E-2,-0.101
14.821,-1.505E-2,-0.101
14.838,-1.468E-2,-0.101
14.855,-1.410E-2,-0.101
14.872,-1.359E-2,-0.101
14.888,-1.333E-2,-0.101
14.905,-1.335E-2,-0.101
14.922,-1.372E-2,-0.101
14.939,-1.427E-2,-0.101
14.956,-1.482E-2,-0.101
14.973,-1.510E-2,-0.101
14.990,-1.510E-2,-0.101
15.006,-1.476E-2,-0.101
15.023,-1.427E-2,-0.101
15.040,-1.374E-2,-0.101
15.057,-1.337E-2,-0.101
15.074,-1.337E-2,-0.101
15.091,-1.365E-2,-0.101
15.107,-1.413E-2,-0.101
15.124,-1.467E-2,-0.101
15.141,-1.507E-2,-0.101
15.158,-1.513E-2,-0.101
15.175,-1.483E-2,-0.101
15.192,-1.437E-2,-0.101
15.208,-1.382E-2,-0.101
15.225,-1.339E-2,-0.101
15.242,-1.329E-2,-0.101
15.259,-1.353E-2,-0.101
15.276,-1.401E-2,-0.101
15.293,-1.454E-2,-0.101
15.310,-1.493E-2,-0.101
15.326,-1.508E-2,-0.101
15.343,-1.489E-2,-0.101
15.360,-1.446E-2,-0.101
15.377,-1.391E-2,-0.101
15.394,-1.350E-2,-0.101
15.411,-1.334E-2,-0.101
15.427,-1.352E-2,-0.101
15.444,-1.392E-2,-0.101
15.461,-1.448E-2,-0.101
15.478,-1.493E-2,-0.101
15.495,-1.508E-2,-0.101
15.512,-1.494E-2,-0.101
15.528,-1.455E-2,-0.101
15.545,-1.405E-2,-0.101
15.562,-1.355E-2,-0.101
15.579,-1.336E-2,-0.101
15.596,-1.346E-2,-0.101
15.613,-1.379E-2,-0.101
15.630,-1.432E-2,-0.101
15.646,-1.477E-2,-0.101
15.663,-1.501E-2,-0.101
15.680,-1.495E-2,-0.101
15.697,-1.460E-2,-0.101
15.714,-1.409E-2,-0.101
15.731,-1.362E-2,-0.101
15.747,-1.335E-2,-0.101
15.764,-1.339E-2,-0.101
15.781,-1.368E-2,-0.101
15.798,-1.422E-2,-0.101
15.815,-1.465E-2,-0.101
15.832,-1.492E-2,-0.101
15.848,-1.493E-2,-0.101
15.865,-1.464E-2,-0.101
15.882,-1.418E-2,-0.101
15.899,-1.370E-2,-0.101
15.916,-1.342E-2,-0.101
15.933,-1.335E-2,-0.101
15.950,-1.363E-2,-0.101
15.966,-1.406E-2,-0.101
15.983,-1.453E-2,-0.101
16.000,-1.488E-2,-0.101
16.017,-1.490E-2,-0.101
16.034,-1.471E-2,-0.101
16.051,-1.428E-2,-0.101
16.067,-1.384E-2,-0.101
16.084,-1.347E-2,-0.101
16.101,-1.336E-2,-0.101
16.118,-1.359E-2,-0.101
16.135,-1.397E-2,-0.101
16.152,-1.441E-2,-0.101
16.168,-1.480E-2,-0.101
16.185,-1.489E-2,-0.101
16.202,-1.475E-2,-0.101
16.219,-1.436E-2,-0.101
16.236,-1.388E-2,-0.101
16.253,-1.352E-2,-0.101
16.270,-1.338E-2,-0.101
16.286,-1.353E-2,-0.101
16.303,-1.390E-2,-0.101
16.320,-1.436E-2,-0.101
16.337,-1.475E-2,-0.101
16.354,-1.493E-2,-0.101
16.371,-1.484E-2,-0.101
16.387,-1.448E-2,-0.101
16.404,-1.401E-2,-0.101
16.421,-1.361E-2,-0.101
16.438,-1.340E-2,-0.101
16.455,-1.348E-2,-0.101
16.472,-1.378E-2,-0.101
16.488,-1.423E-2,-0.101
16.505,-1.461E-2,-0.101
16.522,-1.480E-2,-0.101
16.539,-1.479E-2,-0.101
16.556,-1.449E-2,-0.101
16.573,-1.407E-2,-0.101
16.590,-1.366E-2,-0.101
16.606,-1.343E-2,-0.101
16.623,-1.342E-2,-0.101
16.640,-1.371E-2,-0.101
16.657,-1.412E-2,-0.101
16.674,-1.457E-2,-0.101
16.691,-1.482E-2,-0.101
16.707,-1.481E-2,-0.101
16.724,-1.455E-2,-0.101
16.741,-1.417E-2,-0.101
16.758,-1.373E-2,-0.101
16.775,-1.343E-2,-0.101
16.792,-1.338E-2,-0.101
16.808,-1.362E-2,-0.101
16.825,-1.401E-2,-0.101
16.842,-1.445E-2,-0.101
16.859,-1.473E-2,-0.101
16.876,-1.479E-2,-0.101
16.893,-1.459E-2,-0.101
16.910,-1.425E-2,-0.101
16.926,-1.376E-2,-0.101
16.943,-1.346E-2,-0.101
16.960,-1.337E-2,-0.101
16.977,-1.352E-2,-0.101
16.994,-1.392E-2,-0.101
17.011,-1.434E-2,-0.101
17.027,-1.469E-2,-0.101
17.044,-1.480E-2,-0.101
17.061,-1.465E-2,-0.101
17.078,-1.430E-2,-0.101
17.095,-1.390E-2,-0.101
17.112,-1.355E-2,-0.101
17.128,-1.342E-2,-0.101
17.145,-1.351E-2,-0.101
17.162,-1.387E-2,-0.101
17.179,-1.429E-2,-0.101
17.196,-1.465E-2,-0.101
17.213,-1.478E-2,-0.101
17.230,-1.469E-2,-0.101
17.246,-1.440E-2,-0.101
17.263,-1.399E-2,-0.101
17.280,-1.360E-2,-0.101
17.297,-1.344E-2,-0.101
17.314,-1.348E-2,-0.101
17.331,-1.376E-2,-0.101
17.347,-1.421E-2,-0.101
17.364,-1.455E-2,-0.101
17.381,-1.474E-2,-0.101
17.398,-1.470E-2,-0.101
17.415,-1.446E-2,-0.101
17.432,-1.405E-2,-0.101
17.448,-1.370E-2,-0.101
17.465,-1.349E-2,-0.101
17.482,-1.351E-2,-0.101
17.499,-1.376E-2,-0.101
17.516,-1.415E-2,-0.101
17.533,-1.454E-2,-0.101
17.550,-1.474E-2,-0.101
17.566,-1.479E-2,-0.101
17.583,-1.454E-2,-0.101
17.600,-1.415E-2,-0.101
17.617,-1.380E-2,-0.101
17.634,-1.355E-2,-0.101
17.651,-1.351E-2,-0.101
17.667,-1.372E-2,-0.101
17.684,-1.407E-2,-0.101
17.701,-1.448E-2,-0.101
17.718,-1.473E-2,-0.101
17.735,-1.483E-2,-0.101
17.752,-1.462E-2,-0.101
17.768,-1.427E-2,-0.101
17.785,-1.390E-2,-0.101
17.802,-1.363E-2,-0.101
17.819,-1.355E-2,-0.101
17.836,-1.369E-2,-0.101
17.853,-1.404E-2,-0.101
17.870,-1.441E-2,-0.101
17.886,-1.470E-2,-0.101
17.903,-1.476E-2,-0.101
17.920,-1.466E-2,-0.101
17.937,-1.438E-2,-0.101
17.954,-1.398E-2,-0.101
17.971,-1.369E-2,-0.101
17.987,-1.357E-2,-0.101
18.004,-1.367E-2,-0.101
18.021,-1.395E-2,-0.101
18.038,-1.430E-2,-0.101
18.055,-1.465E-2,-0.101
18.072,-1.478E-2,-0.101
18.088,-1.468E-2,-0.101
18.105,-1.440E-2,-0.101
18.122,-1.405E-2,-0.101
18.139,-1.370E-2,-0.101
18.156,-1.355E-2,-0.101
18.173,-1.361E-2,-0.101
18.190,-1.384E-2,-0.101
18.206,-1.418E-2,-0.101
18.223,-1.451E-2,-0.101
18.240,-1.471E-2,-0.101
18.257,-1.472E-2,-0.101
18.274,-1.448E-2,-0.101
18.291,-1.414E-2,-0.101
18.307,-1.379E-2,-0.101
18.324,-1.359E-2,-0.101
18.341,-1.359E-2,-0.101
18.358,-1.383E-2,-0.101
18.375,-1.415E-2,-0.101
18.392,-1.450E-2,-0.101
18.408,-1.471E-2,-0.101
18.425,-1.471E-2,-0.101
18.442,-1.452E-2,-0.101
18.459,-1.422E-2,-0.101
18.476,-1.386E-2,-0.101
18.493,-1.360E-2,-0.101
18.510,-1.357E-2,-0.101
18.526,-1.373E-2,-0.101
18.543,-1.408E-2,-0.101
18.560,-1.444E-2,-0.101
18.577,-1.467E-2,-0.101
18.594,-1.473E-2,-0.101
18.611,-1.459E-2,-0.101
18.627,-1.428E-2,-0.101
18.644,-1.395E-2,-0.101
