,mass A,,
t,x,y,
0.000,-1.831E-2,-0.104
0.017,-1.855E-2,-0.104
0.034,-1.838E-2,-0.104
0.051,-1.840E-2,-0.104
0.067,-1.851E-2,-0.104
0.084,-1.864E-2,-0.104
0.101,-1.879E-2,-0.104
0.118,-1.883E-2,-0.104
0.135,-1.878E-2,-0.104
0.152,-1.859E-2,-0.104
0.168,-1.853E-2,-0.104
0.185,-1.857E-2,-0.104
0.202,-1.856E-2,-0.104
0.219,-1.853E-2,-0.104
0.236,-1.858E-2,-0.104
0.253,-1.864E-2,-0.104
0.270,-1.878E-2,-0.104
0.286,-1.888E-2,-0.104
0.303,-1.893E-2,-0.104
0.320,-1.889E-2,-0.104
0.337,-1.885E-2,-0.104
0.354,-1.890E-2,-0.104
0.371,-1.888E-2,-0.104
0.387,-1.881E-2,-0.104
0.404,-1.878E-2,-0.104
0.421,-1.882E-2,-0.104
0.438,-1.889E-2,-0.104
0.455,-1.896E-2,-0.104
0.472,-1.896E-2,-0.104
0.488,-1.896E-2,-0.104
0.505,-1.900E-2,-0.104
0.522,-1.908E-2,-0.104
0.539,-1.910E-2,-0.104
0.556,-1.898E-2,-0.104
0.573,-1.888E-2,-0.104
0.590,-1.878E-2,-0.104
0.606,-1.871E-2,-0.104
0.623,-1.866E-2,-0.104
0.640,-1.862E-2,-0.104
0.657,-1.861E-2,-0.104
0.674,-1.867E-2,-0.104
0.691,-1.875E-2,-0.104
0.707,-1.876E-2,-0.104
0.724,-1.880E-2,-0.104
0.741,-1.884E-2,-0.104
0.758,-1.892E-2,-0.104
0.775,-1.894E-2,-0.104
0.792,-1.896E-2,-0.104
0.809,-1.894E-2,-0.104
0.825,-1.888E-2,-0.104
0.842,-1.883E-2,-0.104
0.859,-1.880E-2,-0.104
0.876,-1.871E-2,-0.104
0.893,-1.865E-2,-0.104
0.910,-1.858E-2,-0.104
0.926,-1.856E-2,-0.104
0.943,-1.858E-2,-0.104
0.960,-1.865E-2,-0.104
0.977,-1.880E-2,-0.104
0.994,-1.896E-2,-0.104
1.011,-1.906E-2,-0.104
1.028,-1.916E-2,-0.104
1.044,-1.913E-2,-0.104
1.061,-1.913E-2,-0.104
1.078,-1.908E-2,-0.104
1.095,-1.903E-2,-0.104
1.112,-1.900E-2,-0.104
1.129,-1.891E-2,-0.104
1.145,-1.881E-2,-0.104
1.162,-1.874E-2,-0.104
1.179,-1.869E-2,-0.104
1.196,-1.867E-2,-0.104
1.213,-1.868E-2,-0.104
1.230,-1.868E-2,-0.104
1.246,-1.869E-2,-0.104
1.263,-1.870E-2,-0.104
1.280,-1.875E-2,-0.104
1.297,-1.877E-2,-0.104
1.314,-1.877E-2,-0.104
1.331,-1.881E-2,-0.104
1.348,-1.879E-2,-0.104
1.364,-1.878E-2,-0.104
1.381,-1.875E-2,-0.104
1.398,-1.875E-2,-0.104
1.415,-1.876E-2,-0.104
1.432,-1.883E-2,-0.104
1.449,-1.892E-2,-0.104
1.465,-1.897E-2,-0.104
1.482,-1.897E-2,-0.104
1.499,-1.896E-2,-0.104
1.516,-1.892E-2,-0.104
1.533,-1.892E-2,-0.104
1.550,-1.892E-2,-0.104
1.567,-1.894E-2,-0.104
1.583,-1.898E-2,-0.104
1.600,-1.901E-2,-0.104
1.617,-1.905E-2,-0.104
1.634,-1.907E-2,-0.104
1.651,-1.912E-2,-0.104
1.668,-1.913E-2,-0.104
1.684,-1.912E-2,-0.104
1.701,-1.912E-2,-0.104
1.718,-1.912E-2,-0.104
1.735,-1.913E-2,-0.104
1.752,-1.917E-2,-0.104
1.769,-1.920E-2,-0.104
1.785,-1.919E-2,-0.104
1.802,-1.918E-2,-0.104
1.819,-1.917E-2,-0.104
1.836,-1.913E-2,-0.104
1.853,-1.902E-2,-0.104
1.870,-1.896E-2,-0.104
1.887,-1.892E-2,-0.104
1.903,-1.891E-2,-0.104
1.920,-1.894E-2,-0.104
1.937,-1.895E-2,-0.104
1.954,-1.899E-2,-0.104
1.971,-1.898E-2,-0.104
1.988,-1.902E-2,-0.104
2.004,-1.905E-2,-0.104
2.021,-1.909E-2,-0.104
2.038,-1.910E-2,-0.104
2.055,-1.911E-2,-0.104
2.072,-1.912E-2,-0.104
2.089,-1.907E-2,-0.104
2.106,-1.903E-2,-0.104
2.122,-1.901E-2,-0.104
2.139,-1.896E-2,-0.104
2.156,-1.895E-2,-0.104
2.173,-1.891E-2,-0.104
2.190,-1.888E-2,-0.104
2.207,-1.888E-2,-0.104
2.223,-1.889E-2,-0.104
2.240,-1.889E-2,-0.104
2.257,-1.888E-2,-0.104
2.274,-1.884E-2,-0.104
2.291,-1.884E-2,-0.104
2.308,-1.881E-2,-0.104
2.325,-1.879E-2,-0.104
2.341,-1.878E-2,-0.104
2.358,-1.876E-2,-0.104
2.375,-1.871E-2,-0.104
2.392,-1.866E-2,-0.104
2.409,-1.857E-2,-0.104
2.426,-1.839E-2,-0.104
2.442,-1.817E-2,-0.104
2.459,-1.756E-2,-0.104
2.476,-1.654E-2,-0.104
2.493,-1.486E-2,-0.105
2.510,-1.169E-2,-0.105
2.527,-7.189E-3,-0.105
2.543,-1.232E-3,-0.105
2.560,4.911E-3,-0.105
2.577,1.108E-2,-0.105
2.594,1.602E-2,-0.105
2.611,1.946E-2,-0.104
2.628,2.071E-2,-0.104
2.645,1.957E-2,-0.104
2.661,1.619E-2,-0.105
2.678,1.127E-2,-0.105
2.695,5.140E-3,-0.105
2.712,-9.515E-4,-0.105
2.729,-6.993E-3,-0.105
2.746,-1.141E-2,-0.105
2.762,-1.430E-2,-0.105
2.779,-1.511E-2,-0.105
2.796,-1.393E-2,-0.105
2.813,-1.068E-2,-0.105
2.830,-6.073E-3,-0.105
2.847,-4.823E-7,-0.105
2.864,6.396E-3,-0.105
2.880,1.192E-2,-0.105
2.897,1.684E-2,-0.104
2.914,1.968E-2,-0.104
2.931,2.052E-2,-0.104
2.948,1.898E-2,-0.104
2.965,1.537E-2,-0.105
2.981,1.018E-2,-0.105
2.998,4.022E-3,-0.105
3.015,-2.061E-3,-0.105
3.032,-7.588E-3,-0.105
3.049,-1.194E-2,-0.105
3.066,-1.439E-2,-0.105
3.083,-1.478E-2,-0.105
3.099,-1.318E-2,-0.105
3.116,-9.597E-3,-0.105
3.133,-4.802E-3,-0.105
3.150,1.185E-3,-0.105
3.167,7.360E-3,-0.105
3.184,1.298E-2,-0.105
3.200,1.734E-2,-0.104
3.217,1.995E-2,-0.104
3.234,2.028E-2,-0.104
3.251,1.843E-2,-0.104
3.268,1.460E-2,-0.105
3.285,9.332E-3,-0.105
3.301,3.029E-3,-0.105
3.318,-2.958E-3,-0.105
3.335,-8.280E-3,-0.105
3.352,-1.233E-2,-0.105
3.369,-1.438E-2,-0.105
3.386,-1.450E-2,-0.105
3.403,-1.263E-2,-0.105
3.419,-8.849E-3,-0.105
3.436,-3.641E-3,-0.105
3.453,2.354E-3,-0.105
3.470,8.382E-3,-0.105
3.487,1.379E-2,-0.105
3.504,1.780E-2,-0.104
3.520,1.988E-2,-0.104
3.537,1.982E-2,-0.104
3.554,1.763E-2,-0.104
3.571,1.346E-2,-0.105
3.588,8.041E-3,-0.105
3.605,2.066E-3,-0.105
3.622,-3.912E-3,-0.105
3.638,-8.948E-3,-0.105
3.655,-1.258E-2,-0.105
3.672,-1.435E-2,-0.105
3.689,-1.406E-2,-0.105
3.706,-1.183E-2,-0.105
3.723,-7.722E-3,-0.105
3.739,-2.418E-3,-0.105
3.756,3.505E-3,-0.105
3.773,9.319E-3,-0.105
3.790,1.443E-2,-0.105
3.807,1.820E-2,-0.104
3.824,1.988E-2,-0.104
3.840,1.949E-2,-0.104
3.857,1.697E-2,-0.104
3.874,1.280E-2,-0.105
3.891,7.270E-3,-0.105
3.908,1.159E-3,-0.105
3.925,-4.622E-3,-0.105
3.942,-9.485E-3,-0.105
3.958,-1.269E-2,-0.105
3.975,-1.424E-2,-0.105
3.992,-1.356E-2,-0.105
4.009,-1.101E-2,-0.105
4.026,-6.775E-3,-0.105
4.043,-1.456E-3,-0.105
4.059,4.393E-3,-0.105
4.076,1.034E-2,-0.105
4.093,1.520E-2,-0.105
4.110,1.855E-2,-0.104
4.127,1.986E-2,-0.104
4.144,1.903E-2,-0.104
4.161,1.610E-2,-0.104
4.177,1.153E-2,-0.105
4.194,6.110E-3,-0.105
4.211,5.909E-5,-0.105
4.228,-5.658E-3,-0.105
4.245,-1.022E-2,-0.105
4.262,-1.297E-2,-0.105
4.278,-1.411E-2,-0.105
4.295,-1.308E-2,-0.105
4.312,-1.027E-2,-0.105
4.329,-6.044E-3,-0.105
4.346,-4.963E-4,-0.105
4.363,5.320E-3,-0.105
4.380,1.103E-2,-0.105
4.396,1.565E-2,-0.105
4.413,1.871E-2,-0.104
4.430,1.959E-2,-0.104
4.447,1.854E-2,-0.104
4.464,1.535E-2,-0.105
4.481,1.061E-2,-0.105
4.497,4.866E-3,-0.105
4.514,-8.580E-4,-0.105
4.531,-6.366E-3,-0.105
4.548,-1.044E-2,-0.105
4.565,-1.310E-2,-0.105
4.582,-1.392E-2,-0.105
4.598,-1.257E-2,-0.105
4.615,-9.660E-3,-0.105
4.632,-5.073E-3,-0.105
4.649,4.905E-4,-0.105
4.666,6.433E-3,-0.105
4.683,1.168E-2,-0.105
4.700,1.597E-2,-0.105
4.716,1.878E-2,-0.104
4.733,1.933E-2,-0.104
4.750,1.781E-2,-0.104
4.767,1.463E-2,-0.105
4.784,9.766E-3,-0.105
4.801,3.987E-3,-0.105
4.817,-1.655E-3,-0.105
4.834,-6.829E-3,-0.105
4.851,-1.082E-2,-0.105
4.868,-1.317E-2,-0.105
4.885,-1.360E-2,-0.105
4.902,-1.216E-2,-0.105
4.919,-8.865E-3,-0.105
4.935,-4.097E-3,-0.105
4.952,1.493E-3,-0.105
4.969,7.246E-3,-0.105
4.986,1.255E-2,-0.105
5.003,1.659E-2,-0.104
5.020,1.884E-2,-0.104
5.036,1.913E-2,-0.104
5.053,1.737E-2,-0.104
5.070,1.367E-2,-0.105
5.087,8.708E-3,-0.105
5.104,3.092E-3,-0.105
5.121,-2.505E-3,-0.105
5.138,-7.450E-3,-0.105
5.154,-1.119E-2,-0.105
5.171,-1.320E-2,-0.105
5.188,-1.332E-2,-0.105
5.205,-1.156E-2,-0.105
5.222,-8.055E-3,-0.105
5.239,-3.279E-3,-0.105
5.255,2.357E-3,-0.105
5.272,7.964E-3,-0.105
5.289,1.308E-2,-0.105
5.306,1.686E-2,-0.104
5.323,1.886E-2,-0.104
5.340,1.886E-2,-0.104
5.356,1.688E-2,-0.104
5.373,1.307E-2,-0.105
5.390,7.935E-3,-0.105
5.407,2.292E-3,-0.105
5.424,-3.240E-3,-0.105
5.441,-7.953E-3,-0.105
5.458,-1.146E-2,-0.105
5.474,-1.314E-2,-0.105
5.491,-1.293E-2,-0.105
5.508,-1.094E-2,-0.105
5.525,-7.208E-3,-0.105
5.542,-2.350E-3,-0.105
5.559,3.158E-3,-0.105
5.575,8.686E-3,-0.105
5.592,1.355E-2,-0.105
5.609,1.710E-2,-0.104
5.626,1.878E-2,-0.104
5.643,1.850E-2,-0.104
5.660,1.630E-2,-0.104
5.677,1.236E-2,-0.105
5.693,7.068E-3,-0.105
5.710,1.452E-3,-0.105
5.727,-3.970E-3,-0.105
5.744,-8.510E-3,-0.105
5.761,-1.165E-2,-0.105
5.778,-1.308E-2,-0.105
5.794,-1.260E-2,-0.105
5.811,-1.039E-2,-0.105
5.828,-6.547E-3,-0.105
5.845,-1.621E-3,-0.105
5.862,3.814E-3,-0.105
5.879,9.387E-3,-0.105
5.896,1.387E-2,-0.105
5.912,1.719E-2,-0.104
5.929,1.866E-2,-0.104
5.946,1.812E-2,-0.104
5.963,1.547E-2,-0.104
5.980,1.159E-2,-0.105
5.997,6.411E-3,-0.105
6.013,7.349E-4,-0.105
6.030,-4.559E-3,-0.105
6.047,-8.878E-3,-0.105
6.064,-1.181E-2,-0.105
6.081,-1.293E-2,-0.105
6.098,-1.232E-2,-0.105
6.114,-9.680E-3,-0.105
6.131,-5.662E-3,-0.105
6.148,-7.138E-4,-0.105
6.165,4.937E-3,-0.105
6.182,1.010E-2,-0.105
6.199,1.456E-2,-0.105
6.216,1.740E-2,-0.104
6.232,1.858E-2,-0.104
6.249,1.763E-2,-0.104
6.266,1.502E-2,-0.105
6.283,1.078E-2,-0.105
6.300,5.686E-3,-0.105
6.317,6.194E-5,-0.105
6.333,-5.111E-3,-0.105
6.350,-9.223E-3,-0.105
6.367,-1.188E-2,-0.105
6.384,-1.286E-2,-0.105
6.401,-1.189E-2,-0.105
6.418,-9.238E-3,-0.105
6.435,-5.164E-3,-0.105
6.451,3.462E-5,-0.105
6.468,5.336E-3,-0.105
6.485,1.062E-2,-0.105
6.502,1.489E-2,-0.105
6.519,1.750E-2,-0.104
6.536,1.840E-2,-0.104
6.552,1.723E-2,-0.104
6.569,1.416E-2,-0.105
6.586,9.991E-3,-0.105
6.603,4.677E-3,-0.105
6.620,-6.372E-4,-0.105
6.637,-5.693E-3,-0.105
6.653,-9.569E-3,-0.105
6.670,-1.197E-2,-0.105
6.687,-1.265E-2,-0.105
6.704,-1.144E-2,-0.105
6.721,-8.633E-3,-0.105
6.738,-4.395E-3,-0.105
6.755,7.594E-4,-0.105
6.771,5.960E-3,-0.105
6.788,1.109E-2,-0.105
6.805,1.514E-2,-0.105
6.822,1.752E-2,-0.104
6.839,1.807E-2,-0.104
6.856,1.686E-2,-0.104
6.872,1.365E-2,-0.105
6.889,9.222E-3,-0.105
6.906,4.023E-3,-0.105
6.923,-1.195E-3,-0.105
6.940,-6.115E-3,-0.105
6.957,-9.794E-3,-0.105
6.974,-1.194E-2,-0.105
6.990,-1.238E-2,-0.105
7.007,-1.096E-2,-0.105
7.024,-7.990E-3,-0.105
7.041,-3.671E-3,-0.105
7.058,1.553E-3,-0.105
7.075,6.840E-3,-0.105
7.091,1.153E-2,-0.105
7.108,1.536E-2,-0.105
7.125,1.754E-2,-0.104
7.142,1.786E-2,-0.104
7.159,1.630E-2,-0.105
7.176,1.312E-2,-0.105
7.193,8.566E-3,-0.105
7.209,3.401E-3,-0.105
7.226,-1.786E-3,-0.105
7.243,-6.590E-3,-0.105
7.260,-1.007E-2,-0.105
7.277,-1.194E-2,-0.105
7.294,-1.214E-2,-0.105
7.310,-1.049E-2,-0.105
7.327,-7.386E-3,-0.105
7.344,-3.054E-3,-0.105
7.361,2.116E-3,-0.105
7.378,7.368E-3,-0.105
7.395,1.190E-2,-0.105
7.411,1.559E-2,-0.105
7.428,1.752E-2,-0.104
7.445,1.763E-2,-0.104
7.462,1.594E-2,-0.105
7.479,1.265E-2,-0.105
7.496,7.953E-3,-0.105
7.513,2.846E-3,-0.105
7.529,-2.267E-3,-0.105
7.546,-6.727E-3,-0.105
7.563,-1.004E-2,-0.105
7.580,-1.186E-2,-0.105
7.597,-1.188E-2,-0.105
7.614,-1.004E-2,-0.105
7.630,-6.694E-3,-0.105
7.647,-2.332E-3,-0.105
7.664,2.734E-3,-0.105
7.681,7.908E-3,-0.105
7.698,1.250E-2,-0.105
7.715,1.570E-2,-0.105
7.732,1.747E-2,-0.104
7.748,1.738E-2,-0.104
7.765,1.546E-2,-0.105
7.782,1.205E-2,-0.105
7.799,7.366E-3,-0.105
7.816,2.267E-3,-0.105
7.833,-2.788E-3,-0.105
7.849,-7.088E-3,-0.105
7.866,-1.018E-2,-0.105
7.883,-1.180E-2,-0.105
7.900,-1.161E-2,-0.105
7.917,-9.767E-3,-0.105
7.934,-6.418E-3,-0.105
7.951,-1.841E-3,-0.105
7.967,3.234E-3,-0.105
7.984,8.195E-3,-0.105
8.001,1.272E-2,-0.105
8.018,1.580E-2,-0.104
8.035,1.738E-2,-0.104
8.052,1.708E-2,-0.104
8.068,1.500E-2,-0.105
8.085,1.131E-2,-0.105
8.102,6.778E-3,-0.105
8.119,1.632E-3,-0.105
8.136,-3.306E-3,-0.105
8.153,-7.417E-3,-0.105
8.169,-1.029E-2,-0.105
8.186,-1.170E-2,-0.105
8.203,-1.129E-2,-0.105
8.220,-9.264E-3,-0.105
8.237,-5.853E-3,-0.105
8.254,-1.189E-3,-0.105
8.271,3.764E-3,-0.105
8.287,8.651E-3,-0.105
8.304,1.302E-2,-0.105
8.321,1.592E-2,-0.105
8.338,1.729E-2,-0.104
8.355,1.684E-2,-0.104
8.372,1.466E-2,-0.105
8.388,1.084E-2,-0.105
8.405,6.306E-3,-0.105
8.422,1.158E-3,-0.105
8.439,-3.708E-3,-0.105
8.456,-7.592E-3,-0.105
8.473,-1.032E-2,-0.105
8.490,-1.156E-2,-0.105
8.506,-1.093E-2,-0.105
8.523,-8.782E-3,-0.105
8.540,-5.330E-3,-0.105
8.557,-6.108E-4,-0.105
8.574,4.335E-3,-0.105
8.591,9.123E-3,-0.105
8.607,1.330E-2,-0.105
8.624,1.601E-2,-0.104
8.641,1.717E-2,-0.104
8.658,1.642E-2,-0.104
8.675,1.407E-2,-0.105
8.692,1.035E-2,-0.105
8.708,5.557E-3,-0.105
8.725,7.301E-4,-0.105
8.742,-4.043E-3,-0.105
8.759,-7.790E-3,-0.105
8.776,-1.038E-2,-0.105
8.793,-1.138E-2,-0.105
8.810,-1.063E-2,-0.105
8.826,-8.406E-3,-0.105
8.843,-4.805E-3,-0.105
8.860,-7.566E-5,-0.105
8.877,4.728E-3,-0.105
8.894,9.609E-3,-0.105
8.911,1.343E-2,-0.105
8.927,1.599E-2,-0.105
8.944,1.700E-2,-0.104
8.961,1.612E-2,-0.105
8.978,1.366E-2,-0.105
8.995,9.749E-3,-0.105
9.012,5.053E-3,-0.105
9.029,2.411E-4,-0.105
9.045,-4.432E-3,-0.105
9.062,-8.058E-3,-0.105
9.079,-1.042E-2,-0.105
9.096,-1.126E-2,-0.105
9.113,-1.035E-2,-0.105
9.130,-7.901E-3,-0.105
9.146,-4.271E-3,-0.105
9.163,3.900E-4,-0.105
9.180,5.168E-3,-0.105
9.197,9.960E-3,-0.105
9.214,1.366E-2,-0.105
9.231,1.606E-2,-0.104
9.248,1.689E-2,-0.104
9.264,1.586E-2,-0.105
9.281,1.327E-2,-0.105
9.298,9.284E-3,-0.105
9.315,4.635E-3,-0.105
9.332,-1.750E-4,-0.105
9.349,-4.700E-3,-0.105
9.365,-8.187E-3,-0.105
9.382,-1.038E-2,-0.105
9.399,-1.108E-2,-0.105
9.416,-9.982E-3,-0.105
9.433,-7.488E-3,-0.105
9.450,-3.788E-3,-0.105
9.466,8.001E-4,-0.105
9.483,5.773E-3,-0.105
9.500,1.024E-2,-0.105
9.517,1.377E-2,-0.105
9.534,1.600E-2,-0.104
9.551,1.668E-2,-0.104
9.568,1.557E-2,-0.105
9.584,1.288E-2,-0.105
9.601,8.797E-3,-0.105
9.618,4.137E-3,-0.105
9.635,-5.241E-4,-0.105
9.652,-4.996E-3,-0.105
9.669,-8.319E-3,-0.105
9.685,-1.035E-2,-0.105
9.702,-1.087E-2,-0.105
9.719,-9.655E-3,-0.105
9.736,-6.979E-3,-0.105
9.753,-3.285E-3,-0.105
9.770,1.342E-3,-0.105
9.787,6.188E-3,-0.105
9.803,1.052E-2,-0.105
9.820,1.407E-2,-0.105
9.837,1.612E-2,-0.104
9.854,1.651E-2,-0.104
9.871,1.523E-2,-0.104
9.888,1.252E-2,-0.105
9.904,8.617E-3,-0.105
9.921,3.984E-3,-0.105
9.938,-8.972E-4,-0.105
9.955,-5.004E-3,-0.105
9.972,-8.424E-3,-0.105
9.989,-1.029E-2,-0.105
10.006,-1.067E-2,-0.105
10.022,-9.315E-3,-0.105
10.039,-6.599E-3,-0.105
10.056,-2.887E-3,-0.105
10.073,1.736E-3,-0.105
10.090,6.529E-3,-0.105
10.107,1.074E-2,-0.105
10.123,1.399E-2,-0.105
10.140,1.597E-2,-0.105
10.157,1.633E-2,-0.104
10.174,1.495E-2,-0.105
10.191,1.213E-2,-0.105
10.208,7.943E-3,-0.105
10.224,3.353E-3,-0.105
10.241,-1.252E-3,-0.105
10.258,-5.475E-3,-0.105
10.275,-8.512E-3,-0.105
10.292,-1.024E-2,-0.105
10.309,-1.047E-2,-0.105
10.326,-9.027E-3,-0.105
10.342,-6.290E-3,-0.105
10.359,-2.462E-3,-0.105
10.376,2.069E-3,-0.105
10.393,6.760E-3,-0.105
10.410,1.089E-2,-0.105
10.427,1.405E-2,-0.105
10.443,1.586E-2,-0.104
10.460,1.604E-2,-0.104
10.477,1.466E-2,-0.105
10.494,1.162E-2,-0.105
10.511,7.675E-3,-0.105
10.528,3.061E-3,-0.105
10.545,-1.471E-3,-0.105
10.561,-5.597E-3,-0.105
10.578,-8.534E-3,-0.105
10.595,-1.013E-2,-0.105
10.612,-1.023E-2,-0.105
10.629,-8.810E-3,-0.105
10.646,-6.082E-3,-0.105
10.662,-2.042E-3,-0.105
10.679,2.470E-3,-0.105
10.696,7.081E-3,-0.105
10.713,1.109E-2,-0.105
10.730,1.410E-2,-0.105
10.747,1.580E-2,-0.105
10.764,1.585E-2,-0.105
10.780,1.428E-2,-0.105
10.797,1.128E-2,-0.105
10.814,7.312E-3,-0.105
10.831,2.748E-3,-0.105
10.848,-1.757E-3,-0.105
10.865,-5.758E-3,-0.105
10.881,-8.606E-3,-0.105
10.898,-1.007E-2,-0.105
10.915,-1.007E-2,-0.105
10.932,-8.558E-3,-0.105
10.949,-5.733E-3,-0.105
10.966,-1.708E-3,-0.105
10.982,2.728E-3,-0.105
10.999,7.296E-3,-0.105
11.016,1.121E-2,-0.105
11.033,1.412E-2,-0.105
11.050,1.570E-2,-0.105
11.067,1.565E-2,-0.105
11.084,1.392E-2,-0.105
11.100,1.095E-2,-0.105
11.117,6.937E-3,-0.105
11.134,2.360E-3,-0.105
11.151,-2.023E-3,-0.105
11.168,-5.759E-3,-0.105
11.185,-8.641E-3,-0.105
11.201,-1.012E-2,-0.105
11.218,-9.954E-3,-0.105
11.235,-8.232E-3,-0.105
11.252,-5.367E-3,-0.105
11.269,-1.340E-3,-0.105
11.286,3.118E-3,-0.105
11.303,7.563E-3,-0.105
11.319,1.139E-2,-0.105
11.336,1.419E-2,-0.105
11.353,1.564E-2,-0.105
11.370,1.548E-2,-0.105
11.387,1.374E-2,-0.105
11.404,1.065E-2,-0.105
11.420,6.688E-3,-0.105
11.437,2.181E-3,-0.105
11.454,-2.165E-3,-0.105
11.471,-5.835E-3,-0.105
11.488,-8.551E-3,-0.105
11.505,-9.911E-3,-0.105
11.521,-9.654E-3,-0.105
11.538,-7.893E-3,-0.105
11.555,-5.011E-3,-0.105
11.572,-1.019E-3,-0.105
11.589,3.352E-3,-0.105
11.606,7.730E-3,-0.105
11.623,1.147E-2,-0.105
11.639,1.416E-2,-0.105
11.656,1.551E-2,-0.105
11.673,1.526E-2,-0.105
11.690,1.344E-2,-0.105
11.707,1.033E-2,-0.105
11.724,6.325E-3,-0.105
11.740,1.901E-3,-0.105
11.757,-2.424E-3,-0.105
11.774,-5.922E-3,-0.105
11.791,-8.584E-3,-0.105
11.808,-9.810E-3,-0.105
11.825,-9.520E-3,-0.105
11.842,-7.668E-3,-0.105
11.858,-4.699E-3,-0.105
11.875,-7.071E-4,-0.105
11.892,3.572E-3,-0.105
11.909,7.936E-3,-0.105
11.926,1.155E-2,-0.105
11.943,1.414E-2,-0.105
11.959,1.540E-2,-0.105
11.976,1.506E-2,-0.105
11.993,1.320E-2,-0.105
12.010,1.015E-2,-0.105
12.027,6.127E-3,-0.105
12.044,1.667E-3,-0.105
12.061,-2.567E-3,-0.105
12.077,-6.013E-3,-0.105
12.094,-8.542E-3,-0.105
12.111,-9.700E-3,-0.105
12.128,-9.275E-3,-0.105
12.145,-7.380E-3,-0.105
12.162,-4.446E-3,-0.105
12.178,-4.957E-4,-0.105
12.195,3.795E-3,-0.105
12.212,8.052E-3,-0.105
12.229,1.162E-2,-0.105
12.246,1.412E-2,-0.105
12.263,1.528E-2,-0.105
12.279,1.488E-2,-0.105
12.296,1.297E-2,-0.105
12.313,9.882E-3,-0.105
12.330,5.903E-3,-0.105
12.347,1.452E-3,-0.105
12.364,-2.677E-3,-0.105
12.381,-6.011E-3,-0.105
12.397,-8.497E-3,-0.105
12.414,-9.459E-3,-0.105
12.431,-9.071E-3,-0.105
12.448,-7.117E-3,-0.105
12.465,-4.147E-3,-0.105
12.482,-1.879E-4,-0.105
12.498,4.011E-3,-0.105
12.515,8.165E-3,-0.105
12.532,1.163E-2,-0.105
12.549,1.408E-2,-0.105
12.566,1.517E-2,-0.105
12.583,1.468E-2,-0.105
12.600,1.274E-2,-0.105
12.616,9.601E-3,-0.105
12.633,5.673E-3,-0.105
12.650,1.268E-3,-0.105
12.667,-2.823E-3,-0.105
12.684,-6.099E-3,-0.105
12.701,-8.461E-3,-0.105
12.717,-9.413E-3,-0.105
12.734,-8.897E-3,-0.105
12.751,-6.887E-3,-0.105
12.768,-3.896E-3,-0.105
12.785,2.678E-5,-0.105
12.802,4.174E-3,-0.105
12.819,8.282E-3,-0.105
12.835,1.169E-2,-0.105
12.852,1.403E-2,-0.105
12.869,1.505E-2,-0.105
12.886,1.440E-2,-0.105
12.903,1.258E-2,-0.105
12.920,9.230E-3,-0.105
12.936,5.241E-3,-0.105
12.953,1.161E-3,-0.105
12.970,-2.896E-3,-0.105
12.987,-6.233E-3,-0.105
13.004,-8.339E-3,-0.105
13.021,-9.231E-3,-0.105
13.037,-8.625E-3,-0.105
13.054,-6.610E-3,-0.105
13.071,-3.602E-3,-0.105
13.088,2.746E-4,-0.105
13.105,4.342E-3,-0.105
13.122,8.413E-3,-0.105
13.139,1.175E-2,-0.105
13.155,1.399E-2,-0.105
13.172,1.491E-2,-0.105
13.189,1.424E-2,-0.105
13.206,1.216E-2,-0.105
13.223,8.989E-3,-0.105
13.240,5.078E-3,-0.105
13.256,9.515E-4,-0.105
13.273,-2.933E-3,-0.105
13.290,-6.290E-3,-0.105
13.307,-8.307E-3,-0.105
13.324,-9.122E-3,-0.105
13.341,-8.454E-3,-0.105
13.358,-6.531E-3,-0.105
13.374,-3.317E-3,-0.105
13.391,5.129E-4,-0.105
13.408,4.564E-3,-0.105
13.425,8.535E-3,-0.105
13.442,1.177E-2,-0.105
13.459,1.397E-2,-0.105
13.475,1.470E-2,-0.105
13.492,1.405E-2,-0.105
13.509,1.200E-2,-0.105
13.526,8.825E-3,-0.105
13.543,4.984E-3,-0.105
13.560,9.399E-4,-0.105
13.576,-2.979E-3,-0.105
13.593,-6.228E-3,-0.105
13.610,-8.179E-3,-0.105
13.627,-8.961E-3,-0.105
13.644,-8.287E-3,-0.105
13.661,-6.406E-3,-0.105
13.678,-3.272E-3,-0.105
13.694,6.271E-4,-0.105
13.711,4.599E-3,-0.105
13.728,8.525E-3,-0.105
13.745,1.170E-2,-0.105
13.762,1.384E-2,-0.105
13.779,1.453E-2,-0.105
13.795,1.386E-2,-0.105
13.812,1.175E-2,-0.105
13.829,8.602E-3,-0.105
13.846,4.725E-3,-0.105
13.863,7.635E-4,-0.105
13.880,-3.044E-3,-0.105
13.897,-6.200E-3,-0.105
13.913,-8.119E-3,-0.105
13.930,-8.850E-3,-0.105
13.947,-8.095E-3,-0.105
13.964,-6.190E-3,-0.105
13.981,-3.002E-3,-0.105
13.998,8.033E-4,-0.105
14.014,4.768E-3,-0.105
14.031,8.565E-3,-0.105
14.048,1.171E-2,-0.105
14.065,1.378E-2,-0.105
14.082,1.444E-2,-0.105
14.099,1.375E-2,-0.105
14.116,1.162E-2,-0.105
14.132,8.498E-3,-0.105
14.149,4.604E-3,-0.105
14.166,7.278E-4,-0.105
14.183,-3.068E-3,-0.105
14.200,-6.165E-3,-0.105
14.217,-8.013E-3,-0.105
14.233,-8.685E-3,-0.105
14.250,-7.904E-3,-0.105
14.267,-5.979E-3,-0.105
14.284,-2.868E-3,-0.105
14.301,9.134E-4,-0.105
14.318,4.848E-3,-0.105
14.334,8.587E-3,-0.105
14.351,1.171E-2,-0.105
14.368,1.369E-2,-0.105
14.385,1.429E-2,-0.105
14.402,1.355E-2,-0.105
14.419,1.144E-2,-0.105
14.436,8.299E-3,-0.105
14.452,4.491E-3,-0.105
14.469,5.920E-4,-0.105
14.486,-3.086E-3,-0.105
14.503,-6.162E-3,-0.105
14.520,-7.934E-3,-0.105
14.537,-8.542E-3,-0.105
14.553,-7.728E-3,-0.105
14.570,-5.811E-3,-0.105
14.587,-2.673E-3,-0.105
14.604,1.044E-3,-0.105
14.621,4.912E-3,-0.105
14.638,8.617E-3,-0.105
14.655,1.162E-2,-0.105
14.671,1.361E-2,-0.105
14.688,1.420E-2,-0.105
14.705,1.346E-2,-0.105
14.722,1.136E-2,-0.105
14.739,8.217E-3,-0.105
14.756,4.431E-3,-0.105
14.772,6.079E-4,-0.105
14.789,-3.078E-3,-0.105
14.806,-6.063E-3,-0.105
14.823,-7.813E-3,-0.105
14.840,-8.409E-3,-0.105
14.857,-7.593E-3,-0.105
14.874,-5.677E-3,-0.105
14.890,-2.599E-3,-0.105
14.907,1.118E-3,-0.105
14.924,4.914E-3,-0.105
14.941,8.591E-3,-0.105
14.958,1.157E-2,-0.105
14.975,1.350E-2,-0.105
14.991,1.402E-2,-0.105
15.008,1.328E-2,-0.105
15.025,1.118E-2,-0.105
15.042,8.114E-3,-0.105
15.059,4.309E-3,-0.105
15.076,5.192E-4,-0.105
15.092,-3.086E-3,-0.105
15.109,-6.010E-3,-0.105
15.126,-7.698E-3,-0.105
15.143,-8.273E-3,-0.105
15.160,-7.434E-3,-0.105
15.177,-5.547E-3,-0.105
15.194,-2.484E-3,-0.105
15.210,1.184E-3,-0.105
15.227,4.947E-3,-0.105
15.244,8.600E-3,-0.105
15.261,1.155E-2,-0.105
15.278,1.341E-2,-0.105
15.295,1.390E-2,-0.105
15.311,1.314E-2,-0.105
15.328,1.108E-2,-0.105
15.345,7.932E-3,-0.105
15.362,4.227E-3,-0.105
15.379,5.060E-4,-0.105
15.396,-3.049E-3,-0.105
15.413,-5.891E-3,-0.105
15.429,-7.569E-3,-0.105
15.446,-8.136E-3,-0.105
15.463,-7.296E-3,-0.105
15.480,-5.389E-3,-0.105
15.497,-2.378E-3,-0.105
15.514,1.241E-3,-0.105
15.530,4.989E-3,-0.105
15.547,8.544E-3,-0.105
15.564,1.142E-2,-0.105
15.581,1.328E-2,-0.105
15.598,1.377E-2,-0.105
15.615,1.298E-2,-0.105
15.632,1.089E-2,-0.105
15.648,7.880E-3,-0.105
15.665,4.200E-3,-0.105
15.682,4.632E-4,-0.105
15.699,-3.018E-3,-0.105
15.716,-5.871E-3,-0.105
15.733,-7.490E-3,-0.105
15.749,-8.007E-3,-0.105
15.766,-7.182E-3,-0.105
15.783,-5.314E-3,-0.105
15.800,-2.295E-3,-0.105
15.817,1.281E-3,-0.105
15.834,4.962E-3,-0.105
15.850,8.495E-3,-0.105
15.867,1.135E-2,-0.105
15.884,1.315E-2,-0.105
15.901,1.361E-2,-0.105
15.918,1.287E-2,-0.105
15.935,1.083E-2,-0.105
15.952,7.763E-3,-0.105
15.968,4.125E-3,-0.105
15.985,5.069E-4,-0.105
16.002,-2.934E-3,-0.105
16.019,-5.717E-3,-0.105
16.036,-7.339E-3,-0.105
16.053,-7.835E-3,-0.105
16.069,-7.028E-3,-0.105
16.086,-5.138E-3,-0.105
16.103,-2.195E-3,-0.105
16.120,1.360E-3,-0.105
16.137,4.984E-3,-0.105
16.154,8.471E-3,-0.105
16.171,1.129E-2,-0.105
16.187,1.305E-2,-0.105
16.204,1.354E-2,-0.105
16.221,1.278E-2,-0.105
16.238,1.076E-2,-0.105
16.255,7.784E-3,-0.105
16.272,4.184E-3,-0.105
16.288,5.671E-4,-0.105
16.305,-2.845E-3,-0.105
16.322,-5.607E-3,-0.105
16.339,-7.212E-3,-0.105
16.356,-7.728E-3,-0.105
16.373,-6.895E-3,-0.105
16.389,-5.046E-3,-0.105
16.406,-2.108E-3,-0.105
16.423,1.412E-3,-0.105
16.440,4.982E-3,-0.105
16.457,8.437E-3,-0.105
16.474,1.123E-2,-0.105
16.491,1.298E-2,-0.105
16.507,1.345E-2,-0.105
16.524,1.272E-2,-0.105
16.541,1.070E-2,-0.105
16.558,7.759E-3,-0.105
16.575,4.202E-3,-0.105
16.592,5.951E-4,-0.105
16.608,-2.781E-3,-0.105
16.625,-5.496E-3,-0.105
16.642,-7.055E-3,-0.105
16.659,-7.565E-3,-0.105
16.676,-6.777E-3,-0.105
16.693,-4.991E-3,-0.105
16.710,-2.127E-3,-0.105
16.726,1.346E-3,-0.105
16.743,4.879E-3,-0.105
16.760,8.302E-3,-0.105
16.777,1.105E-2,-0.105
16.794,1.282E-2,-0.105
16.811,1.327E-2,-0.105
16.827,1.255E-2,-0.105
16.844,1.052E-2,-0.105
16.861,7.577E-3,-0.105
16.878,4.111E-3,-0.105
16.895,6.051E-4,-0.105
16.912,-2.750E-3,-0.105
16.929,-5.460E-3,-0.105
16.945,-7.025E-3,-0.105
16.962,-7.525E-3,-0.105
16.979,-6.713E-3,-0.105
16.996,-4.919E-3,-0.105
17.013,-2.027E-3,-0.105
17.030,1.362E-3,-0.105
17.046,4.861E-3,-0.105
17.063,8.260E-3,-0.105
17.080,1.099E-2,-0.105
17.097,1.273E-2,-0.105
17.114,1.318E-2,-0.105
17.131,1.249E-2,-0.105
17.147,1.052E-2,-0.105
17.164,7.634E-3,-0.105
17.181,4.131E-3,-0.105
17.198,6.878E-4,-0.105
17.215,-2.639E-3,-0.105
17.232,-5.291E-3,-0.105
17.249,-6.847E-3,-0.105
17.265,-7.354E-3,-0.105
17.282,-6.626E-3,-0.105
17.299,-4.872E-3,-0.105
17.316,-2.049E-3,-0.105
17.333,1.284E-3,-0.105
17.350,4.805E-3,-0.105
17.366,8.120E-3,-0.105
17.383,1.083E-2,-0.105
17.400,1.259E-2,-0.105
17.417,1.305E-2,-0.105
17.434,1.238E-2,-0.105
17.451,1.046E-2,-0.105
17.468,7.630E-3,-0.105
17.484,4.202E-3,-0.105
17.501,7.700E-4,-0.105
17.518,-2.499E-3,-0.105
17.535,-5.139E-3,-0.105
17.552,-6.720E-3,-0.105
17.569,-7.227E-3,-0.105
17.585,-6.478E-3,-0.105
17.602,-4.617E-3,-0.105
17.619,-2.014E-3,-0.105
17.636,1.302E-3,-0.105
17.653,4.900E-3,-0.105
17.670,8.022E-3,-0.105
17.687,1.072E-2,-0.105
17.703,1.243E-2,-0.105
17.720,1.295E-2,-0.105
17.737,1.227E-2,-0.105
17.754,1.036E-2,-0.105
17.771,7.607E-3,-0.105
17.788,4.216E-3,-0.105
17.804,7.964E-4,-0.105
17.821,-2.427E-3,-0.105
17.838,-5.050E-3,-0.105
17.855,-6.582E-3,-0.105
17.872,-7.127E-3,-0.105
17.889,-6.418E-3,-0.105
17.905,-4.750E-3,-0.105
17.922,-2.015E-3,-0.105
17.939,1.236E-3,-0.105
17.956,4.604E-3,-0.105
17.973,7.915E-3,-0.105
17.990,1.058E-2,-0.105
18.007,1.219E-2,-0.105
18.023,1.284E-2,-0.105
18.040,1.208E-2,-0.105
18.057,1.037E-2,-0.105
18.074,7.620E-3,-0.105
18.091,4.286E-3,-0.105
18.108,9.544E-4,-0.105
18.124,-2.259E-3,-0.105
18.141,-4.882E-3,-0.105
18.158,-6.447E-3,-0.105
18.175,-6.988E-3,-0.105
18.192,-6.330E-3,-0.105
18.209,-4.656E-3,-0.105
18.226,-1.998E-3,-0.105
18.242,1.193E-3,-0.105
18.259,4.558E-3,-0.105
18.276,7.825E-3,-0.105
18.293,1.051E-2,-0.105
18.310,1.208E-2,-0.105
18.327,1.273E-2,-0.105
18.343,1.200E-2,-0.105
18.360,1.033E-2,-0.105
18.377,7.616E-3,-0.105
18.394,4.348E-3,-0.105
18.411,1.075E-3,-0.105
18.428,-2.148E-3,-0.105
18.444,-4.757E-3,-0.105
18.461,-6.468E-3,-0.105
18.478,-7.022E-3,-0.105
18.495,-6.414E-3,-0.105
18.512,-4.659E-3,-0.105
18.529,-2.030E-3,-0.105
18.546,1.116E-3,-0.105
18.562,4.415E-3,-0.105
18.579,7.705E-3,-0.105
18.596,1.031E-2,-0.105
18.613,1.193E-2,-0.105
18.630,1.260E-2,-0.105
18.647,1.193E-2,-0.105
18.663,1.029E-2,-0.105
18.680,7.634E-3,-0.105
18.697,4.407E-3,-0.105
18.714,1.138E-3,-0.105
18.731,-2.010E-3,-0.105
18.748,-4.590E-3,-0.105
18.765,-6.300E-3,-0.105
18.781,-6.885E-3,-0.105
18.798,-6.302E-3,-0.105
18.815,-4.613E-3,-0.105
18.832,-2.026E-3,-0.105
18.849,1.077E-3,-0.105
18.866,4.335E-3,-0.105
18.882,7.568E-3,-0.105
18.899,1.021E-2,-0.105
18.916,1.184E-2,-0.105
18.933,1.242E-2,-0.105
18.950,1.190E-2,-0.105
18.967,1.029E-2,-0.105
18.984,7.728E-3,-0.105
19.000,4.492E-3,-0.105
19.017,1.255E-3,-0.105
19.034,-1.873E-3,-0.105
19.051,-4.444E-3,-0.105
19.068,-6.129E-3,-0.105
19.085,-6.738E-3,-0.105
19.101,-6.215E-3,-0.105
19.118,-4.589E-3,-0.105
19.135,-2.075E-3,-0.105
19.152,9.922E-4,-0.105
19.169,4.205E-3,-0.105
19.186,7.416E-3,-0.105
19.202,1.006E-2,-0.105
19.219,1.169E-2,-0.105
19.236,1.230E-2,-0.105
19.253,1.181E-2,-0.105
19.270,1.028E-2,-0.105
19.287,7.763E-3,-0.105
19.304,4.603E-3,-0.105
19.320,1.420E-3,-0.105
19.337,-1.688E-3,-0.105
19.354,-4.252E-3,-0.105
19.371,-5.950E-3,-0.105
19.388,-6.652E-3,-0.105
19.405,-6.154E-3,-0.105
19.421,-4.577E-3,-0.105
19.438,-2.137E-3,-0.105
19.455,8.572E-4,-0.105
19.472,3.988E-3,-0.105
19.489,7.235E-3,-0.105
19.506,9.881E-3,-0.105
19.523,1.150E-2,-0.105
19.539,1.225E-2,-0.105
19.556,1.181E-2,-0.105
19.573,1.023E-2,-0.105
19.590,7.770E-3,-0.105
19.607,4.677E-3,-0.105
19.624,1.503E-3,-0.105
19.640,-1.582E-3,-0.105
19.657,-4.157E-3,-0.105
19.674,-5.867E-3,-0.105
19.691,-6.450E-3,-0.105
19.708,-5.978E-3,-0.105
19.725,-4.644E-3,-0.105
19.742,-2.269E-3,-0.105
19.758,7.121E-4,-0.105
19.775,3.888E-3,-0.105
19.792,7.042E-3,-0.105
19.809,9.684E-3,-0.105
19.826,1.134E-2,-0.105
19.843,1.201E-2,-0.105
19.859,1.165E-2,-0.105
19.876,1.025E-2,-0.105
19.893,7.815E-3,-0.105
19.910,4.811E-3,-0.105
19.927,1.662E-3,-0.105
19.944,-1.368E-3,-0.105
19.960,-3.954E-3,-0.105
19.977,-5.719E-3,-0.105
19.994,-6.429E-3,-0.105
20.011,-6.066E-3,-0.105
20.028,-4.611E-3,-0.105
20.045,-2.265E-3,-0.105
20.062,6.518E-4,-0.105
20.078,3.739E-3,-0.105
20.095,6.948E-3,-0.105
20.112,9.379E-3,-0.105
20.129,1.124E-2,-0.105
20.146,1.197E-2,-0.105
20.163,1.164E-2,-0.105
20.179,1.028E-2,-0.105
20.196,7.959E-3,-0.105
20.213,4.957E-3,-0.105
20.230,1.897E-3,-0.105
20.247,-1.138E-3,-0.105
20.264,-3.709E-3,-0.105
20.281,-5.469E-3,-0.105
20.297,-6.260E-3,-0.105
20.314,-5.925E-3,-0.105
20.331,-4.504E-3,-0.105
20.348,-2.234E-3,-0.105
20.365,5.958E-4,-0.105
20.382,3.675E-3,-0.105
20.398,6.797E-3,-0.105
20.415,9.242E-3,-0.105
20.432,1.112E-2,-0.105
20.449,1.184E-2,-0.105
20.466,1.158E-2,-0.105
20.483,1.030E-2,-0.105
20.499,8.018E-3,-0.105
20.516,5.089E-3,-0.105
20.533,2.022E-3,-0.105
20.550,-9.769E-4,-0.105
20.567,-3.521E-3,-0.105
20.584,-5.314E-3,-0.105
20.601,-6.132E-3,-0.105
20.617,-5.838E-3,-0.105
20.634,-4.515E-3,-0.105
20.651,-2.329E-3,-0.105
20.668,4.984E-4,-0.105
20.685,3.504E-3,-0.105
20.702,6.590E-3,-0.105
20.718,9.031E-3,-0.105
20.735,1.093E-2,-0.105
20.752,1.172E-2,-0.105
20.769,1.149E-2,-0.105
20.786,1.026E-2,-0.105
20.803,8.011E-3,-0.105
20.820,5.159E-3,-0.105
20.836,2.154E-3,-0.105
20.853,-7.751E-4,-0.105
20.870,-3.339E-3,-0.105
20.887,-5.211E-3,-0.105
20.904,-6.090E-3,-0.105
20.921,-5.870E-3,-0.105
20.937,-4.570E-3,-0.105
20.954,-2.463E-3,-0.105
20.971,3.181E-4,-0.105
20.988,3.306E-3,-0.105
21.005,6.386E-3,-0.105
21.022,8.820E-3,-0.105
21.039,1.076E-2,-0.105
21.055,1.161E-2,-0.105
21.072,1.146E-2,-0.105
21.089,1.029E-2,-0.105
21.106,8.126E-3,-0.105
21.123,5.312E-3,-0.105
21.140,2.345E-3,-0.105
21.156,-5.959E-4,-0.105
21.173,-3.149E-3,-0.105
21.190,-5.014E-3,-0.105
21.207,-5.927E-3,-0.105
21.224,-5.759E-3,-0.105
21.241,-4.589E-3,-0.105
21.257,-2.567E-3,-0.105
21.274,1.401E-4,-0.105
21.291,3.082E-3,-0.105
21.308,6.121E-3,-0.105
21.325,8.608E-3,-0.105
21.342,1.056E-2,-0.105
21.359,1.147E-2,-0.105
21.375,1.138E-2,-0.105
21.392,1.030E-2,-0.105
21.409,8.196E-3,-0.105
21.426,5.629E-3,-0.105
21.443,2.530E-3,-0.105
21.460,-3.844E-4,-0.105
21.476,-2.916E-3,-0.105
21.493,-4.801E-3,-0.105
21.510,-5.673E-3,-0.105
21.527,-5.576E-3,-0.105
21.544,-4.592E-3,-0.105
21.561,-2.629E-3,-0.105
21.578,-2.361E-5,-0.105
21.594,2.939E-3,-0.105
21.611,5.961E-3,-0.105
21.628,8.459E-3,-0.105
21.645,1.041E-2,-0.105
21.662,1.138E-2,-0.105
21.679,1.134E-2,-0.105
21.695,1.030E-2,-0.105
21.712,8.256E-3,-0.105
21.729,5.589E-3,-0.105
21.746,2.733E-3,-0.105
21.763,-1.285E-4,-0.105
21.780,-2.718E-3,-0.105
21.797,-4.630E-3,-0.105
21.813,-5.645E-3,-0.105
21.830,-5.635E-3,-0.105
21.847,-4.606E-3,-0.105
21.864,-2.661E-3,-0.105
21.881,-8.616E-5,-0.105
21.898,2.803E-3,-0.105
21.914,5.649E-3,-0.105
21.931,8.283E-3,-0.105
21.948,1.025E-2,-0.105
21.965,1.123E-2,-0.105
21.982,1.125E-2,-0.105
21.999,1.029E-2,-0.105
22.015,8.353E-3,-0.105
22.032,5.949E-3,-0.105
22.049,2.960E-3,-0.105
22.066,8.523E-5,-0.105
22.083,-2.471E-3,-0.105
22.100,-4.429E-3,-0.105
22.117,-5.501E-3,-0.105
22.133,-5.524E-3,-0.105
22.150,-4.550E-3,-0.105
22.167,-2.725E-3,-0.105
22.184,-2.382E-4,-0.105
22.201,2.598E-3,-0.105
22.218,5.413E-3,-0.105
22.234,8.073E-3,-0.105
22.251,1.007E-2,-0.105
22.268,1.110E-2,-0.105
22.285,1.118E-2,-0.105
22.302,1.035E-2,-0.105
22.319,8.416E-3,-0.105
22.336,6.061E-3,-0.105
22.352,3.119E-3,-0.105
22.369,3.110E-4,-0.105
22.386,-2.263E-3,-0.105
22.403,-4.221E-3,-0.105
22.420,-5.334E-3,-0.105
22.437,-5.461E-3,-0.105
22.453,-4.571E-3,-0.105
22.470,-2.814E-3,-0.105
22.487,-3.753E-4,-0.105
22.504,2.421E-3,-0.105
22.521,5.207E-3,-0.105
22.538,7.842E-3,-0.105
22.555,9.895E-3,-0.105
22.571,1.097E-2,-0.105
22.588,1.114E-2,-0.105
22.605,1.031E-2,-0.105
22.622,8.496E-3,-0.105
22.639,6.186E-3,-0.105
22.656,3.307E-3,-0.105
22.672,5.185E-4,-0.105
22.689,-2.047E-3,-0.105
22.706,-4.043E-3,-0.105
22.723,-5.215E-3,-0.105
22.740,-5.422E-3,-0.105
22.757,-4.618E-3,-0.105
22.773,-2.908E-3,-0.105
22.790,-5.421E-4,-0.105
22.807,2.173E-3,-0.105
22.824,4.934E-3,-0.105
22.841,7.594E-3,-0.105
22.858,9.524E-3,-0.105
22.875,1.081E-2,-0.105
22.891,1.103E-2,-0.105
22.908,1.032E-2,-0.105
22.925,8.611E-3,-0.105
22.942,6.374E-3,-0.105
22.959,3.543E-3,-0.105
22.976,7.610E-4,-0.105
22.992,-1.758E-3,-0.105
23.009,-3.827E-3,-0.105
23.026,-5.039E-3,-0.105
23.043,-5.318E-3,-0.105
23.060,-4.585E-3,-0.105
23.077,-3.000E-3,-0.105
23.094,-6.756E-4,-0.105
23.110,1.990E-3,-0.105
23.127,4.731E-3,-0.105
23.144,7.377E-3,-0.105
23.161,9.349E-3,-0.105
23.178,1.068E-2,-0.105
23.195,1.097E-2,-0.105
23.211,1.033E-2,-0.105
23.228,8.683E-3,-0.105
23.245,6.503E-3,-0.105
23.262,3.695E-3,-0.105
23.279,9.499E-4,-0.105
23.296,-1.604E-3,-0.105
23.312,-3.625E-3,-0.105
23.329,-4.908E-3,-0.105
23.346,-5.244E-3,-0.105
23.363,-4.607E-3,-0.105
23.380,-3.077E-3,-0.105
23.397,-8.421E-4,-0.105
23.414,1.779E-3,-0.105
23.430,4.489E-3,-0.105
23.447,7.131E-3,-0.105
23.464,9.106E-3,-0.105
23.481,1.048E-2,-0.105
23.498,1.083E-2,-0.105
23.515,1.028E-2,-0.105
23.531,8.734E-3,-0.105
23.548,6.621E-3,-0.105
23.565,3.928E-3,-0.105
23.582,1.221E-3,-0.105
23.599,-1.362E-3,-0.105
23.616,-3.441E-3,-0.105
23.633,-4.743E-3,-0.105
23.649,-5.190E-3,-0.105
23.666,-4.644E-3,-0.105
23.683,-3.192E-3,-0.105
23.700,-1.045E-3,-0.105
23.717,1.546E-3,-0.105
23.734,4.201E-3,-0.105
23.750,6.896E-3,-0.105
23.767,8.856E-3,-0.105
23.784,1.033E-2,-0.105
23.801,1.076E-2,-0.105
23.818,1.029E-2,-0.105
23.835,8.814E-3,-0.105
23.852,6.768E-3,-0.105
23.868,4.104E-3,-0.105
23.885,1.438E-3,-0.105
23.902,-1.129E-3,-0.105
23.919,-3.226E-3,-0.105
23.936,-4.620E-3,-0.105
23.953,-5.095E-3,-0.105
23.969,-4.623E-3,-0.105
23.986,-3.257E-3,-0.105
24.003,-1.188E-3,-0.105
24.020,1.316E-3,-0.105
24.037,3.995E-3,-0.105
24.054,6.690E-3,-0.105
24.070,8.682E-3,-0.105
24.087,1.018E-2,-0.105
24.104,1.068E-2,-0.105
24.121,1.030E-2,-0.105
24.138,9.027E-3,-0.105
24.155,6.945E-3,-0.105
24.172,4.517E-3,-0.105
24.188,1.687E-3,-0.105
24.205,-8.791E-4,-0.105
24.222,-2.977E-3,-0.105
24.239,-4.431E-3,-0.105
24.256,-4.960E-3,-0.105
24.273,-4.627E-3,-0.105
24.289,-3.364E-3,-0.105
24.306,-1.355E-3,-0.105
24.323,1.071E-3,-0.105
24.340,3.684E-3,-0.105
24.357,6.322E-3,-0.105
24.374,8.401E-3,-0.105
24.391,9.959E-3,-0.105
24.407,1.054E-2,-0.105
24.424,1.024E-2,-0.105
24.441,9.059E-3,-0.105
24.458,7.035E-3,-0.105
24.475,4.662E-3,-0.105
24.492,1.873E-3,-0.105
24.508,-6.391E-4,-0.105
24.525,-2.804E-3,-0.105
24.542,-4.264E-3,-0.105
24.559,-4.897E-3,-0.105
24.576,-4.605E-3,-0.105
24.593,-3.416E-3,-0.105
24.610,-1.537E-3,-0.105
24.626,8.849E-4,-0.105
24.643,3.424E-3,-0.105
24.660,6.062E-3,-0.105
24.677,8.182E-3,-0.105
24.694,9.790E-3,-0.105
24.711,1.045E-2,-0.105
24.727,1.021E-2,-0.105
24.744,9.182E-3,-0.105
24.761,7.231E-3,-0.105
24.778,4.918E-3,-0.105
24.795,2.170E-3,-0.105
24.812,-3.404E-4,-0.105
24.828,-2.514E-3,-0.105
24.845,-4.038E-3,-0.105
24.862,-4.765E-3,-0.105
24.879,-4.572E-3,-0.105
24.896,-3.477E-3,-0.105
24.913,-1.640E-3,-0.105
24.930,6.728E-4,-0.105
24.946,3.222E-3,-0.105
24.963,5.670E-3,-0.105
24.980,7.954E-3,-0.105
24.997,9.634E-3,-0.105
25.014,1.037E-2,-0.105
25.031,1.022E-2,-0.105
25.047,9.237E-3,-0.105
25.064,7.366E-3,-0.105
25.081,5.156E-3,-0.105
25.098,2.473E-3,-0.105
25.115,-3.500E-5,-0.105
25.132,-2.232E-3,-0.105
25.149,-3.818E-3,-0.105
25.165,-4.605E-3,-0.105
25.182,-4.517E-3,-0.105
25.199,-3.488E-3,-0.105
25.216,-1.737E-3,-0.105
25.233,5.229E-4,-0.105
25.250,3.059E-3,-0.105
25.266,5.530E-3,-0.105
25.283,7.813E-3,-0.105
25.300,9.349E-3,-0.105
25.317,1.025E-2,-0.105
25.334,1.020E-2,-0.105
25.351,9.194E-3,-0.105
25.367,7.584E-3,-0.105
25.384,5.233E-3,-0.105
25.401,2.775E-3,-0.105
25.418,2.861E-4,-0.105
25.435,-1.955E-3,-0.105
25.452,-3.617E-3,-0.105
25.469,-4.483E-3,-0.105
25.485,-4.460E-3,-0.105
25.502,-3.557E-3,-0.105
25.519,-1.922E-3,-0.105
25.536,2.759E-4,-0.105
25.553,2.726E-3,-0.105
25.570,5.214E-3,-0.105
25.586,7.536E-3,-0.105
25.603,9.113E-3,-0.105
25.620,1.008E-2,-0.105
25.637,1.011E-2,-0.105
25.654,9.306E-3,-0.105
25.671,7.582E-3,-0.105
25.688,5.522E-3,-0.105
25.704,2.909E-3,-0.105
25.721,4.226E-4,-0.105
25.738,-1.810E-3,-0.105
25.755,-3.482E-3,-0.105
25.772,-4.397E-3,-0.105
25.789,-4.478E-3,-0.105
25.805,-3.663E-3,-0.105
25.822,-2.083E-3,-0.105
25.839,9.630E-5,-0.105
25.856,2.489E-3,-0.105
25.873,4.909E-3,-0.105
25.890,7.235E-3,-0.105
25.907,8.879E-3,-0.105
25.923,9.962E-3,-0.105
25.940,1.007E-2,-0.105
25.957,9.214E-3,-0.105
25.974,7.772E-3,-0.105
25.991,5.569E-3,-0.105
26.008,3.203E-3,-0.105
26.024,7.620E-4,-0.105
26.041,-1.459E-3,-0.105
26.058,-3.182E-3,-0.105
26.075,-4.225E-3,-0.105
26.092,-4.364E-3,-0.105
26.109,-3.673E-3,-0.105
26.125,-2.197E-3,-0.105
26.142,-1.009E-4,-0.105
26.159,2.280E-3,-0.105
26.176,4.713E-3,-0.105
26.193,7.036E-3,-0.105
26.210,8.706E-3,-0.105
26.227,9.810E-3,-0.105
26.243,1.003E-2,-0.105
26.260,9.409E-3,-0.105
26.277,7.912E-3,-0.105
26.294,5.950E-3,-0.105
26.311,3.455E-3,-0.105
26.328,1.004E-3,-0.105
26.344,-1.219E-3,-0.105
26.361,-2.988E-3,-0.105
26.378,-4.074E-3,-0.105
26.395,-4.319E-3,-0.105
26.412,-3.684E-3,-0.105
26.429,-2.291E-3,-0.105
26.446,-2.554E-4,-0.105
26.462,2.083E-3,-0.105
26.479,4.469E-3,-0.105
26.496,6.795E-3,-0.105
26.513,8.548E-3,-0.105
26.530,9.616E-3,-0.105
26.547,9.920E-3,-0.105
26.563,9.364E-3,-0.105
26.580,8.109E-3,-0.105
26.597,6.031E-3,-0.105
26.614,3.721E-3,-0.105
26.631,1.340E-3,-0.105
26.648,-8.968E-4,-0.105
26.665,-2.686E-3,-0.105
26.681,-3.852E-3,-0.105
26.698,-4.201E-3,-0.105
26.715,-3.672E-3,-0.105
26.732,-2.391E-3,-0.105
26.749,-4.615E-4,-0.105
26.766,1.821E-3,-0.105
26.782,4.227E-3,-0.105
26.799,6.570E-3,-0.105
26.816,8.338E-3,-0.105
26.833,9.443E-3,-0.105
26.850,9.841E-3,-0.105
26.867,9.387E-3,-0.105
26.883,8.195E-3,-0.105
26.900,6.245E-3,-0.105
26.917,3.980E-3,-0.105
26.934,1.619E-3,-0.105
26.951,-6.276E-4,-0.105
26.968,-2.490E-3,-0.105
26.985,-3.681E-3,-0.105
27.001,-4.101E-3,-0.105
27.018,-3.680E-3,-0.105
27.035,-2.473E-3,-0.105
27.052,-6.239E-4,-0.105
27.069,1.608E-3,-0.105
27.086,3.947E-3,-0.105
27.102,6.176E-3,-0.105
27.119,8.147E-3,-0.105
27.136,9.353E-3,-0.105
27.153,9.811E-3,-0.105
27.170,9.458E-3,-0.105
27.187,8.350E-3,-0.105
27.204,6.475E-3,-0.105
27.220,4.304E-3,-0.105
27.237,1.952E-3,-0.105
27.254,-2.919E-4,-0.105
27.271,-2.187E-3,-0.105
27.288,-3.474E-3,-0.105
27.305,-4.001E-3,-0.105
27.321,-3.676E-3,-0.105
27.338,-2.555E-3,-0.105
27.355,-8.269E-4,-0.105
27.372,1.355E-3,-0.105
27.389,3.687E-3,-0.105
27.406,5.890E-3,-0.105
27.423,7.857E-3,-0.105
27.439,9.131E-3,-0.105
27.456,9.628E-3,-0.105
27.473,9.383E-3,-0.105
27.490,8.375E-3,-0.105
27.507,6.748E-3,-0.105
27.524,4.474E-3,-0.105
27.540,2.194E-3,-0.105
27.557,-7.479E-5,-0.105
27.574,-1.980E-3,-0.105
27.591,-3.331E-3,-0.105
27.608,-3.942E-3,-0.105
27.625,-3.717E-3,-0.105
27.641,-2.703E-3,-0.105
27.658,-1.034E-3,-0.105
27.675,1.098E-3,-0.105
27.692,3.352E-3,-0.105
27.709,5.595E-3,-0.105
27.726,7.606E-3,-0.105
27.743,8.964E-3,-0.105
27.759,9.573E-3,-0.105
27.776,9.420E-3,-0.105
27.793,8.531E-3,-0.105
27.810,6.896E-3,-0.105
27.827,4.737E-3,-0.105
27.844,2.452E-3,-0.105
27.860,2.165E-4,-0.105
27.877,-1.715E-3,-0.105
27.894,-3.156E-3,-0.105
27.911,-3.874E-3,-0.105
27.928,-3.714E-3,-0.105
27.945,-2.797E-3,-0.105
27.962,-1.221E-3,-0.105
27.978,8.152E-4,-0.105
27.995,3.084E-3,-0.105
28.012,5.292E-3,-0.105
28.029,7.350E-3,-0.105
28.046,8.748E-3,-0.105
28.063,9.433E-3,-0.105
28.079,9.377E-3,-0.105
28.096,8.574E-3,-0.105
28.113,7.107E-3,-0.105
28.130,4.980E-3,-0.105
28.147,2.751E-3,-0.105
28.164,5.194E-4,-0.105
28.180,-1.441E-3,-0.105
28.197,-2.899E-3,-0.105
28.214,-3.663E-3,-0.105
28.231,-3.639E-3,-0.105
28.248,-2.823E-3,-0.105
28.265,-1.342E-3,-0.105
28.282,6.341E-4,-0.105
28.298,2.839E-3,-0.105
28.315,5.042E-3,-0.105
28.332,7.134E-3,-0.105
28.349,8.547E-3,-0.105
28.366,9.319E-3,-0.105
28.383,9.317E-3,-0.105
28.399,8.593E-3,-0.105
28.416,7.201E-3,-0.105
28.433,5.177E-3,-0.105
28.450,3.002E-3,-0.105
28.467,7.707E-4,-0.105
28.484,-1.235E-3,-0.105
28.501,-2.730E-3,-0.105
28.517,-3.594E-3,-0.105
28.534,-3.680E-3,-0.105
28.551,-2.975E-3,-0.105
28.568,-1.573E-3,-0.105
28.585,3.423E-4,-0.105
28.602,2.510E-3,-0.105
28.618,4.707E-3,-0.105
28.635,6.815E-3,-0.105
28.652,8.284E-3,-0.105
28.669,9.140E-3,-0.105
28.686,9.247E-3,-0.105
28.703,8.625E-3,-0.105
28.720,7.347E-3,-0.105
28.736,5.372E-3,-0.105
28.753,3.242E-3,-0.105
28.770,1.022E-3,-0.105
28.787,-9.944E-4,-0.105
28.804,-2.553E-3,-0.105
28.821,-3.490E-3,-0.105
28.837,-3.653E-3,-0.105
28.854,-3.034E-3,-0.105
28.871,-1.718E-3,-0.105
28.888,7.209E-5,-0.105
28.905,2.198E-3,-0.105
28.922,4.387E-3,-0.105
28.938,6.528E-3,-0.105
28.955,8.057E-3,-0.105
28.972,8.991E-3,-0.105
28.989,9.206E-3,-0.105
29.006,8.678E-3,-0.105
29.023,7.456E-3,-0.105
29.040,5.570E-3,-0.105
29.056,3.496E-3,-0.105
29.073,1.282E-3,-0.105
29.090,-7.385E-4,-0.105
29.107,-2.367E-3,-0.105
29.124,-3.365E-3,-0.105
29.141,-3.655E-3,-0.105
29.157,-3.125E-3,-0.105
29.174,-1.913E-3,-0.105
29.191,-1.352E-4,-0.105
29.208,1.917E-3,-0.105
29.225,4.095E-3,-0.105
29.242,6.225E-3,-0.105
29.259,7.826E-3,-0.105
29.275,8.827E-3,-0.105
29.292,9.155E-3,-0.105
29.309,8.748E-3,-0.105
29.326,7.643E-3,-0.105
29.343,5.981E-3,-0.105
29.360,3.767E-3,-0.105
29.376,1.614E-3,-0.105
29.393,-4.055E-4,-0.105
29.410,-2.066E-3,-0.105
29.427,-3.120E-3,-0.105
29.444,-3.480E-3,-0.105
29.461,-3.069E-3,-0.105
29.478,-1.973E-3,-0.105
29.494,-2.929E-4,-0.105
29.511,1.759E-3,-0.105
29.528,3.919E-3,-0.105
29.545,6.054E-3,-0.105
29.562,7.695E-3,-0.105
29.579,8.759E-3,-0.105
29.595,9.167E-3,-0.105
29.612,8.850E-3,-0.105
29.629,7.814E-3,-0.105
29.646,6.222E-3,-0.105
29.663,4.069E-3,-0.105
29.680,1.943E-3,-0.105
29.696,-8.560E-5,-0.105
29.713,-1.768E-3,-0.105
29.730,-2.933E-3,-0.105
29.747,-3.419E-3,-0.105
29.764,-3.103E-3,-0.105
29.781,-2.068E-3,-0.105
29.798,-4.588E-4,-0.105
29.814,1.511E-3,-0.105
29.831,3.645E-3,-0.105
29.848,5.642E-3,-0.105
29.865,7.450E-3,-0.105
29.882,8.576E-3,-0.105
29.899,9.079E-3,-0.105
29.915,8.818E-3,-0.105
29.932,7.932E-3,-0.105
29.949,6.261E-3,-0.105
29.966,4.348E-3,-0.105
29.983,2.248E-3,-0.105
30.000,1.987E-4,-0.105
30.017,-1.573E-3,-0.105
30.033,-2.787E-3,-0.105
30.050,-3.337E-3,-0.105
30.067,-3.137E-3,-0.105
30.084,-2.264E-3,-0.105
30.101,-7.336E-4,-0.105
30.118,1.162E-3,-0.105
30.134,3.253E-3,-0.105
30.151,5.266E-3,-0.105
30.168,7.115E-3,-0.105
30.185,8.324E-3,-0.105
30.202,8.870E-3,-0.105
30.219,8.731E-3,-0.105
30.235,7.898E-3,-0.105
30.252,6.469E-3,-0.105
30.269,4.465E-3,-0.105
30.286,2.420E-3,-0.105
30.303,3.530E-4,-0.105
30.320,-1.387E-3,-0.105
30.337,-2.662E-3,-0.105
30.353,-3.258E-3,-0.105
30.370,-3.190E-3,-0.105
30.387,-2.387E-3,-0.105
30.404,-9.497E-4,-0.105
30.421,8.793E-4,-0.105
30.438,2.945E-3,-0.105
30.454,4.972E-3,-0.105
30.471,6.858E-3,-0.105
30.488,8.133E-3,-0.105
30.505,8.784E-3,-0.105
30.522,8.761E-3,-0.105
30.539,8.029E-3,-0.105
30.556,6.696E-3,-0.105
30.572,4.761E-3,-0.105
30.589,2.782E-3,-0.105
30.606,7.331E-4,-0.105
30.623,-1.061E-3,-0.105
30.640,-2.407E-3,-0.105
30.657,-3.109E-3,-0.105
30.673,-3.102E-3,-0.105
30.690,-2.382E-3,-0.105
30.707,-1.056E-3,-0.105
30.724,7.376E-4,-0.105
30.741,2.787E-3,-0.105
30.758,4.775E-3,-0.105
30.775,6.697E-3,-0.105
30.791,8.011E-3,-0.105
30.808,8.740E-3,-0.105
30.825,8.779E-3,-0.105
30.842,8.165E-3,-0.105
30.859,6.955E-3,-0.105
30.876,5.233E-3,-0.105
30.892,3.087E-3,-0.105
30.909,1.065E-3,-0.105
30.926,-7.792E-4,-0.105
30.943,-2.176E-3,-0.105
30.960,-3.000E-3,-0.105
30.977,-3.105E-3,-0.105
30.993,-2.473E-3,-0.105
31.010,-1.223E-3,-0.105
31.027,4.816E-4,-0.105
31.044,2.430E-3,-0.105
31.061,4.434E-3,-0.105
31.078,6.378E-3,-0.105
31.095,7.787E-3,-0.105
31.111,8.602E-3,-0.105
31.128,8.764E-3,-0.105
31.145,8.243E-3,-0.105
31.162,7.095E-3,-0.105
31.179,5.290E-3,-0.105
31.196,3.360E-3,-0.105
31.212,1.365E-3,-0.105
31.229,-4.769E-4,-0.105
31.246,-1.930E-3,-0.105
31.263,-2.818E-3,-0.105
31.280,-3.056E-3,-0.105
31.297,-2.521E-3,-0.105
31.314,-1.406E-3,-0.105
31.330,2.302E-4,-0.105
31.347,2.148E-3,-0.105
31.364,4.134E-3,-0.105
31.381,5.983E-3,-0.105
31.398,7.573E-3,-0.105
31.415,8.473E-3,-0.105
31.431,8.708E-3,-0.105
31.448,8.277E-3,-0.105
31.465,7.187E-3,-0.105
31.482,5.659E-3,-0.105
31.499,3.592E-3,-0.105
31.516,1.617E-3,-0.105
31.533,-2.414E-4,-0.105
31.549,-1.726E-3,-0.105
31.566,-2.709E-3,-0.105
31.583,-2.998E-3,-0.105
31.600,-2.601E-3,-0.105
31.617,-1.555E-3,-0.105
31.634,-1.653E-5,-0.105
31.650,1.902E-3,-0.105
31.667,3.816E-3,-0.105
31.684,5.805E-3,-0.105
31.701,7.327E-3,-0.105
31.718,8.251E-3,-0.105
31.735,8.591E-3,-0.105
31.751,8.292E-3,-0.105
31.768,7.312E-3,-0.105
31.785,5.831E-3,-0.105
31.802,3.817E-3,-0.105
31.819,1.870E-3,-0.105
31.836,-1.904E-6,-0.105
31.853,-1.532E-3,-0.105
31.869,-2.568E-3,-0.105
31.886,-2.988E-3,-0.105
31.903,-2.688E-3,-0.105
31.920,-1.708E-3,-0.105
31.937,-2.210E-4,-0.105
31.954,1.595E-3,-0.105
31.970,3.533E-3,-0.105
31.987,5.384E-3,-0.105
32.004,7.078E-3,-0.105
32.021,8.129E-3,-0.105
32.038,8.537E-3,-0.105
32.055,8.267E-3,-0.105
32.072,7.444E-3,-0.105
32.088,6.029E-3,-0.105
32.105,4.112E-3,-0.105
32.122,2.142E-3,-0.105
32.139,3.260E-4,-0.105
32.156,-1.271E-3,-0.105
32.173,-2.378E-3,-0.105
32.189,-2.863E-3,-0.105
32.206,-2.658E-3,-0.105
32.223,-1.822E-3,-0.105
32.240,-4.170E-4,-0.105
32.257,1.339E-3,-0.105
32.274,3.302E-3,-0.105
32.291,5.112E-3,-0.105
32.307,6.819E-3,-0.105
32.324,7.934E-3,-0.105
32.341,8.432E-3,-0.105
32.358,8.320E-3,-0.105
32.375,7.533E-3,-0.105
32.392,6.198E-3,-0.105
32.408,4.376E-3,-0.105
32.425,2.504E-3,-0.105
32.442,6.141E-4,-0.105
32.459,-1.036E-3,-0.105
32.476,-2.202E-3,-0.105
32.493,-2.786E-3,-0.105
32.509,-2.691E-3,-0.105
32.526,-1.939E-3,-0.105
32.543,-6.304E-4,-0.105
32.560,1.069E-3,-0.105
32.577,2.929E-3,-0.105
32.594,4.806E-3,-0.105
32.611,6.543E-3,-0.105
32.627,7.757E-3,-0.105
32.644,8.378E-3,-0.105
32.661,8.366E-3,-0.105
32.678,7.692E-3,-0.105
32.695,6.457E-3,-0.105
32.712,4.692E-3,-0.105
32.728,2.825E-3,-0.105
32.745,9.241E-4,-0.105
32.762,-7.192E-4,-0.105
32.779,-1.974E-3,-0.105
32.796,-2.655E-3,-0.105
32.813,-2.659E-3,-0.105
32.830,-2.023E-3,-0.105
32.846,-7.886E-4,-0.105
32.863,8.235E-4,-0.105
32.880,2.678E-3,-0.105
32.897,4.529E-3,-0.105
32.914,6.172E-3,-0.105
32.931,7.587E-3,-0.105
32.947,8.259E-3,-0.105
32.964,8.330E-3,-0.105
32.981,7.752E-3,-0.105
32.998,6.623E-3,-0.105
33.015,4.905E-3,-0.105
33.032,3.097E-3,-0.105
33.048,1.232E-3,-0.105
33.065,-4.793E-4,-0.105
33.082,-1.763E-3,-0.105
33.099,-2.532E-3,-0.105
33.116,-2.660E-3,-0.105
33.133,-2.100E-3,-0.105
33.150,-9.521E-4,-0.105
33.166,5.655E-4,-0.105
33.183,2.402E-3,-0.105
33.200,4.258E-3,-0.105
33.217,6.021E-3,-0.105
33.234,7.342E-3,-0.105
33.251,8.130E-3,-0.105
33.267,8.261E-3,-0.105
33.284,7.801E-3,-0.105
33.301,6.784E-3,-0.105
33.318,5.288E-3,-0.105
33.335,3.345E-3,-0.105
33.352,1.527E-3,-0.105
33.369,-1.585E-4,-0.105
33.385,-1.543E-3,-0.105
33.402,-2.396E-3,-0.105
33.419,-2.603E-3,-0.105
33.436,-2.150E-3,-0.105
33.453,-1.130E-3,-0.105
33.470,3.264E-4,-0.105
33.486,2.121E-3,-0.105
33.503,3.947E-3,-0.105
33.520,5.645E-3,-0.105
33.537,7.133E-3,-0.105
33.554,7.967E-3,-0.105
33.571,8.220E-3,-0.105
33.588,7.864E-3,-0.105
33.604,6.897E-3,-0.105
33.621,5.478E-3,-0.105
33.638,3.590E-3,-0.105
33.655,1.775E-3,-0.105
33.672,6.170E-5,-0.105
33.689,-1.334E-3,-0.105
33.705,-2.262E-3,-0.105
33.722,-2.551E-3,-0.105
33.739,-2.254E-3,-0.105
33.756,-1.293E-3,-0.105
33.773,1.068E-4,-0.105
33.790,1.858E-3,-0.105
33.806,3.668E-3,-0.105
33.823,5.481E-3,-0.105
33.840,6.877E-3,-0.105
33.857,7.787E-3,-0.105
33.874,8.153E-3,-0.105
33.891,7.909E-3,-0.105
33.908,7.026E-3,-0.105
33.924,5.690E-3,-0.105
33.941,3.861E-3,-0.105
33.958,2.074E-3,-0.105
33.975,3.342E-4,-0.105
33.992,-1.109E-3,-0.105
34.009,-2.081E-3,-0.105
34.025,-2.477E-3,-0.105
34.042,-2.252E-3,-0.105
34.059,-1.396E-3,-0.105
34.076,-5.952E-5,-0.105
34.093,1.591E-3,-0.105
34.110,3.371E-3,-0.105
34.127,5.093E-3,-0.105
34.143,6.679E-3,-0.105
34.160,7.648E-3,-0.105
34.177,8.092E-3,-0.105
34.194,7.922E-3,-0.105
34.211,7.153E-3,-0.105
34.228,5.907E-3,-0.105
34.244,4.139E-3,-0.105
34.261,2.371E-3,-0.105
34.278,6.474E-4,-0.105
34.295,-8.689E-4,-0.105
34.312,-1.898E-3,-0.105
34.329,-2.387E-3,-0.105
34.346,-2.250E-3,-0.105
34.362,-1.517E-3,-0.105
34.379,-2.876E-4,-0.105
34.396,1.332E-3,-0.105
34.413,3.105E-3,-0.105
34.430,4.799E-3,-0.105
34.447,6.415E-3,-0.105
34.463,7.477E-3,-0.105
34.480,7.983E-3,-0.105
34.497,7.951E-3,-0.105
34.514,7.293E-3,-0.105
34.531,6.140E-3,-0.105
34.548,4.455E-3,-0.105
34.564,2.715E-3,-0.105
34.581,9.973E-4,-0.105
34.598,-5.415E-4,-0.105
34.615,-1.680E-3,-0.105
34.632,-2.271E-3,-0.105
34.649,-2.239E-3,-0.105
34.666,-1.603E-3,-0.105
34.682,-4.498E-4,-0.105
34.699,1.125E-3,-0.105
34.716,2.848E-3,-0.105
34.733,4.562E-3,-0.105
34.750,6.196E-3,-0.105
34.767,7.350E-3,-0.105
34.783,7.964E-3,-0.105
34.800,7.987E-3,-0.105
34.817,7.444E-3,-0.105
34.834,6.362E-3,-0.105
34.851,4.864E-3,-0.105
34.868,3.044E-3,-0.105
34.885,1.287E-3,-0.105
34.901,-2.946E-4,-0.105
34.918,-1.462E-3,-0.105
34.935,-2.116E-3,-0.105
34.952,-2.189E-3,-0.105
34.969,-1.654E-3,-0.105
34.986,-6.011E-4,-0.105
35.002,8.747E-4,-0.105
35.019,2.561E-3,-0.105
35.036,4.256E-3,-0.105
35.053,5.810E-3,-0.105
35.070,7.140E-3,-0.105
35.087,7.809E-3,-0.105
35.103,7.957E-3,-0.105
35.120,7.502E-3,-0.105
35.137,6.507E-3,-0.105
35.154,4.954E-3,-0.105
35.171,3.304E-3,-0.105
35.188,1.555E-3,-0.105
35.205,-2.240E-5,-0.105
35.221,-1.256E-3,-0.105
35.238,-2.023E-3,-0.105
35.255,-2.204E-3,-0.105
35.272,-1.758E-3,-0.105
35.289,-8.053E-4,-0.105
35.306,6.067E-4,-0.105
35.322,2.241E-3,-0.105
35.339,3.952E-3,-0.105
35.356,5.511E-3,-0.105
35.373,6.896E-3,-0.105
35.390,7.641E-3,-0.105
35.407,7.847E-3,-0.105
35.424,7.497E-3,-0.105
35.440,6.595E-3,-0.105
35.457,5.267E-3,-0.105
35.474,3.506E-3,-0.105
35.491,1.782E-3,-0.105
35.508,1.794E-4,-0.105
35.525,-1.079E-3,-0.105
35.541,-1.907E-3,-0.105
35.558,-2.159E-3,-0.105
35.575,-1.861E-3,-0.105
35.592,-9.563E-4,-0.105
35.609,3.595E-4,-0.105
35.626,1.974E-3,-0.105
35.643,3.653E-3,-0.105
35.659,5.221E-3,-0.105
35.676,6.644E-3,-0.105
35.693,7.505E-3,-0.105
35.710,7.795E-3,-0.105
35.727,7.558E-3,-0.105
35.744,6.752E-3,-0.105
35.760,5.513E-3,-0.105
35.777,3.789E-3,-0.105
35.794,2.122E-3,-0.105
35.811,5.392E-4,-0.105
35.828,-8.228E-4,-0.105
35.845,-1.704E-3,-0.105
35.861,-2.060E-3,-0.105
35.878,-1.846E-3,-0.105
35.895,-1.035E-3,-0.105
35.912,1.859E-4,-0.105
35.929,1.758E-3,-0.105
35.946,3.430E-3,-0.105
35.963,5.017E-3,-0.105
35.979,6.476E-3,-0.105
35.996,7.375E-3,-0.105
36.013,7.792E-3,-0.105
36.030,7.633E-3,-0.105
36.047,6.919E-3,-0.105
36.064,5.713E-3,-0.105
36.080,4.076E-3,-0.105
36.097,2.401E-3,-0.105
36.114,7.777E-4,-0.105
36.131,-6.038E-4,-0.105
36.148,-1.583E-3,-0.105
36.165,-2.048E-3,-0.105
36.182,-1.902E-3,-0.105
36.198,-1.208E-3,-0.105
36.215,-5.494E-5,-0.105
36.232,1.454E-3,-0.105
36.249,3.088E-3,-0.105
36.266,4.686E-3,-0.105
36.283,6.167E-3,-0.105
36.299,7.180E-3,-0.105
36.316,7.647E-3,-0.105
36.333,7.591E-3,-0.105
36.350,6.976E-3,-0.105
36.367,5.889E-3,-0.105
36.384,4.304E-3,-0.105
36.401,2.659E-3,-0.105
36.417,1.051E-3,-0.105
36.434,-3.909E-4,-0.105
36.451,-1.433E-3,-0.105
36.468,-1.983E-3,-0.105
36.485,-1.949E-3,-0.105
36.502,-1.375E-3,-0.105
36.518,-3.066E-4,-0.105
36.535,1.111E-3,-0.105
36.552,2.738E-3,-0.105
36.569,4.366E-3,-0.105
36.586,5.758E-3,-0.105
36.603,6.974E-3,-0.105
36.619,7.565E-3,-0.105
36.636,7.602E-3,-0.105
36.653,7.085E-3,-0.105
36.670,6.072E-3,-0.105
36.687,4.560E-3,-0.105
36.704,2.997E-3,-0.105
36.721,1.369E-3,-0.105
36.737,-8.074E-5,-0.105
36.754,-1.166E-3,-0.105
36.771,-1.803E-3,-0.105
36.788,-1.893E-3,-0.105
36.805,-1.387E-3,-0.105
36.822,-3.956E-4,-0.105
36.838,9.667E-4,-0.105
36.855,2.565E-3,-0.105
36.872,4.147E-3,-0.105
36.889,5.595E-3,-0.105
36.906,6.840E-3,-0.105
36.923,7.489E-3,-0.105
36.940,7.600E-3,-0.105
36.956,7.196E-3,-0.105
36.973,6.265E-3,-0.105
36.990,4.811E-3,-0.105
37.007,3.288E-3,-0.105
37.024,1.676E-3,-0.105
37.041,1.774E-4,-0.105
37.057,-9.974E-4,-0.105
37.074,-1.689E-3,-0.105
37.091,-1.853E-3,-0.105
37.108,-1.466E-3,-0.105
37.125,-5.517E-4,-0.105
37.142,7.245E-4,-0.105
37.159,2.294E-3,-0.105
37.175,3.843E-3,-0.105
37.192,5.423E-3,-0.105
37.209,6.600E-3,-0.105
37.226,7.354E-3,-0.105
37.243,7.573E-3,-0.105
37.260,7.243E-3,-0.105
37.276,6.425E-3,-0.105
37.293,5.184E-3,-0.105
37.310,3.577E-3,-0.105
37.327,1.972E-3,-0.105
37.344,5.128E-4,-0.105
37.361,-7.040E-4,-0.105
37.377,-1.484E-3,-0.105
37.394,-1.744E-3,-0.105
37.411,-1.469E-3,-0.105
37.428,-6.597E-4,-0.105
37.445,5.758E-4,-0.105
37.462,2.064E-3,-0.105
37.479,3.622E-3,-0.105
37.495,5.097E-3,-0.105
37.512,6.453E-3,-0.105
37.529,7.215E-3,-0.105
37.546,7.527E-3,-0.105
37.563,7.272E-3,-0.105
37.580,6.549E-3,-0.105
37.596,5.395E-3,-0.105
37.613,3.819E-3,-0.105
37.630,2.272E-3,-0.105
37.647,7.360E-4,-0.105
37.664,-5.031E-4,-0.105
37.681,-1.368E-3,-0.105
37.698,-1.726E-3,-0.105
37.714,-1.552E-3,-0.105
37.731,-8.615E-4,-0.105
37.748,3.108E-4,-0.105
37.765,1.745E-3,-0.105
37.782,3.318E-3,-0.105
37.799,4.820E-3,-0.105
37.815,6.179E-3,-0.105
37.832,7.067E-3,-0.105
37.849,7.466E-3,-0.105
37.866,7.327E-3,-0.105
37.883,6.653E-3,-0.105
37.900,5.597E-3,-0.105
37.916,4.054E-3,-0.105
37.933,2.524E-3,-0.105
37.950,1.012E-3,-0.105
37.967,-2.892E-4,-0.105
37.984,-1.217E-3,-0.105
38.001,-1.657E-3,-0.105
38.018,-1.548E-3,-0.105
38.034,-9.489E-4,-0.105
38.051,1.033E-4,-0.105
38.068,1.515E-3,-0.105
38.085,3.037E-3,-0.105
38.102,4.542E-3,-0.105
38.119,5.972E-3,-0.105
38.135,6.904E-3,-0.105
38.152,7.383E-3,-0.105
38.169,7.353E-3,-0.105
38.186,6.808E-3,-0.105
38.203,5.816E-3,-0.105
38.220,4.362E-3,-0.105
38.237,2.880E-3,-0.105
38.253,1.323E-3,-0.105
38.270,-1.395E-5,-0.105
38.287,-1.015E-3,-0.105
38.304,-1.538E-3,-0.105
38.321,-1.562E-3,-0.105
38.338,-1.057E-3,-0.105
38.354,-4.912E-5,-0.105
38.371,1.279E-3,-0.105
38.388,2.754E-3,-0.105
38.405,4.261E-3,-0.105
38.422,5.570E-3,-0.105
38.439,6.718E-3,-0.105
38.456,7.253E-3,-0.105
38.472,7.309E-3,-0.105
38.489,6.828E-3,-0.105
38.506,5.936E-3,-0.105
38.523,4.537E-3,-0.105
38.540,3.087E-3,-0.105
38.557,1.560E-3,-0.105
38.573,2.018E-4,-0.105
38.590,-8.454E-4,-0.105
38.607,-1.467E-3,-0.105
38.624,-1.557E-3,-0.105
38.641,-1.110E-3,-0.105
38.658,-2.372E-4,-0.105
38.674,1.022E-3,-0.105
38.691,2.486E-3,-0.105
38.708,3.975E-3,-0.105
38.725,5.321E-3,-0.105
38.742,6.511E-3,-0.105
38.759,7.144E-3,-0.105
38.776,7.276E-3,-0.105
38.792,6.944E-3,-0.105
38.809,6.110E-3,-0.105
38.826,4.896E-3,-0.105
38.843,3.326E-3,-0.105
38.860,1.831E-3,-0.105
38.877,4.184E-4,-0.105
38.893,-6.701E-4,-0.105
38.910,-1.349E-3,-0.105
38.927,-1.559E-3,-0.105
38.944,-1.241E-3,-0.105
38.961,-4.266E-4,-0.105
38.978,7.642E-4,-0.105
38.995,2.191E-3,-0.105
39.011,3.668E-3,-0.105
39.028,5.028E-3,-0.105
39.045,6.282E-3,-0.105
39.062,6.983E-3,-0.105
39.079,7.230E-3,-0.105
39.096,6.971E-3,-0.105
39.112,6.224E-3,-0.105
39.129,5.102E-3,-0.105
39.146,3.547E-3,-0.105
39.163,2.109E-3,-0.105
39.180,7.177E-4,-0.105
39.197,-4.284E-4,-0.105
39.214,-1.189E-3,-0.105
39.230,-1.489E-3,-0.105
39.247,-1.237E-3,-0.105
39.264,-4.950E-4,-0.105
39.281,6.237E-4,-0.105
39.298,1.976E-3,-0.105
39.315,3.434E-3,-0.105
39.331,4.844E-3,-0.105
39.348,6.113E-3,-0.105
39.365,6.888E-3,-0.105
39.382,7.196E-3,-0.105
39.399,7.026E-3,-0.105
39.416,6.362E-3,-0.105
39.432,5.343E-3,-0.105
39.449,4.009E-3,-0.105
39.466,2.436E-3,-0.105
39.483,9.805E-4,-0.105
39.500,-2.250E-4,-0.105
39.517,-1.038E-3,-0.105
39.534,-1.416E-3,-0.105
39.550,-1.278E-3,-0.105
39.567,-6.543E-4,-0.105
39.584,4.098E-4,-0.105
39.601,1.716E-3,-0.105
39.618,3.180E-3,-0.105
39.635,4.586E-3,-0.105
39.651,5.784E-3,-0.105
39.668,6.775E-3,-0.105
39.685,7.181E-3,-0.105
39.702,7.102E-3,-0.105
39.719,6.537E-3,-0.105
39.736,5.574E-3,-0.105
39.753,4.181E-3,-0.105
39.769,2.757E-3,-0.105
39.786,1.316E-3,-0.105
39.803,9.648E-5,-0.105
39.820,-8.307E-4,-0.105
39.837,-1.276E-3,-0.105
39.854,-1.231E-3,-0.105
39.870,-7.190E-4,-0.105
39.887,2.426E-4,-0.105
39.904,1.503E-3,-0.105
39.921,2.926E-3,-0.105
39.938,4.316E-3,-0.105
39.955,5.658E-3,-0.105
39.971,6.562E-3,-0.105
39.988,7.052E-3,-0.105
40.005,7.071E-3,-0.105
40.022,6.590E-3,-0.105
40.039,5.694E-3,-0.105
40.056,4.452E-3,-0.105
40.073,2.948E-3,-0.105
40.089,1.526E-3,-0.105
40.106,2.839E-4,-0.105
40.123,-7.090E-4,-0.105
40.140,-1.271E-3,-0.105
40.157,-1.297E-3,-0.105
40.174,-8.596E-4,-0.105
40.190,3.751E-6,-0.105
40.207,1.229E-3,-0.105
40.224,2.622E-3,-0.105
40.241,3.996E-3,-0.105
40.258,5.257E-3,-0.105
40.275,6.367E-3,-0.105
40.292,6.963E-3,-0.105
40.308,7.058E-3,-0.105
40.325,6.659E-3,-0.105
40.342,5.835E-3,-0.105
40.359,4.572E-3,-0.105
40.376,3.232E-3,-0.105
40.393,1.792E-3,-0.105
40.409,5.203E-4,-0.105
40.426,-4.990E-4,-0.105
40.443,-1.115E-3,-0.105
40.460,-1.277E-3,-0.105
40.477,-9.041E-4,-0.105
40.494,-8.813E-5,-0.105
40.511,1.052E-3,-0.105
40.527,2.390E-3,-0.105
40.544,3.792E-3,-0.105
40.561,5.071E-3,-0.105
40.578,6.208E-3,-0.105
40.595,6.833E-3,-0.105
40.612,7.011E-3,-0.105
40.628,6.749E-3,-0.105
40.645,6.008E-3,-0.105
40.662,4.947E-3,-0.105
40.679,3.524E-3,-0.105
40.696,2.128E-3,-0.105
40.713,8.304E-4,-0.105
40.729,-2.533E-4,-0.105
40.746,-9.510E-4,-0.105
40.763,-1.203E-3,-0.105
40.780,-9.527E-4,-0.105
40.797,-2.554E-4,-0.105
40.814,8.141E-4,-0.105
40.831,2.139E-3,-0.105
40.847,3.518E-3,-0.105
40.864,4.849E-3,-0.105
40.881,6.020E-3,-0.105
40.898,6.724E-3,-0.105
40.915,6.987E-3,-0.105
40.932,6.790E-3,-0.105
40.948,6.149E-3,-0.105
40.965,5.142E-3,-0.105
40.982,3.767E-3,-0.105
40.999,2.397E-3,-0.105
41.016,1.078E-3,-0.105
41.033,-7.651E-5,-0.105
41.050,-8.273E-4,-0.105
41.066,-1.136E-3,-0.105
41.083,-1.002E-3,-0.105
41.100,-3.952E-4,-0.105
41.117,6.148E-4,-0.105
41.134,1.868E-3,-0.105
41.151,3.226E-3,-0.105
41.167,4.532E-3,-0.105
41.184,5.632E-3,-0.105
41.201,6.440E-3,-0.105
41.218,6.919E-3,-0.105
41.235,6.782E-3,-0.105
41.252,6.240E-3,-0.105
41.269,5.170E-3,-0.105
41.285,3.959E-3,-0.105
41.302,2.612E-3,-0.105
41.319,1.305E-3,-0.105
41.336,1.636E-4,-0.105
41.353,-6.701E-4,-0.105
41.370,-1.071E-3,-0.105
41.386,-1.012E-3,-0.105
41.403,-4.684E-4,-0.105
41.420,4.566E-4,-0.105
41.437,1.637E-3,-0.105
41.454,2.977E-3,-0.105
41.471,4.328E-3,-0.105
41.487,5.448E-3,-0.105
41.504,6.422E-3,-0.105
41.521,6.842E-3,-0.105
41.538,6.823E-3,-0.105
41.555,6.372E-3,-0.105
41.572,5.483E-3,-0.105
41.589,4.189E-3,-0.105
41.605,2.872E-3,-0.105
41.622,1.533E-3,-0.105
41.639,3.687E-4,-0.105
41.656,-5.085E-4,-0.105
41.673,-1.036E-3,-0.105
41.690,-1.044E-3,-0.105
41.706,-6.053E-4,-0.105
41.723,2.443E-4,-0.105
41.740,1.380E-3,-0.105
41.757,2.719E-3,-0.105
41.774,4.048E-3,-0.105
41.791,5.202E-3,-0.105
41.808,6.234E-3,-0.105
41.824,6.754E-3,-0.105
41.841,6.811E-3,-0.105
41.858,6.452E-3,-0.105
41.875,5.631E-3,-0.105
41.892,4.421E-3,-0.105
41.909,3.146E-3,-0.105
41.925,1.792E-3,-0.105
41.942,5.907E-4,-0.105
41.959,-3.567E-4,-0.105
41.976,-9.197E-4,-0.105
41.993,-1.055E-3,-0.105
42.010,-6.938E-4,-0.105
42.027,1.178E-4,-0.105
42.043,1.203E-3,-0.105
42.060,2.493E-3,-0.105
42.077,3.790E-3,-0.105
42.094,4.997E-3,-0.105
42.111,6.032E-3,-0.105
42.128,6.627E-3,-0.105
42.144,6.786E-3,-0.105
42.161,6.492E-3,-0.105
42.178,5.783E-3,-0.105
42.195,4.616E-3,-0.105
42.212,3.384E-3,-0.105
42.229,2.083E-3,-0.105
42.245,8.223E-4,-0.105
42.262,-1.790E-4,-0.105
42.279,-8.197E-4,-0.105
42.296,-1.024E-3,-0.105
42.313,-7.679E-4,-0.105
42.330,-8.600E-5,-0.105
42.347,9.679E-4,-0.105
42.363,2.200E-3,-0.105
42.380,3.525E-3,-0.105
42.397,4.752E-3,-0.105
42.414,5.869E-3,-0.105
42.431,6.517E-3,-0.105
42.448,6.742E-3,-0.105
42.464,6.552E-3,-0.105
42.481,5.936E-3,-0.105
42.498,4.970E-3,-0.105
42.515,3.649E-3,-0.105
42.532,2.344E-3,-0.105
42.549,1.126E-3,-0.105
42.566,7.864E-5,-0.105
42.582,-6.358E-4,-0.105
42.599,-9.084E-4,-0.105
42.616,-7.277E-4,-0.105
42.633,-1.493E-4,-0.105
42.650,8.100E-4,-0.105
42.667,1.986E-3,-0.105
42.683,3.301E-3,-0.105
42.700,4.508E-3,-0.105
42.717,5.635E-3,-0.105
42.734,6.384E-3,-0.105
42.751,6.682E-3,-0.105
42.768,6.563E-3,-0.105
42.784,6.010E-3,-0.105
42.801,5.115E-3,-0.105
42.818,3.797E-3,-0.105
42.835,2.547E-3,-0.105
42.852,1.306E-3,-0.105
42.869,2.587E-4,-0.105
42.886,-5.104E-4,-0.105
42.902,-8.952E-4,-0.105
42.919,-8.206E-4,-0.105
42.936,-2.741E-4,-0.105
42.953,6.029E-4,-0.105
42.970,1.758E-3,-0.105
42.987,3.023E-3,-0.105
43.003,4.241E-3,-0.105
43.020,5.338E-3,-0.105
43.037,6.218E-3,-0.105
43.054,6.614E-3,-0.105
43.071,6.596E-3,-0.105
43.088,6.132E-3,-0.105
43.105,5.306E-3,-0.105
43.121,4.204E-3,-0.105
43.138,2.851E-3,-0.105
43.155,1.562E-3,-0.105
43.172,4.668E-4,-0.105
43.189,-3.851E-4,-0.105
43.206,-8.276E-4,-0.105
43.222,-8.255E-4,-0.105
43.239,-3.845E-4,-0.105
43.256,4.261E-4,-0.105
43.273,1.524E-3,-0.105
43.290,2.769E-3,-0.105
43.307,4.024E-3,-0.105
43.324,5.129E-3,-0.105
43.340,6.077E-3,-0.105
43.357,6.533E-3,-0.105
43.374,6.559E-3,-0.105
43.391,6.202E-3,-0.105
43.408,5.427E-3,-0.105
43.425,4.383E-3,-0.105
43.441,3.026E-3,-0.105
43.458,1.776E-3,-0.105
43.475,6.622E-4,-0.105
43.492,-2.397E-4,-0.105
43.509,-7.125E-4,-0.105
43.526,-8.320E-4,-0.105
43.542,-4.692E-4,-0.105
43.559,3.007E-4,-0.105
43.576,1.340E-3,-0.105
43.593,2.548E-3,-0.105
43.610,3.782E-3,-0.105
43.627,4.939E-3,-0.105
43.644,5.812E-3,-0.105
43.660,6.462E-3,-0.105
43.677,6.601E-3,-0.105
43.694,6.270E-3,-0.105
43.711,5.594E-3,-0.105
43.728,4.602E-3,-0.105
43.745,3.301E-3,-0.105
43.761,2.046E-3,-0.105
43.778,9.141E-4,-0.105
43.795,-3.296E-5,-0.105
43.812,-5.757E-4,-0.105
43.829,-7.766E-4,-0.105
43.846,-5.070E-4,-0.105
43.863,1.749E-4,-0.105
43.879,1.131E-3,-0.105
43.896,2.328E-3,-0.105
43.913,3.570E-3,-0.105
43.930,4.722E-3,-0.105
43.947,5.616E-3,-0.105
43.964,6.220E-3,-0.105
43.980,6.415E-3,-0.105
43.997,6.210E-3,-0.105
44.014,5.608E-3,-0.105
44.031,4.686E-3,-0.105
44.048,3.528E-3,-0.105
44.065,2.313E-3,-0.105
44.082,1.151E-3,-0.105
44.098,1.942E-4,-0.105
44.115,-4.606E-4,-0.105
44.132,-6.936E-4,-0.105
44.149,-4.986E-4,-0.105
44.166,1.101E-4,-0.105
44.183,1.034E-3,-0.105
44.199,2.143E-3,-0.105
44.216,3.357E-3,-0.105
44.233,4.531E-3,-0.105
44.250,5.479E-3,-0.105
44.267,6.169E-3,-0.105
44.284,6.557E-3,-0.105
44.300,6.424E-3,-0.105
44.317,5.788E-3,-0.105
44.334,4.944E-3,-0.105
44.351,3.837E-3,-0.105
44.368,2.628E-3,-0.105
44.385,1.443E-3,-0.105
44.402,4.176E-4,-0.105
44.418,-3.058E-4,-0.105
44.435,-6.341E-4,-0.105
44.452,-5.203E-4,-0.105
44.469,-5.724E-5,-0.105
44.486,7.790E-4,-0.105
44.503,1.893E-3,-0.105
44.519,3.078E-3,-0.105
44.536,4.198E-3,-0.105
44.553,5.230E-3,-0.105
44.570,6.060E-3,-0.105
44.587,6.404E-3,-0.105
44.604,6.363E-3,-0.105
44.621,5.922E-3,-0.105
44.637,5.148E-3,-0.105
44.654,3.967E-3,-0.105
44.671,2.792E-3,-0.105
44.688,1.618E-3,-0.105
44.705,5.925E-4,-0.105
44.722,-2.101E-4,-0.105
44.738,-6.005E-4,-0.105
44.755,-6.030E-4,-0.105
44.772,-1.967E-4,-0.105
44.789,6.094E-4,-0.105
44.806,1.626E-3,-0.105
44.823,2.820E-3,-0.105
44.839,3.984E-3,-0.105
44.856,4.989E-3,-0.105
44.873,5.795E-3,-0.105
44.890,6.188E-3,-0.105
44.907,6.243E-3,-0.105
44.924,5.905E-3,-0.105
44.941,5.159E-3,-0.105
44.957,4.171E-3,-0.105
44.974,3.035E-3,-0.105
44.991,1.837E-3,-0.105
45.008,7.836E-4,-0.105
45.025,-6.085E-5,-0.105
45.042,-4.931E-4,-0.105
45.058,-5.798E-4,-0.105
45.075,-2.388E-4,-0.105
45.092,4.739E-4,-0.105
45.109,1.432E-3,-0.105
45.126,2.570E-3,-0.105
45.143,3.744E-3,-0.105
45.160,4.807E-3,-0.105
45.176,5.643E-3,-0.105
45.193,6.147E-3,-0.105
45.210,6.247E-3,-0.105
45.227,5.982E-3,-0.105
45.244,5.343E-3,-0.105
45.261,4.396E-3,-0.105
45.277,3.273E-3,-0.105
45.294,2.108E-3,-0.105
45.311,9.958E-4,-0.105
45.328,1.402E-4,-0.105
45.345,-4.295E-4,-0.105
45.362,-5.600E-4,-0.105
45.379,-3.213E-4,-0.105
45.395,2.914E-4,-0.105
45.412,1.187E-3,-0.105
45.429,2.331E-3,-0.105
45.446,3.502E-3,-0.105
45.463,4.547E-3,-0.105
45.480,5.449E-3,-0.105
45.496,5.995E-3,-0.105
45.513,6.165E-3,-0.105
45.530,5.982E-3,-0.105
45.547,5.434E-3,-0.105
45.564,4.555E-3,-0.105
45.581,3.490E-3,-0.105
45.597,2.304E-3,-0.105
45.614,1.193E-3,-0.105
45.631,3.005E-4,-0.105
45.648,-2.942E-4,-0.105
45.665,-5.183E-4,-0.105
45.682,-3.847E-4,-0.105
45.699,1.700E-4,-0.105
45.715,1.048E-3,-0.105
45.732,2.125E-3,-0.105
45.749,3.264E-3,-0.105
45.766,4.354E-3,-0.105
45.783,5.268E-3,-0.105
45.800,5.882E-3,-0.105
45.816,6.136E-3,-0.105
45.833,6.034E-3,-0.105
45.850,5.545E-3,-0.105
45.867,4.742E-3,-0.105
45.884,3.692E-3,-0.105
45.901,2.543E-3,-0.105
45.918,1.437E-3,-0.105
45.934,5.048E-4,-0.105
45.951,-1.476E-4,-0.105
45.968,-4.580E-4,-0.105
45.985,-3.949E-4,-0.105
46.002,1.074E-4,-0.105
46.019,9.187E-4,-0.105
46.035,1.960E-3,-0.105
46.052,3.089E-3,-0.105
46.069,4.183E-3,-0.105
46.086,5.140E-3,-0.105
46.103,5.817E-3,-0.105
46.120,6.157E-3,-0.105
46.137,6.127E-3,-0.105
46.153,5.666E-3,-0.105
46.170,4.910E-3,-0.105
46.187,3.868E-3,-0.105
46.204,2.769E-3,-0.105
46.221,1.657E-3,-0.105
46.238,6.924E-4,-0.105
46.254,-6.704E-5,-0.105
