,mass A,,
t,x,y,
0.000,-4.659E-2,-0.110
0.017,-4.663E-2,-0.110
0.034,-4.647E-2,-0.110
0.051,-4.646E-2,-0.110
0.067,-4.660E-2,-0.110
0.084,-4.647E-2,-0.110
0.101,-4.650E-2,-0.110
0.118,-4.653E-2,-0.110
0.135,-4.647E-2,-0.110
0.152,-4.650E-2,-0.110
0.168,-4.653E-2,-0.110
0.185,-4.643E-2,-0.110
0.202,-4.631E-2,-0.110
0.219,-4.650E-2,-0.110
0.236,-4.662E-2,-0.110
0.253,-4.656E-2,-0.110
0.269,-4.644E-2,-0.110
0.286,-4.644E-2,-0.110
0.303,-4.648E-2,-0.110
0.320,-4.651E-2,-0.110
0.337,-4.653E-2,-0.110
0.354,-4.645E-2,-0.110
0.371,-4.642E-2,-0.110
0.387,-4.647E-2,-0.110
0.404,-4.655E-2,-0.110
0.421,-4.651E-2,-0.110
0.438,-4.647E-2,-0.110
0.455,-4.646E-2,-0.110
0.472,-4.651E-2,-0.110
0.488,-4.653E-2,-0.110
0.505,-4.654E-2,-0.110
0.522,-4.647E-2,-0.110
0.539,-4.644E-2,-0.110
0.556,-4.648E-2,-0.110
0.573,-4.648E-2,-0.110
0.589,-4.646E-2,-0.110
0.606,-4.641E-2,-0.110
0.623,-4.643E-2,-0.110
0.640,-4.643E-2,-0.110
0.657,-4.651E-2,-0.110
0.674,-4.648E-2,-0.110
0.691,-4.644E-2,-0.110
0.707,-4.643E-2,-0.110
0.724,-4.643E-2,-0.110
0.741,-4.647E-2,-0.110
0.758,-4.645E-2,-0.110
0.775,-4.644E-2,-0.110
0.792,-4.637E-2,-0.110
0.808,-4.641E-2,-0.110
0.825,-4.641E-2,-0.110
0.842,-4.641E-2,-0.110
0.859,-4.640E-2,-0.110
0.876,-4.640E-2,-0.110
0.893,-4.642E-2,-0.110
0.909,-4.642E-2,-0.110
0.926,-4.641E-2,-0.110
0.943,-4.641E-2,-0.110
0.960,-4.641E-2,-0.110
0.977,-4.641E-2,-0.110
0.994,-4.642E-2,-0.110
1.011,-4.641E-2,-0.110
1.027,-4.641E-2,-0.110
1.044,-4.641E-2,-0.110
1.061,-4.641E-2,-0.110
1.078,-4.641E-2,-0.110
1.095,-4.641E-2,-0.110
1.112,-4.641E-2,-0.110
1.128,-4.640E-2,-0.110
1.145,-4.641E-2,-0.110
1.162,-4.641E-2,-0.110
1.179,-4.644E-2,-0.110
1.196,-4.640E-2,-0.110
1.213,-4.641E-2,-0.110
1.229,-4.641E-2,-0.110
1.246,-4.641E-2,-0.110
1.263,-4.637E-2,-0.110
1.280,-4.638E-2,-0.110
1.297,-4.638E-2,-0.110
1.314,-4.638E-2,-0.110
1.331,-4.639E-2,-0.110
1.347,-4.639E-2,-0.110
1.364,-4.639E-2,-0.110
1.381,-4.639E-2,-0.110
1.398,-4.643E-2,-0.110
1.415,-4.642E-2,-0.110
1.432,-4.642E-2,-0.110
1.448,-4.642E-2,-0.110
1.465,-4.642E-2,-0.110
1.482,-4.641E-2,-0.110
1.499,-4.639E-2,-0.110
1.516,-4.640E-2,-0.110
1.533,-4.640E-2,-0.110
1.549,-4.638E-2,-0.110
1.566,-4.638E-2,-0.110
1.583,-4.638E-2,-0.110
1.600,-4.638E-2,-0.110
1.617,-4.638E-2,-0.110
1.634,-4.638E-2,-0.110
1.651,-4.638E-2,-0.110
1.667,-4.639E-2,-0.110
1.684,-4.639E-2,-0.110
1.701,-4.639E-2,-0.110
1.718,-4.639E-2,-0.110
1.735,-4.639E-2,-0.110
1.752,-4.639E-2,-0.110
1.768,-4.639E-2,-0.110
1.785,-4.636E-2,-0.110
1.802,-4.637E-2,-0.110
1.819,-4.640E-2,-0.110
1.836,-4.641E-2,-0.110
1.853,-4.640E-2,-0.110
1.869,-4.637E-2,-0.110
1.886,-4.641E-2,-0.110
1.903,-4.640E-2,-0.110
1.920,-4.640E-2,-0.110
1.937,-4.640E-2,-0.110
1.954,-4.640E-2,-0.110
1.971,-4.640E-2,-0.110
1.987,-4.640E-2,-0.110
2.004,-4.640E-2,-0.110
2.021,-4.640E-2,-0.110
2.038,-4.639E-2,-0.110
2.055,-4.636E-2,-0.110
2.072,-4.637E-2,-0.110
2.088,-4.638E-2,-0.110
2.105,-4.638E-2,-0.110
2.122,-4.638E-2,-0.110
2.139,-4.637E-2,-0.110
2.156,-4.642E-2,-0.110
2.173,-4.638E-2,-0.110
2.189,-4.642E-2,-0.110
2.206,-4.638E-2,-0.110
2.223,-4.638E-2,-0.110
2.240,-4.638E-2,-0.110
2.257,-4.639E-2,-0.110
2.274,-4.642E-2,-0.110
2.291,-4.638E-2,-0.110
2.307,-4.638E-2,-0.110
2.324,-4.638E-2,-0.110
2.341,-4.638E-2,-0.110
2.358,-4.639E-2,-0.110
2.375,-4.639E-2,-0.110
2.392,-4.642E-2,-0.110
2.408,-4.641E-2,-0.110
2.425,-4.642E-2,-0.110
2.442,-4.638E-2,-0.110
2.459,-4.638E-2,-0.110
2.476,-4.639E-2,-0.110
2.493,-4.639E-2,-0.110
2.509,-4.639E-2,-0.110
2.526,-4.639E-2,-0.110
2.543,-4.639E-2,-0.110
2.560,-4.639E-2,-0.110
2.577,-4.639E-2,-0.110
2.594,-4.639E-2,-0.110
2.611,-4.639E-2,-0.110
2.627,-4.639E-2,-0.110
2.644,-4.639E-2,-0.110
2.661,-4.639E-2,-0.110
2.678,-4.639E-2,-0.110
2.695,-4.639E-2,-0.110
2.712,-4.639E-2,-0.110
2.728,-4.639E-2,-0.110
2.745,-4.639E-2,-0.110
2.762,-4.639E-2,-0.110
2.779,-4.639E-2,-0.110
2.796,-4.640E-2,-0.110
2.813,-4.639E-2,-0.110
2.829,-4.639E-2,-0.110
2.846,-4.642E-2,-0.110
2.863,-4.641E-2,-0.110
2.880,-4.641E-2,-0.110
2.897,-4.642E-2,-0.110
2.914,-4.642E-2,-0.110
2.931,-4.641E-2,-0.110
2.947,-4.641E-2,-0.110
2.964,-4.641E-2,-0.110
2.981,-4.642E-2,-0.110
2.998,-4.641E-2,-0.110
3.015,-4.642E-2,-0.110
3.032,-4.644E-2,-0.110
3.048,-4.644E-2,-0.110
3.065,-4.643E-2,-0.110
3.082,-4.642E-2,-0.110
3.099,-4.642E-2,-0.110
3.116,-4.645E-2,-0.110
3.133,-4.644E-2,-0.110
3.149,-4.641E-2,-0.110
3.166,-4.641E-2,-0.110
3.183,-4.641E-2,-0.110
3.200,-4.641E-2,-0.110
3.217,-4.641E-2,-0.110
3.234,-4.641E-2,-0.110
3.251,-4.641E-2,-0.110
3.267,-4.641E-2,-0.110
3.284,-4.642E-2,-0.110
3.301,-4.642E-2,-0.110
3.318,-4.642E-2,-0.110
3.335,-4.642E-2,-0.110
3.352,-4.643E-2,-0.110
3.368,-4.642E-2,-0.110
3.385,-4.642E-2,-0.110
3.402,-4.642E-2,-0.110
3.419,-4.642E-2,-0.110
3.436,-4.642E-2,-0.110
3.453,-4.642E-2,-0.110
3.469,-4.642E-2,-0.110
3.486,-4.642E-2,-0.110
3.503,-4.642E-2,-0.110
3.520,-4.641E-2,-0.110
3.537,-4.641E-2,-0.110
3.554,-4.641E-2,-0.110
3.571,-4.641E-2,-0.110
3.587,-4.641E-2,-0.110
3.604,-4.642E-2,-0.110
3.621,-4.643E-2,-0.110
3.638,-4.643E-2,-0.110
3.655,-4.643E-2,-0.110
3.672,-4.642E-2,-0.110
3.688,-4.642E-2,-0.110
3.705,-4.642E-2,-0.110
3.722,-4.642E-2,-0.110
3.739,-4.642E-2,-0.110
3.756,-4.642E-2,-0.110
3.773,-4.639E-2,-0.110
3.789,-4.643E-2,-0.110
3.806,-4.643E-2,-0.110
3.823,-4.642E-2,-0.110
3.840,-4.642E-2,-0.110
3.857,-4.642E-2,-0.110
3.874,-4.642E-2,-0.110
3.891,-4.642E-2,-0.110
3.907,-4.642E-2,-0.110
3.924,-4.642E-2,-0.110
3.941,-4.642E-2,-0.110
3.958,-4.642E-2,-0.110
3.975,-4.642E-2,-0.110
3.992,-4.642E-2,-0.110
4.008,-4.642E-2,-0.110
4.025,-4.642E-2,-0.110
4.042,-4.643E-2,-0.110
4.059,-4.638E-2,-0.110
4.076,-4.623E-2,-0.110
4.093,-4.524E-2,-0.110
4.109,-4.190E-2,-0.111
4.126,-3.594E-2,-0.112
4.143,,
4.160,,
4.177,,
4.194,,
4.211,,
4.227,3.088E-2,-0.112
4.244,3.886E-2,-0.111
4.261,4.386E-2,-0.110
4.278,4.581E-2,-0.109
4.295,4.362E-2,-0.110
4.312,3.811E-2,-0.111
4.328,2.994E-2,-0.112
4.345,1.908E-2,-0.114
4.362,6.881E-3,-0.115
4.379,-5.387E-3,-0.115
4.396,-1.742E-2,-0.114
4.413,-2.786E-2,-0.113
4.429,-3.632E-2,-0.112
4.446,-4.199E-2,-0.111
4.463,-4.495E-2,-0.111
4.480,-4.461E-2,-0.111
4.497,-4.113E-2,-0.111
4.514,-3.470E-2,-0.112
4.531,-2.590E-2,-0.114
4.547,-1.495E-2,-0.115
4.564,-2.904E-3,-0.115
4.581,9.441E-3,-0.114
4.598,2.104E-2,-0.113
4.615,3.118E-2,-0.112
4.632,3.889E-2,-0.111
4.648,,
4.665,,
4.682,4.241E-2,-0.110
4.699,3.668E-2,-0.111
4.716,2.813E-2,-0.112
4.733,1.717E-2,-0.114
4.749,5.270E-3,-0.115
4.766,-6.991E-3,-0.115
4.783,-1.855E-2,-0.114
4.800,-2.881E-2,-0.113
4.817,-3.682E-2,-0.112
4.834,-4.228E-2,-0.111
4.851,-4.457E-2,-0.111
4.867,-4.394E-2,-0.111
4.884,-4.009E-2,-0.112
4.901,-3.341E-2,-0.113
4.918,-2.438E-2,-0.114
4.935,-1.344E-2,-0.115
4.952,-1.381E-3,-0.115
4.968,1.078E-2,-0.114
4.985,2.208E-2,-0.113
5.002,3.178E-2,-0.112
5.019,3.915E-2,-0.111
5.036,4.359E-2,-0.110
5.053,,
5.069,4.160E-2,-0.110
5.086,3.558E-2,-0.111
5.103,2.640E-2,-0.113
5.120,1.567E-2,-0.114
5.137,3.925E-3,-0.115
5.154,-8.422E-3,-0.115
5.171,-1.982E-2,-0.114
5.187,-2.984E-2,-0.113
5.204,-3.722E-2,-0.112
5.221,-4.236E-2,-0.111
5.238,-4.420E-2,-0.111
5.255,-4.310E-2,-0.111
5.272,-3.900E-2,-0.112
5.288,-3.205E-2,-0.113
5.305,-2.263E-2,-0.114
5.322,-1.162E-2,-0.115
5.339,2.217E-4,-0.115
5.356,1.235E-2,-0.114
5.373,2.338E-2,-0.113
5.389,3.280E-2,-0.112
5.406,3.978E-2,-0.110
5.423,4.380E-2,-0.110
5.440,4.408E-2,-0.109
5.457,4.117E-2,-0.110
5.474,3.486E-2,-0.111
5.491,2.559E-2,-0.113
5.507,1.454E-2,-0.114
5.524,2.222E-3,-0.115
5.541,-9.722E-3,-0.115
5.558,-2.070E-2,-0.114
5.575,-3.020E-2,-0.113
5.592,-3.748E-2,-0.112
5.608,-4.194E-2,-0.111
5.625,-4.366E-2,-0.111
5.642,-4.232E-2,-0.111
5.659,-3.796E-2,-0.112
5.676,-3.074E-2,-0.113
5.693,-2.129E-2,-0.114
5.709,-1.034E-2,-0.115
5.726,1.487E-3,-0.115
5.743,1.330E-2,-0.114
5.760,2.430E-2,-0.113
5.777,3.341E-2,-0.112
5.794,3.984E-2,-0.110
5.811,4.331E-2,-0.110
5.827,4.331E-2,-0.110
5.844,3.978E-2,-0.110
5.861,3.318E-2,-0.112
5.878,2.395E-2,-0.113
5.895,1.278E-2,-0.114
5.912,9.964E-4,-0.115
5.928,-1.065E-2,-0.115
5.945,-2.157E-2,-0.114
5.962,-3.091E-2,-0.113
5.979,-3.769E-2,-0.112
5.996,-4.201E-2,-0.111
6.013,-4.333E-2,-0.111
6.029,-4.164E-2,-0.111
6.046,-3.675E-2,-0.112
6.063,-2.950E-2,-0.113
6.080,-2.001E-2,-0.114
6.097,-8.884E-3,-0.115
6.114,2.861E-3,-0.115
6.131,1.464E-2,-0.114
6.147,2.527E-2,-0.113
6.164,3.385E-2,-0.112
6.181,3.997E-2,-0.110
6.198,4.287E-2,-0.110
6.215,4.257E-2,-0.110
6.232,3.871E-2,-0.111
6.248,3.202E-2,-0.112
6.265,2.255E-2,-0.113
6.282,1.168E-2,-0.114
6.299,-2.493E-4,-0.115
6.316,-1.181E-2,-0.115
6.333,-2.237E-2,-0.114
6.349,-3.135E-2,-0.113
6.366,-3.796E-2,-0.112
6.383,-4.192E-2,-0.111
6.400,-4.272E-2,-0.111
6.417,-4.067E-2,-0.111
6.434,-3.575E-2,-0.112
6.451,-2.816E-2,-0.113
6.467,-1.859E-2,-0.114
6.484,-7.589E-3,-0.115
6.501,4.302E-3,-0.115
6.518,1.560E-2,-0.114
6.535,2.599E-2,-0.113
6.552,3.451E-2,-0.111
6.568,4.005E-2,-0.110
6.585,4.271E-2,-0.110
6.602,4.190E-2,-0.110
6.619,3.783E-2,-0.111
6.636,3.101E-2,-0.112
6.653,2.125E-2,-0.113
6.670,1.026E-2,-0.114
6.686,-1.337E-3,-0.115
6.703,-1.284E-2,-0.115
6.720,-2.321E-2,-0.114
6.737,-3.185E-2,-0.113
6.754,-3.809E-2,-0.112
6.771,-4.162E-2,-0.111
6.787,-4.234E-2,-0.111
6.804,-3.995E-2,-0.112
6.821,-3.474E-2,-0.112
6.838,-2.701E-2,-0.113
6.855,-1.714E-2,-0.114
6.872,-6.215E-3,-0.115
6.888,5.431E-3,-0.115
6.905,1.671E-2,-0.114
6.922,2.689E-2,-0.113
6.939,3.516E-2,-0.111
6.956,4.040E-2,-0.110
6.973,4.252E-2,-0.110
6.990,4.148E-2,-0.110
7.006,3.696E-2,-0.111
7.023,2.978E-2,-0.112
7.040,1.991E-2,-0.114
7.057,9.114E-3,-0.115
7.074,-2.494E-3,-0.115
7.091,-1.381E-2,-0.115
7.107,-2.395E-2,-0.114
7.124,-3.229E-2,-0.113
7.141,-3.818E-2,-0.112
7.158,-4.161E-2,-0.111
7.175,-4.174E-2,-0.111
7.192,-3.930E-2,-0.112
7.208,-3.379E-2,-0.113
7.225,-2.588E-2,-0.114
7.242,-1.602E-2,-0.114
7.259,-5.011E-3,-0.115
7.276,6.430E-3,-0.115
7.293,1.757E-2,-0.114
7.310,2.747E-2,-0.113
7.326,3.539E-2,-0.111
7.343,4.019E-2,-0.110
7.360,4.207E-2,-0.110
7.377,4.073E-2,-0.110
7.394,3.607E-2,-0.111
7.411,2.855E-2,-0.112
7.427,1.899E-2,-0.114
7.444,7.776E-3,-0.115
7.461,-3.546E-3,-0.115
7.478,-1.478E-2,-0.115
7.495,-2.460E-2,-0.114
7.512,-3.273E-2,-0.113
7.528,-3.848E-2,-0.112
7.545,-4.124E-2,-0.111
7.562,-4.131E-2,-0.111
7.579,-3.840E-2,-0.112
7.596,-3.292E-2,-0.113
7.613,-2.490E-2,-0.114
7.630,-1.511E-2,-0.115
7.646,-3.889E-3,-0.115
7.663,7.446E-3,-0.115
7.680,1.822E-2,-0.114
7.697,2.791E-2,-0.113
7.714,3.524E-2,-0.111
7.731,4.008E-2,-0.110
7.747,4.179E-2,-0.110
7.764,3.998E-2,-0.110
7.781,3.502E-2,-0.111
7.798,2.760E-2,-0.113
7.815,1.771E-2,-0.114
7.832,6.774E-3,-0.115
7.848,-4.501E-3,-0.115
7.865,-1.543E-2,-0.115
7.882,-2.508E-2,-0.114
7.899,-3.284E-2,-0.113
7.916,-3.826E-2,-0.112
7.933,-4.097E-2,-0.111
7.950,-4.074E-2,-0.111
7.966,-3.778E-2,-0.112
7.983,-3.202E-2,-0.113
8.000,-2.389E-2,-0.114
8.017,-1.404E-2,-0.115
8.034,-2.911E-3,-0.115
8.051,8.483E-3,-0.115
8.067,1.907E-2,-0.114
8.084,2.855E-2,-0.112
8.101,3.565E-2,-0.111
8.118,4.001E-2,-0.110
8.135,4.153E-2,-0.110
8.152,3.952E-2,-0.110
8.168,3.440E-2,-0.111
8.185,2.669E-2,-0.113
8.202,1.681E-2,-0.114
8.219,5.936E-3,-0.115
8.236,-5.401E-3,-0.115
8.253,-1.614E-2,-0.114
8.270,-2.565E-2,-0.114
8.286,-3.317E-2,-0.113
8.303,-3.821E-2,-0.112
8.320,-4.063E-2,-0.111
8.337,-4.011E-2,-0.111
8.354,-3.690E-2,-0.112
8.371,-3.115E-2,-0.113
8.387,-2.277E-2,-0.114
8.404,-1.290E-2,-0.115
8.421,-1.928E-3,-0.115
8.438,9.280E-3,-0.114
8.455,1.965E-2,-0.114
8.472,2.926E-2,-0.112
8.488,3.580E-2,-0.111
8.505,3.997E-2,-0.110
8.522,4.095E-2,-0.110
8.539,3.875E-2,-0.111
8.556,3.356E-2,-0.112
8.573,2.574E-2,-0.113
8.590,1.583E-2,-0.114
8.606,5.019E-3,-0.115
8.623,-6.305E-3,-0.115
8.640,-1.683E-2,-0.114
8.657,-2.598E-2,-0.114
8.674,-3.325E-2,-0.113
8.691,-3.816E-2,-0.112
8.707,-4.041E-2,-0.112
8.724,-3.972E-2,-0.112
8.741,-3.621E-2,-0.112
8.758,-3.010E-2,-0.113
8.775,-2.183E-2,-0.114
8.792,-1.190E-2,-0.115
8.808,-1.181E-3,-0.115
8.825,9.935E-3,-0.114
8.842,2.039E-2,-0.113
8.859,2.946E-2,-0.112
8.876,3.584E-2,-0.111
8.893,3.981E-2,-0.110
8.910,4.068E-2,-0.110
8.926,3.812E-2,-0.111
8.943,3.261E-2,-0.112
8.960,2.466E-2,-0.113
8.977,1.482E-2,-0.114
8.994,4.082E-3,-0.115
9.011,-7.006E-3,-0.115
9.027,-1.745E-2,-0.114
9.044,-2.638E-2,-0.114
9.061,-3.337E-2,-0.113
9.078,-3.801E-2,-0.112
9.095,-4.001E-2,-0.112
9.112,-3.902E-2,-0.112
9.128,-3.545E-2,-0.112
9.145,-2.942E-2,-0.113
9.162,-2.105E-2,-0.114
9.179,-1.111E-2,-0.115
9.196,-3.079E-4,-0.115
9.213,1.055E-2,-0.114
9.230,2.089E-2,-0.113
9.246,2.969E-2,-0.112
9.263,3.587E-2,-0.111
9.280,3.968E-2,-0.110
9.297,4.007E-2,-0.110
9.314,3.756E-2,-0.111
9.331,3.205E-2,-0.112
9.347,2.401E-2,-0.113
9.364,1.382E-2,-0.114
9.381,3.140E-3,-0.115
9.398,-7.516E-3,-0.115
9.415,-1.791E-2,-0.114
9.432,-2.667E-2,-0.114
9.448,-3.357E-2,-0.113
9.465,-3.802E-2,-0.112
9.482,-3.965E-2,-0.112
9.499,-3.862E-2,-0.112
9.516,-3.484E-2,-0.112
9.533,-2.857E-2,-0.113
9.550,-2.025E-2,-0.114
9.566,-1.023E-2,-0.115
9.583,4.354E-4,-0.115
9.600,1.119E-2,-0.114
9.617,2.128E-2,-0.113
9.634,2.985E-2,-0.112
9.651,3.595E-2,-0.111
9.667,3.931E-2,-0.111
9.684,3.975E-2,-0.110
9.701,3.685E-2,-0.111
9.718,3.122E-2,-0.112
9.735,2.316E-2,-0.113
9.752,1.326E-2,-0.114
9.768,2.468E-3,-0.115
9.785,-8.317E-3,-0.115
9.802,-1.819E-2,-0.114
9.819,-2.694E-2,-0.114
9.836,-3.362E-2,-0.113
9.853,-3.792E-2,-0.112
9.870,-3.929E-2,-0.112
9.886,-3.809E-2,-0.112
9.903,-3.423E-2,-0.112
9.920,-2.794E-2,-0.113
9.937,-1.949E-2,-0.114
9.954,-9.415E-3,-0.115
9.971,1.115E-3,-0.115
9.987,1.186E-2,-0.114
10.004,2.152E-2,-0.113
10.021,2.995E-2,-0.112
10.038,3.583E-2,-0.111
10.055,3.901E-2,-0.111
10.072,3.913E-2,-0.111
10.088,3.616E-2,-0.111
10.105,3.032E-2,-0.112
10.122,2.240E-2,-0.113
10.139,1.250E-2,-0.114
10.156,1.857E-3,-0.115
10.173,-8.788E-3,-0.115
10.190,-1.864E-2,-0.114
10.206,-2.719E-2,-0.113
10.223,-3.366E-2,-0.113
10.240,-3.774E-2,-0.112
10.257,-3.910E-2,-0.112
10.274,-3.771E-2,-0.112
10.291,-3.371E-2,-0.113
10.307,-2.722E-2,-0.113
10.324,-1.873E-2,-0.114
10.341,-8.936E-3,-0.115
10.358,1.625E-3,-0.115
10.375,1.229E-2,-0.114
10.392,2.210E-2,-0.113
10.408,3.007E-2,-0.112
10.425,3.582E-2,-0.111
10.442,3.885E-2,-0.111
10.459,3.883E-2,-0.111
10.476,3.572E-2,-0.111
10.493,2.993E-2,-0.112
10.510,2.161E-2,-0.113
10.526,1.161E-2,-0.114
10.543,1.232E-3,-0.115
10.560,-9.314E-3,-0.115
10.577,-1.900E-2,-0.114
10.594,-2.728E-2,-0.113
10.611,-3.358E-2,-0.113
10.627,-3.746E-2,-0.112
10.644,-3.858E-2,-0.112
10.661,-3.715E-2,-0.112
10.678,-3.298E-2,-0.113
10.695,-2.642E-2,-0.113
10.712,-1.797E-2,-0.114
10.728,-8.008E-3,-0.115
10.745,2.526E-3,-0.115
10.762,1.277E-2,-0.114
10.779,2.236E-2,-0.113
10.796,3.046E-2,-0.112
10.813,3.577E-2,-0.111
10.830,3.865E-2,-0.111
10.846,3.850E-2,-0.111
10.863,3.530E-2,-0.111
10.880,2.945E-2,-0.112
10.897,2.104E-2,-0.113
10.914,1.141E-2,-0.114
10.931,6.965E-4,-0.115
10.947,-9.542E-3,-0.115
10.964,-1.926E-2,-0.114
10.981,-2.739E-2,-0.113
10.998,-3.350E-2,-0.113
11.015,-3.718E-2,-0.112
11.032,-3.821E-2,-0.112
11.048,-3.654E-2,-0.112
11.065,-3.242E-2,-0.113
11.082,-2.593E-2,-0.114
11.099,-1.740E-2,-0.114
11.116,-7.619E-3,-0.115
11.133,2.675E-3,-0.115
11.150,1.313E-2,-0.114
11.166,2.266E-2,-0.113
11.183,3.029E-2,-0.112
11.200,3.573E-2,-0.111
11.217,3.831E-2,-0.111
11.234,3.798E-2,-0.111
11.251,3.464E-2,-0.111
11.267,2.860E-2,-0.112
11.284,2.058E-2,-0.113
11.301,1.059E-2,-0.114
11.318,2.855E-4,-0.115
11.335,-1.012E-2,-0.115
11.352,-1.953E-2,-0.114
11.368,-2.748E-2,-0.113
11.385,-3.342E-2,-0.113
11.402,-3.695E-2,-0.112
11.419,-3.800E-2,-0.112
11.436,-3.628E-2,-0.112
11.453,-3.189E-2,-0.113
11.470,-2.530E-2,-0.114
11.486,-1.692E-2,-0.114
11.503,-7.120E-3,-0.115
11.520,3.129E-3,-0.115
11.537,1.331E-2,-0.114
11.554,2.275E-2,-0.113
11.571,3.021E-2,-0.112
11.587,3.556E-2,-0.111
11.604,3.804E-2,-0.111
11.621,3.765E-2,-0.111
11.638,3.404E-2,-0.112
11.655,2.813E-2,-0.113
11.672,1.980E-2,-0.114
11.688,1.010E-2,-0.114
11.705,-1.403E-4,-0.115
11.722,-1.041E-2,-0.115
11.739,-1.970E-2,-0.114
11.756,-2.752E-2,-0.113
11.773,-3.335E-2,-0.113
11.790,-3.680E-2,-0.112
11.806,-3.754E-2,-0.112
11.823,-3.578E-2,-0.112
11.840,-3.142E-2,-0.113
11.857,-2.481E-2,-0.114
11.874,-1.646E-2,-0.114
11.891,-6.658E-3,-0.115
11.907,3.678E-3,-0.115
11.924,1.359E-2,-0.114
11.941,2.282E-2,-0.113
11.958,3.020E-2,-0.112
11.975,3.544E-2,-0.111
11.992,3.777E-2,-0.111
12.008,3.710E-2,-0.111
12.025,3.363E-2,-0.112
12.042,2.750E-2,-0.113
12.059,1.928E-2,-0.114
12.076,9.762E-3,-0.114
12.093,-5.105E-4,-0.115
12.110,-1.051E-2,-0.115
12.126,-1.983E-2,-0.114
12.143,-2.758E-2,-0.113
12.160,-3.315E-2,-0.113
12.177,-3.651E-2,-0.112
12.194,-3.717E-2,-0.112
12.211,-3.540E-2,-0.112
12.227,-3.095E-2,-0.113
12.244,-2.435E-2,-0.114
12.261,-1.588E-2,-0.114
12.278,-6.266E-3,-0.115
12.295,3.736E-3,-0.115
12.312,1.373E-2,-0.114
12.328,2.289E-2,-0.113
12.345,3.019E-2,-0.112
12.362,3.508E-2,-0.111
12.379,3.732E-2,-0.111
12.396,3.672E-2,-0.111
12.413,3.333E-2,-0.112
12.430,2.709E-2,-0.113
12.446,1.885E-2,-0.114
12.463,9.251E-3,-0.114
12.480,-8.277E-4,-0.115
12.497,-1.068E-2,-0.115
12.514,-1.984E-2,-0.114
12.531,-2.741E-2,-0.113
12.547,-3.296E-2,-0.113
12.564,-3.620E-2,-0.112
12.581,-3.672E-2,-0.112
12.598,-3.494E-2,-0.112
12.615,-3.043E-2,-0.113
12.632,-2.384E-2,-0.114
12.648,-1.541E-2,-0.114
12.665,-5.889E-3,-0.115
12.682,4.349E-3,-0.115
12.699,1.420E-2,-0.114
12.716,2.292E-2,-0.113
12.733,3.007E-2,-0.112
12.750,3.491E-2,-0.111
12.766,3.709E-2,-0.111
12.783,3.626E-2,-0.111
12.800,3.279E-2,-0.112
12.817,2.654E-2,-0.113
12.834,1.832E-2,-0.114
12.851,8.729E-3,-0.115
12.867,-1.083E-3,-0.115
12.884,-1.103E-2,-0.115
12.901,-1.994E-2,-0.114
12.918,-2.747E-2,-0.113
12.935,-3.295E-2,-0.113
12.952,-3.591E-2,-0.112
12.968,-3.655E-2,-0.112
12.985,-3.448E-2,-0.112
13.002,-2.995E-2,-0.113
13.019,-2.344E-2,-0.114
13.036,-1.508E-2,-0.115
13.053,-5.667E-3,-0.115
13.070,4.429E-3,-0.115
13.086,1.424E-2,-0.114
13.103,2.293E-2,-0.113
13.120,3.002E-2,-0.112
13.137,3.474E-2,-0.111
13.154,3.686E-2,-0.111
13.171,3.596E-2,-0.111
13.187,3.240E-2,-0.112
13.204,2.632E-2,-0.113
13.221,1.811E-2,-0.114
13.238,8.500E-3,-0.115
13.255,-1.242E-3,-0.115
13.272,-1.096E-2,-0.115
13.288,-1.993E-2,-0.114
13.305,-2.728E-2,-0.113
13.322,-3.274E-2,-0.113
13.339,-3.581E-2,-0.112
13.356,-3.612E-2,-0.112
13.373,-3.418E-2,-0.113
13.390,-2.968E-2,-0.113
13.406,-2.311E-2,-0.114
13.423,-1.481E-2,-0.115
13.440,-5.247E-3,-0.115
13.457,4.761E-3,-0.115
13.474,1.414E-2,-0.114
13.491,2.298E-2,-0.113
13.507,2.992E-2,-0.112
13.524,3.458E-2,-0.111
13.541,3.663E-2,-0.111
13.558,3.573E-2,-0.111
13.575,3.219E-2,-0.112
13.592,2.603E-2,-0.113
13.608,1.783E-2,-0.114
13.625,8.595E-3,-0.115
13.642,-1.402E-3,-0.115
13.659,-1.102E-2,-0.115
13.676,-1.986E-2,-0.114
13.693,-2.702E-2,-0.113
13.710,-3.243E-2,-0.113
13.726,-3.544E-2,-0.112
13.743,-3.575E-2,-0.112
13.760,-3.372E-2,-0.113
13.777,-2.933E-2,-0.113
13.794,-2.266E-2,-0.114
13.811,-1.440E-2,-0.115
13.827,-5.028E-3,-0.115
13.844,4.770E-3,-0.115
13.861,1.437E-2,-0.114
13.878,2.286E-2,-0.113
13.895,2.974E-2,-0.112
13.912,3.440E-2,-0.111
13.928,3.638E-2,-0.111
13.945,3.549E-2,-0.111
13.962,3.181E-2,-0.112
13.979,2.567E-2,-0.113
13.996,1.752E-2,-0.114
14.013,8.325E-3,-0.114
14.030,-1.475E-3,-0.115
14.046,-1.096E-2,-0.115
14.063,-1.979E-2,-0.114
14.080,-2.690E-2,-0.113
14.097,-3.219E-2,-0.113
14.114,-3.510E-2,-0.112
14.131,-3.561E-2,-0.112
14.147,-3.344E-2,-0.113
14.164,-2.898E-2,-0.113
14.181,-2.255E-2,-0.114
14.198,-1.433E-2,-0.115
14.215,-4.918E-3,-0.115
14.232,4.827E-3,-0.115
14.248,1.430E-2,-0.114
14.265,2.272E-2,-0.113
14.282,2.960E-2,-0.112
14.299,3.418E-2,-0.111
14.316,3.593E-2,-0.111
14.333,3.522E-2,-0.111
14.350,3.134E-2,-0.112
14.366,2.541E-2,-0.113
14.383,1.739E-2,-0.114
14.400,7.978E-3,-0.115
14.417,-1.613E-3,-0.115
14.434,-1.098E-2,-0.115
14.451,-1.971E-2,-0.114
14.467,-2.676E-2,-0.114
14.484,-3.192E-2,-0.113
14.501,-3.471E-2,-0.112
14.518,-3.520E-2,-0.112
14.535,-3.301E-2,-0.113
14.552,-2.869E-2,-0.113
14.568,-2.222E-2,-0.114
14.585,-1.393E-2,-0.115
14.602,-4.823E-3,-0.115
14.619,4.873E-3,-0.115
14.636,1.430E-2,-0.114
14.653,2.270E-2,-0.113
14.670,2.948E-2,-0.112
14.686,3.371E-2,-0.112
14.703,3.567E-2,-0.111
14.720,3.470E-2,-0.111
14.737,3.109E-2,-0.112
14.754,2.528E-2,-0.113
14.771,1.724E-2,-0.114
14.787,7.925E-3,-0.115
14.804,-1.496E-3,-0.115
14.821,-1.084E-2,-0.115
14.838,-1.948E-2,-0.114
14.855,-2.643E-2,-0.113
14.872,-3.149E-2,-0.113
14.888,-3.428E-2,-0.112
14.905,-3.472E-2,-0.112
14.922,-3.262E-2,-0.113
14.939,-2.819E-2,-0.113
14.956,-2.187E-2,-0.114
14.973,-1.352E-2,-0.115
14.990,-4.629E-3,-0.115
15.006,4.969E-3,-0.115
15.023,1.429E-2,-0.114
15.040,2.249E-2,-0.113
15.057,2.928E-2,-0.112
15.074,3.356E-2,-0.112
15.091,3.547E-2,-0.111
15.107,3.447E-2,-0.111
15.124,3.092E-2,-0.112
15.141,2.507E-2,-0.113
15.158,1.705E-2,-0.114
15.175,8.151E-3,-0.115
15.192,-1.497E-3,-0.115
15.208,-1.081E-2,-0.115
15.225,-1.925E-2,-0.114
15.242,-2.614E-2,-0.114
15.259,-3.121E-2,-0.113
15.276,-3.395E-2,-0.112
15.293,-3.440E-2,-0.112
15.310,-3.230E-2,-0.113
15.326,-2.800E-2,-0.113
15.343,-2.176E-2,-0.114
15.360,-1.362E-2,-0.115
15.377,-4.658E-3,-0.115
15.394,4.837E-3,-0.115
15.411,1.410E-2,-0.114
15.427,2.236E-2,-0.113
15.444,2.877E-2,-0.112
15.461,3.332E-2,-0.112
15.478,3.523E-2,-0.111
15.495,3.426E-2,-0.111
15.512,3.070E-2,-0.112
15.528,2.471E-2,-0.113
15.545,1.706E-2,-0.114
15.562,8.097E-3,-0.115
15.579,-1.524E-3,-0.115
15.596,-1.071E-2,-0.115
15.613,-1.903E-2,-0.114
15.630,-2.595E-2,-0.114
15.646,-3.104E-2,-0.113
15.663,-3.382E-2,-0.113
15.680,-3.425E-2,-0.113
15.697,-3.223E-2,-0.113
15.714,-2.797E-2,-0.113
15.731,-2.163E-2,-0.114
15.747,-1.378E-2,-0.115
15.764,-4.772E-3,-0.115
15.781,4.648E-3,-0.115
15.798,1.369E-2,-0.114
15.815,2.181E-2,-0.113
15.832,2.854E-2,-0.112
15.848,3.277E-2,-0.112
15.865,3.473E-2,-0.111
15.882,3.381E-2,-0.112
15.899,3.029E-2,-0.112
15.916,2.451E-2,-0.113
15.933,1.698E-2,-0.114
15.950,7.906E-3,-0.115
15.966,-1.222E-3,-0.115
15.983,-1.057E-2,-0.115
16.000,-1.874E-2,-0.114
16.017,-2.568E-2,-0.114
16.034,-3.071E-2,-0.113
16.051,-3.341E-2,-0.113
16.067,-3.391E-2,-0.113
16.084,-3.195E-2,-0.113
16.101,-2.774E-2,-0.113
16.118,-2.154E-2,-0.114
16.135,-1.372E-2,-0.115
16.152,-4.770E-3,-0.115
16.168,4.630E-3,-0.115
16.185,1.357E-2,-0.114
16.202,2.161E-2,-0.113
16.219,2.829E-2,-0.112
16.236,3.258E-2,-0.112
16.253,3.455E-2,-0.111
16.270,3.364E-2,-0.112
16.286,3.022E-2,-0.112
16.303,2.455E-2,-0.113
16.320,1.702E-2,-0.114
16.337,8.190E-3,-0.115
16.354,-1.010E-3,-0.115
16.371,-1.003E-2,-0.115
16.387,-1.836E-2,-0.114
16.404,-2.523E-2,-0.114
16.421,-3.028E-2,-0.113
16.438,-3.303E-2,-0.113
16.455,-3.360E-2,-0.113
16.472,-3.163E-2,-0.113
16.488,-2.751E-2,-0.113
16.505,-2.132E-2,-0.114
16.522,-1.354E-2,-0.115
16.539,-4.787E-3,-0.115
16.556,4.450E-3,-0.115
16.573,1.327E-2,-0.114
16.590,2.145E-2,-0.113
16.606,2.786E-2,-0.113
16.623,3.228E-2,-0.112
16.640,3.430E-2,-0.111
16.657,3.349E-2,-0.112
16.674,3.006E-2,-0.112
16.691,2.454E-2,-0.113
16.707,1.712E-2,-0.114
16.724,8.643E-3,-0.115
16.741,-8.198E-4,-0.115
16.758,-9.605E-3,-0.115
16.775,-1.796E-2,-0.114
16.792,-2.479E-2,-0.114
16.808,-2.976E-2,-0.113
16.825,-3.256E-2,-0.113
16.842,-3.312E-2,-0.113
16.859,-3.128E-2,-0.113
16.876,-2.727E-2,-0.113
16.893,-2.122E-2,-0.114
16.910,-1.363E-2,-0.115
16.926,-4.847E-3,-0.115
16.943,4.351E-3,-0.115
16.960,1.307E-2,-0.114
16.977,2.113E-2,-0.113
16.994,2.758E-2,-0.113
17.011,3.211E-2,-0.112
17.027,3.411E-2,-0.111
17.044,3.331E-2,-0.112
17.061,2.999E-2,-0.112
17.078,2.450E-2,-0.113
17.095,1.725E-2,-0.114
17.112,8.662E-3,-0.114
17.128,-5.395E-4,-0.115
17.145,-9.411E-3,-0.115
17.162,-1.755E-2,-0.114
17.179,-2.436E-2,-0.114
17.196,-2.943E-2,-0.113
17.213,-3.216E-2,-0.113
17.230,-3.280E-2,-0.113
17.246,-3.106E-2,-0.113
17.263,-2.710E-2,-0.113
17.280,-2.118E-2,-0.114
17.297,-1.358E-2,-0.115
17.314,-5.033E-3,-0.115
17.331,3.993E-3,-0.115
17.347,1.274E-2,-0.114
17.364,2.078E-2,-0.113
17.381,2.721E-2,-0.113
17.398,3.177E-2,-0.112
17.415,3.358E-2,-0.112
17.432,3.307E-2,-0.112
17.448,2.985E-2,-0.112
17.465,2.444E-2,-0.113
17.482,1.710E-2,-0.114
17.499,8.715E-3,-0.114
17.516,-3.217E-4,-0.115
17.533,-9.125E-3,-0.115
17.550,-1.726E-2,-0.114
17.566,-2.402E-2,-0.114
17.583,-2.902E-2,-0.113
17.600,-3.207E-2,-0.113
17.617,-3.255E-2,-0.113
17.634,-3.089E-2,-0.113
17.651,-2.710E-2,-0.113
17.667,-2.126E-2,-0.114
17.684,-1.363E-2,-0.115
17.701,-5.406E-3,-0.115
17.718,3.703E-3,-0.115
17.735,1.237E-2,-0.114
17.752,2.041E-2,-0.113
17.768,2.688E-2,-0.113
17.785,3.118E-2,-0.112
17.802,3.330E-2,-0.112
17.819,3.285E-2,-0.112
17.836,2.967E-2,-0.112
17.853,2.438E-2,-0.113
17.870,1.719E-2,-0.114
17.886,8.912E-3,-0.115
17.903,-1.714E-4,-0.115
17.920,-8.730E-3,-0.115
17.937,-1.685E-2,-0.114
17.954,-2.373E-2,-0.114
17.971,-2.875E-2,-0.113
17.987,-3.167E-2,-0.113
18.004,-3.226E-2,-0.113
18.021,-3.084E-2,-0.113
18.038,-2.700E-2,-0.113
18.055,-2.126E-2,-0.114
18.072,-1.385E-2,-0.115
18.088,-5.616E-3,-0.115
18.105,3.364E-3,-0.115
18.122,1.196E-2,-0.114
18.139,2.012E-2,-0.114
18.156,2.622E-2,-0.113
18.173,3.091E-2,-0.112
18.190,3.307E-2,-0.112
18.206,3.252E-2,-0.112
18.223,2.974E-2,-0.112
18.240,2.450E-2,-0.113
18.257,1.739E-2,-0.114
18.274,9.149E-3,-0.115
18.291,2.557E-4,-0.115
18.307,-8.546E-3,-0.115
18.324,-1.654E-2,-0.114
18.341,-2.320E-2,-0.114
18.358,-2.828E-2,-0.113
18.375,-3.124E-2,-0.113
18.392,-3.213E-2,-0.113
18.408,-3.066E-2,-0.113
18.425,-2.698E-2,-0.113
18.442,-2.136E-2,-0.114
18.459,-1.413E-2,-0.115
18.476,-5.899E-3,-0.115
18.493,3.092E-3,-0.115
18.510,1.176E-2,-0.114
18.526,1.955E-2,-0.114
18.543,2.596E-2,-0.113
18.560,3.059E-2,-0.112
18.577,3.284E-2,-0.112
18.594,3.237E-2,-0.112
18.611,2.954E-2,-0.112
18.627,2.459E-2,-0.113
18.644,1.762E-2,-0.114
18.661,9.530E-3,-0.114
18.678,7.374E-4,-0.115
18.695,-7.966E-3,-0.115
18.712,-1.599E-2,-0.114
18.728,-2.266E-2,-0.114
18.745,-2.778E-2,-0.113
18.762,-3.086E-2,-0.113
18.779,-3.182E-2,-0.113
18.796,-3.043E-2,-0.113
18.813,-2.687E-2,-0.113
18.830,-2.143E-2,-0.114
18.846,-1.427E-2,-0.115
18.863,-6.186E-3,-0.115
18.880,2.627E-3,-0.115
18.897,1.126E-2,-0.114
18.914,1.913E-2,-0.114
18.931,2.563E-2,-0.113
18.947,3.011E-2,-0.112
18.964,3.239E-2,-0.112
18.981,3.218E-2,-0.112
18.998,2.947E-2,-0.112
19.015,2.451E-2,-0.113
19.032,1.769E-2,-0.114
19.048,9.774E-3,-0.114
19.065,1.002E-3,-0.115
19.082,-7.605E-3,-0.115
19.099,-1.546E-2,-0.114
19.116,-2.217E-2,-0.114
19.133,-2.749E-2,-0.113
19.150,-3.064E-2,-0.113
19.166,-3.152E-2,-0.113
19.183,-3.031E-2,-0.113
19.200,-2.686E-2,-0.113
19.217,-2.156E-2,-0.114
19.234,-1.449E-2,-0.115
19.251,-6.564E-3,-0.115
19.267,2.004E-3,-0.115
19.284,1.058E-2,-0.114
19.301,1.832E-2,-0.114
19.318,2.485E-2,-0.113
19.335,2.935E-2,-0.112
19.352,3.178E-2,-0.112
19.368,3.171E-2,-0.112
19.385,2.913E-2,-0.112
19.402,2.449E-2,-0.113
19.419,1.779E-2,-0.114
19.436,9.952E-3,-0.114
19.453,1.399E-3,-0.115
19.470,-7.134E-3,-0.115
19.486,-1.521E-2,-0.115
19.503,-2.179E-2,-0.114
19.520,-2.704E-2,-0.113
19.537,-3.020E-2,-0.113
19.554,-3.124E-2,-0.113
19.571,-3.016E-2,-0.113
19.587,-2.691E-2,-0.113
19.604,-2.177E-2,-0.114
19.621,-1.489E-2,-0.114
19.638,-6.895E-3,-0.115
19.655,1.644E-3,-0.115
19.672,9.999E-3,-0.114
19.688,1.779E-2,-0.114
19.705,2.436E-2,-0.113
19.722,2.923E-2,-0.112
19.739,3.176E-2,-0.112
19.756,3.177E-2,-0.112
19.773,2.934E-2,-0.112
19.790,2.458E-2,-0.113
19.806,1.832E-2,-0.114
19.823,1.029E-2,-0.114
19.840,1.787E-3,-0.115
19.857,-6.637E-3,-0.115
19.874,-1.450E-2,-0.115
19.891,-2.138E-2,-0.114
19.907,-2.651E-2,-0.113
19.924,-3.001E-2,-0.113
19.941,-3.114E-2,-0.113
19.958,-3.000E-2,-0.113
19.975,-2.690E-2,-0.113
19.992,-2.196E-2,-0.114
20.009,-1.520E-2,-0.114
20.025,-7.423E-3,-0.115
20.042,1.017E-3,-0.115
20.059,9.575E-3,-0.114
20.076,1.736E-2,-0.114
20.093,2.398E-2,-0.113
20.110,2.865E-2,-0.112
20.126,3.128E-2,-0.112
20.143,3.147E-2,-0.112
20.160,2.920E-2,-0.112
20.177,2.482E-2,-0.113
20.194,1.840E-2,-0.114
20.211,1.077E-2,-0.114
20.227,2.455E-3,-0.115
20.244,-5.978E-3,-0.115
20.261,-1.386E-2,-0.115
20.278,-2.059E-2,-0.114
20.295,-2.597E-2,-0.114
20.312,-2.941E-2,-0.113
20.329,-3.072E-2,-0.113
20.345,-2.974E-2,-0.113
20.362,-2.678E-2,-0.113
20.379,-2.199E-2,-0.114
20.396,-1.542E-2,-0.114
20.413,-7.835E-3,-0.115
20.430,5.623E-4,-0.115
20.446,9.055E-3,-0.114
20.463,1.696E-2,-0.114
20.480,2.339E-2,-0.113
20.497,2.838E-2,-0.112
20.514,3.109E-2,-0.112
20.531,3.141E-2,-0.112
20.547,2.947E-2,-0.112
20.564,2.501E-2,-0.113
20.581,1.904E-2,-0.114
20.598,1.165E-2,-0.114
20.615,3.315E-3,-0.115
20.632,-5.256E-3,-0.115
20.649,-1.326E-2,-0.115
20.665,-1.996E-2,-0.114
20.682,-2.548E-2,-0.114
20.699,-2.903E-2,-0.113
20.716,-3.042E-2,-0.113
20.733,-2.966E-2,-0.113
20.750,-2.688E-2,-0.113
20.766,-2.226E-2,-0.114
20.783,-1.582E-2,-0.114
20.800,-8.311E-3,-0.115
20.817,-4.377E-5,-0.115
20.834,8.442E-3,-0.115
20.851,1.595E-2,-0.114
20.867,2.279E-2,-0.113
20.884,2.765E-2,-0.113
20.901,3.052E-2,-0.112
20.918,3.114E-2,-0.112
20.935,2.928E-2,-0.112
20.952,2.500E-2,-0.113
20.969,1.922E-2,-0.114
20.985,1.189E-2,-0.114
21.002,3.723E-3,-0.115
21.019,-4.717E-3,-0.115
21.036,-1.264E-2,-0.115
21.053,-1.956E-2,-0.114
21.070,-2.490E-2,-0.114
21.086,-2.856E-2,-0.113
21.103,-3.014E-2,-0.113
21.120,-2.956E-2,-0.113
21.137,-2.701E-2,-0.113
21.154,-2.235E-2,-0.114
21.171,-1.615E-2,-0.114
21.187,-8.595E-3,-0.115
21.204,-6.178E-4,-0.115
21.221,7.816E-3,-0.115
21.238,1.543E-2,-0.114
21.255,2.225E-2,-0.113
21.272,2.728E-2,-0.113
21.289,3.016E-2,-0.112
21.305,3.098E-2,-0.112
21.322,2.929E-2,-0.112
21.339,2.537E-2,-0.113
21.356,1.944E-2,-0.114
21.373,1.231E-2,-0.114
21.390,4.342E-3,-0.115
21.406,-3.948E-3,-0.115
21.423,-1.182E-2,-0.115
21.440,-1.875E-2,-0.114
21.457,-2.426E-2,-0.114
21.474,-2.802E-2,-0.113
21.491,-2.975E-2,-0.113
21.507,-2.937E-2,-0.113
21.524,-2.701E-2,-0.113
21.541,-2.257E-2,-0.114
21.558,-1.659E-2,-0.114
21.575,-9.129E-3,-0.115
21.592,-1.165E-3,-0.115
21.609,6.955E-3,-0.115
21.625,1.484E-2,-0.114
21.642,2.149E-2,-0.113
21.659,2.675E-2,-0.113
21.676,2.985E-2,-0.112
21.693,3.083E-2,-0.112
21.710,2.933E-2,-0.112
21.726,2.559E-2,-0.113
21.743,2.021E-2,-0.113
21.760,1.289E-2,-0.114
21.777,4.963E-3,-0.115
21.794,-3.227E-3,-0.115
21.811,-1.096E-2,-0.115
21.827,-1.796E-2,-0.114
21.844,-2.365E-2,-0.114
21.861,-2.761E-2,-0.113
21.878,-2.929E-2,-0.113
21.895,-2.924E-2,-0.113
21.912,-2.688E-2,-0.113
21.929,-2.265E-2,-0.114
21.945,-1.679E-2,-0.114
21.962,-9.508E-3,-0.115
21.979,-1.705E-3,-0.115
21.996,6.435E-3,-0.115
22.013,1.427E-2,-0.114
22.030,2.102E-2,-0.113
22.046,2.611E-2,-0.113
22.063,2.962E-2,-0.112
22.080,3.066E-2,-0.112
22.097,2.939E-2,-0.112
22.114,2.583E-2,-0.113
22.131,2.044E-2,-0.113
22.147,1.337E-2,-0.114
22.164,5.670E-3,-0.115
22.181,-2.547E-3,-0.115
22.198,-1.027E-2,-0.115
22.215,-1.749E-2,-0.114
22.232,-2.303E-2,-0.114
22.249,-2.703E-2,-0.113
22.265,-2.911E-2,-0.113
22.282,-2.911E-2,-0.113
22.299,-2.703E-2,-0.113
22.316,-2.295E-2,-0.114
22.333,-1.715E-2,-0.114
22.350,-1.016E-2,-0.115
22.366,-2.419E-3,-0.115
22.383,5.684E-3,-0.115
22.400,1.334E-2,-0.114
22.417,2.040E-2,-0.113
22.434,2.566E-2,-0.113
22.451,2.894E-2,-0.112
22.467,3.016E-2,-0.112
22.484,2.901E-2,-0.112
22.501,2.586E-2,-0.113
22.518,2.069E-2,-0.113
22.535,1.371E-2,-0.114
22.552,6.186E-3,-0.115
22.569,-1.890E-3,-0.115
22.585,-9.857E-3,-0.115
22.602,-1.677E-2,-0.114
22.619,-2.242E-2,-0.114
22.636,-2.659E-2,-0.113
22.653,-2.877E-2,-0.113
22.670,-2.895E-2,-0.113
22.686,-2.703E-2,-0.113
22.703,-2.314E-2,-0.114
22.720,-1.760E-2,-0.114
22.737,-1.069E-2,-0.115
22.754,-3.029E-3,-0.115
22.771,5.019E-3,-0.115
22.787,1.262E-2,-0.114
22.804,1.951E-2,-0.114
22.821,2.485E-2,-0.113
22.838,2.856E-2,-0.112
22.855,2.994E-2,-0.112
22.872,2.921E-2,-0.112
22.889,2.597E-2,-0.113
22.905,2.096E-2,-0.113
22.922,1.452E-2,-0.114
22.939,6.727E-3,-0.115
22.956,-1.128E-3,-0.115
22.973,-9.076E-3,-0.115
22.990,-1.604E-2,-0.114
23.006,-2.191E-2,-0.114
23.023,-2.614E-2,-0.114
23.040,-2.839E-2,-0.113
23.057,-2.877E-2,-0.113
23.074,-2.709E-2,-0.113
23.091,-2.349E-2,-0.114
23.107,-1.805E-2,-0.114
23.124,-1.140E-2,-0.115
23.141,-3.823E-3,-0.115
23.158,4.129E-3,-0.115
23.175,1.182E-2,-0.114
23.192,1.881E-2,-0.114
23.209,2.430E-2,-0.113
23.225,2.811E-2,-0.112
23.242,2.969E-2,-0.112
23.259,2.915E-2,-0.112
23.276,2.605E-2,-0.113
23.293,2.125E-2,-0.113
23.310,1.489E-2,-0.114
23.326,7.334E-3,-0.115
23.343,-4.288E-4,-0.115
23.360,-8.233E-3,-0.115
23.377,-1.522E-2,-0.115
23.394,-2.118E-2,-0.114
23.411,-2.561E-2,-0.114
23.427,-2.820E-2,-0.113
23.444,-2.859E-2,-0.113
23.461,-2.716E-2,-0.113
23.478,-2.373E-2,-0.114
23.495,-1.850E-2,-0.114
23.512,-1.205E-2,-0.115
23.529,-4.535E-3,-0.115
23.545,3.244E-3,-0.115
23.562,1.085E-2,-0.114
23.579,1.782E-2,-0.114
23.596,2.346E-2,-0.113
23.613,2.751E-2,-0.113
23.630,2.919E-2,-0.112
23.646,2.886E-2,-0.112
23.663,2.630E-2,-0.113
23.680,2.169E-2,-0.113
23.697,1.553E-2,-0.114
23.714,8.143E-3,-0.115
23.731,4.858E-4,-0.115
23.747,-7.322E-3,-0.115
23.764,-1.458E-2,-0.115
23.781,-2.065E-2,-0.114
23.798,-2.512E-2,-0.114
23.815,-2.770E-2,-0.113
23.832,-2.851E-2,-0.113
23.849,-2.714E-2,-0.114
23.865,-2.399E-2,-0.114
23.882,-1.896E-2,-0.114
23.899,-1.266E-2,-0.115
23.916,-5.296E-3,-0.115
23.933,2.368E-3,-0.115
23.950,1.013E-2,-0.114
23.966,1.718E-2,-0.114
23.983,2.285E-2,-0.113
24.000,2.703E-2,-0.113
24.017,2.894E-2,-0.112
24.034,2.876E-2,-0.112
24.051,2.634E-2,-0.113
24.067,2.201E-2,-0.113
24.084,1.595E-2,-0.114
24.101,8.808E-3,-0.115
24.118,1.237E-3,-0.115
24.135,-6.502E-3,-0.115
24.152,-1.366E-2,-0.115
24.169,-1.980E-2,-0.114
24.185,-2.446E-2,-0.114
24.202,-2.727E-2,-0.113
24.219,-2.824E-2,-0.113
24.236,-2.706E-2,-0.113
24.253,-2.418E-2,-0.114
24.270,-1.937E-2,-0.114
24.286,-1.323E-2,-0.115
24.303,-6.048E-3,-0.115
