,mass A,,
t,x,y,
0.000,-3.315E-2,-7.266E-2
0.017,-3.315E-2,-7.267E-2
0.034,-3.312E-2,-7.268E-2
0.051,-3.309E-2,-7.267E-2
0.067,-3.296E-2,-7.264E-2
0.084,-3.266E-2,-7.272E-2
0.101,-3.210E-2,-7.286E-2
0.118,-3.104E-2,-7.310E-2
0.135,-2.932E-2,-7.332E-2
0.152,-2.674E-2,-7.370E-2
0.168,-2.301E-2,-7.427E-2
0.185,-1.816E-2,-7.511E-2
0.202,-1.196E-2,-7.603E-2
0.219,-4.691E-3,-7.668E-2
0.236,3.717E-3,-7.709E-2
0.253,1.260E-2,-7.740E-2
0.269,2.160E-2,-7.727E-2
0.286,3.041E-2,-7.685E-2
0.303,3.931E-2,-7.620E-2
0.320,4.742E-2,-7.516E-2
0.337,5.431E-2,-7.408E-2
0.354,6.001E-2,-7.312E-2
0.371,6.418E-2,-7.235E-2
0.387,6.670E-2,-7.177E-2
0.404,6.765E-2,-7.166E-2
0.421,6.684E-2,-7.177E-2
0.438,6.436E-2,-7.231E-2
0.455,6.029E-2,-7.313E-2
0.472,5.465E-2,-7.409E-2
0.488,4.775E-2,-7.499E-2
0.505,3.965E-2,-7.601E-2
0.522,3.106E-2,-7.685E-2
0.539,2.187E-2,-7.726E-2
0.556,1.287E-2,-7.738E-2
0.573,4.179E-3,-7.714E-2
0.589,-4.207E-3,-7.669E-2
0.606,-1.152E-2,-7.608E-2
0.623,-1.769E-2,-7.542E-2
0.640,-2.244E-2,-7.471E-2
0.657,-2.561E-2,-7.434E-2
0.674,-2.725E-2,-7.409E-2
0.691,-2.718E-2,-7.409E-2
0.707,-2.539E-2,-7.447E-2
0.724,-2.207E-2,-7.491E-2
0.741,-1.714E-2,-7.553E-2
0.758,-1.085E-2,-7.616E-2
0.775,-3.627E-3,-7.682E-2
0.792,4.581E-3,-7.729E-2
0.808,1.346E-2,-7.741E-2
0.825,2.234E-2,-7.729E-2
0.842,3.125E-2,-7.686E-2
0.859,3.999E-2,-7.606E-2
0.876,4.778E-2,-7.521E-2
0.893,5.469E-2,-7.405E-2
0.909,6.021E-2,-7.308E-2
0.926,6.432E-2,-7.222E-2
0.943,6.677E-2,-7.174E-2
0.960,6.732E-2,-7.161E-2
0.977,6.614E-2,-7.198E-2
0.994,6.338E-2,-7.259E-2
1.011,5.894E-2,-7.347E-2
1.027,5.314E-2,-7.442E-2
1.044,4.614E-2,-7.554E-2
1.061,3.828E-2,-7.637E-2
1.078,2.958E-2,-7.717E-2
1.095,2.075E-2,-7.762E-2
1.112,1.193E-2,-7.772E-2
1.128,3.534E-3,-7.755E-2
1.145,-4.481E-3,-7.729E-2
1.162,-1.150E-2,-7.670E-2
1.179,-1.733E-2,-7.595E-2
1.196,-2.182E-2,-7.531E-2
1.213,-2.483E-2,-7.494E-2
1.229,-2.619E-2,-7.477E-2
1.246,-2.594E-2,-7.470E-2
1.263,-2.404E-2,-7.494E-2
1.280,-2.059E-2,-7.549E-2
1.297,-1.574E-2,-7.618E-2
1.314,-9.658E-3,-7.683E-2
1.331,-2.324E-3,-7.727E-2
1.347,5.681E-3,-7.764E-2
1.364,1.417E-2,-7.769E-2
1.381,2.307E-2,-7.756E-2
1.398,3.178E-2,-7.711E-2
1.415,4.025E-2,-7.634E-2
1.432,4.768E-2,-7.553E-2
1.448,5.405E-2,-7.456E-2
1.465,5.920E-2,-7.361E-2
1.482,6.286E-2,-7.305E-2
1.499,6.495E-2,-7.262E-2
1.516,6.546E-2,-7.255E-2
1.533,6.423E-2,-7.280E-2
1.549,6.149E-2,-7.325E-2
1.566,5.724E-2,-7.398E-2
1.583,5.158E-2,-7.495E-2
1.600,4.467E-2,-7.585E-2
1.617,3.691E-2,-7.665E-2
1.634,2.854E-2,-7.717E-2
1.651,1.964E-2,-7.751E-2
1.667,1.119E-2,-7.760E-2
1.684,2.773E-3,-7.744E-2
1.701,-4.895E-3,-7.701E-2
1.718,-1.166E-2,-7.650E-2
1.735,-1.733E-2,-7.591E-2
1.752,-2.161E-2,-7.530E-2
1.768,-2.440E-2,-7.498E-2
1.785,-2.554E-2,-7.473E-2
1.802,-2.513E-2,-7.479E-2
1.819,-2.308E-2,-7.507E-2
1.836,-1.956E-2,-7.560E-2
1.853,-1.454E-2,-7.617E-2
1.869,-8.356E-3,-7.685E-2
1.886,-1.147E-3,-7.745E-2
1.903,6.883E-3,-7.781E-2
1.920,1.525E-2,-7.793E-2
1.937,2.394E-2,-7.765E-2
1.954,3.253E-2,-7.709E-2
1.971,4.074E-2,-7.635E-2
1.987,4.792E-2,-7.548E-2
2.004,5.417E-2,-7.450E-2
2.021,5.906E-2,-7.361E-2
2.038,6.260E-2,-7.302E-2
2.055,6.445E-2,-7.276E-2
2.072,6.472E-2,-7.260E-2
2.088,6.340E-2,-7.286E-2
2.105,6.048E-2,-7.337E-2
2.122,5.608E-2,-7.429E-2
2.139,5.038E-2,-7.502E-2
2.156,4.356E-2,-7.600E-2
2.173,3.582E-2,-7.677E-2
2.189,2.746E-2,-7.740E-2
2.206,1.879E-2,-7.761E-2
2.223,1.034E-2,-7.760E-2
2.240,2.228E-3,-7.734E-2
2.257,-5.331E-3,-7.693E-2
2.274,-1.184E-2,-7.636E-2
2.291,-1.732E-2,-7.576E-2
2.307,-2.137E-2,-7.537E-2
2.324,-2.401E-2,-7.501E-2
2.341,-2.500E-2,-7.489E-2
2.358,-2.442E-2,-7.492E-2
2.375,-2.224E-2,-7.520E-2
2.392,-1.857E-2,-7.575E-2
2.408,-1.339E-2,-7.618E-2
2.425,-7.135E-3,-7.681E-2
2.442,9.864E-5,-7.739E-2
2.459,8.022E-3,-7.763E-2
2.476,1.633E-2,-7.769E-2
2.493,2.499E-2,-7.745E-2
2.509,3.349E-2,-7.689E-2
2.526,4.151E-2,-7.609E-2
2.543,4.857E-2,-7.530E-2
2.560,5.448E-2,-7.448E-2
2.577,5.915E-2,-7.375E-2
2.594,6.244E-2,-7.300E-2
2.611,6.417E-2,-7.273E-2
2.627,6.428E-2,-7.266E-2
2.644,6.281E-2,-7.308E-2
2.661,5.984E-2,-7.354E-2
2.678,5.539E-2,-7.428E-2
2.695,4.963E-2,-7.514E-2
2.712,4.277E-2,-7.607E-2
2.728,3.509E-2,-7.672E-2
2.745,2.691E-2,-7.717E-2
2.762,1.836E-2,-7.745E-2
2.779,1.004E-2,-7.750E-2
2.796,2.065E-3,-7.728E-2
2.813,-5.350E-3,-7.683E-2
2.829,-1.177E-2,-7.636E-2
2.846,-1.708E-2,-7.588E-2
2.863,-2.102E-2,-7.541E-2
2.880,-2.338E-2,-7.509E-2
2.897,-2.424E-2,-7.498E-2
2.914,-2.359E-2,-7.509E-2
2.931,-2.136E-2,-7.542E-2
2.947,-1.763E-2,-7.582E-2
2.964,-1.257E-2,-7.644E-2
2.981,-6.247E-3,-7.700E-2
2.998,8.924E-4,-7.749E-2
3.015,8.862E-3,-7.774E-2
3.032,1.708E-2,-7.774E-2
3.048,2.552E-2,-7.751E-2
3.065,3.392E-2,-7.685E-2
3.082,4.172E-2,-7.615E-2
3.099,4.856E-2,-7.524E-2
3.116,5.429E-2,-7.464E-2
3.133,5.889E-2,-7.376E-2
3.149,6.193E-2,-7.319E-2
3.166,6.357E-2,-7.290E-2
3.183,6.357E-2,-7.289E-2
3.200,6.198E-2,-7.329E-2
3.217,5.897E-2,-7.373E-2
3.234,5.443E-2,-7.445E-2
3.251,4.872E-2,-7.524E-2
3.267,4.190E-2,-7.609E-2
3.284,3.421E-2,-7.687E-2
3.301,2.601E-2,-7.736E-2
3.318,1.766E-2,-7.757E-2
3.335,9.460E-3,-7.754E-2
3.352,1.592E-3,-7.726E-2
3.368,-5.507E-3,-7.685E-2
3.385,-1.169E-2,-7.634E-2
3.402,-1.681E-2,-7.579E-2
3.419,-2.061E-2,-7.544E-2
3.436,-2.287E-2,-7.508E-2
3.453,-2.360E-2,-7.505E-2
3.469,-2.279E-2,-7.512E-2
3.486,-2.042E-2,-7.537E-2
3.503,-1.659E-2,-7.580E-2
3.520,-1.157E-2,-7.639E-2
3.537,-5.255E-3,-7.690E-2
3.554,1.807E-3,-7.747E-2
3.571,9.643E-3,-7.777E-2
3.587,1.783E-2,-7.777E-2
3.604,2.618E-2,-7.748E-2
3.621,3.447E-2,-7.676E-2
3.638,4.211E-2,-7.605E-2
3.655,4.867E-2,-7.532E-2
3.672,5.430E-2,-7.452E-2
3.688,5.869E-2,-7.374E-2
3.705,6.168E-2,-7.320E-2
3.722,6.317E-2,-7.295E-2
3.739,6.301E-2,-7.305E-2
3.756,6.139E-2,-7.329E-2
3.773,5.816E-2,-7.392E-2
3.789,5.362E-2,-7.455E-2
3.806,4.782E-2,-7.535E-2
3.823,4.103E-2,-7.613E-2
3.840,3.349E-2,-7.674E-2
3.857,2.536E-2,-7.719E-2
3.874,1.703E-2,-7.741E-2
3.891,8.940E-3,-7.729E-2
3.907,1.298E-3,-7.713E-2
3.924,-5.644E-3,-7.667E-2
3.941,-1.177E-2,-7.613E-2
3.958,-1.672E-2,-7.586E-2
3.975,-2.036E-2,-7.556E-2
3.992,-2.245E-2,-7.515E-2
4.008,-2.306E-2,-7.497E-2
4.025,-2.216E-2,-7.517E-2
4.042,-1.977E-2,-7.551E-2
4.059,-1.584E-2,-7.587E-2
4.076,-1.074E-2,-7.648E-2
4.093,-4.463E-3,-7.695E-2
4.109,2.695E-3,-7.751E-2
4.126,1.037E-2,-7.772E-2
4.143,1.842E-2,-7.771E-2
4.160,2.669E-2,-7.741E-2
4.177,3.476E-2,-7.678E-2
4.194,4.236E-2,-7.603E-2
4.211,4.896E-2,-7.515E-2
4.227,5.442E-2,-7.441E-2
4.244,5.866E-2,-7.368E-2
4.261,6.153E-2,-7.313E-2
4.278,6.292E-2,-7.274E-2
4.295,6.267E-2,-7.278E-2
4.312,6.095E-2,-7.322E-2
4.328,5.781E-2,-7.369E-2
4.345,5.325E-2,-7.446E-2
4.362,4.749E-2,-7.523E-2
4.379,4.072E-2,-7.594E-2
4.396,3.311E-2,-7.664E-2
4.413,2.506E-2,-7.716E-2
4.429,1.699E-2,-7.742E-2
4.446,9.018E-3,-7.740E-2
4.463,1.539E-3,-7.698E-2
4.480,-5.361E-3,-7.651E-2
4.497,-1.130E-2,-7.604E-2
4.514,-1.610E-2,-7.569E-2
4.531,-1.959E-2,-7.522E-2
4.547,-2.160E-2,-7.489E-2
4.564,-2.217E-2,-7.491E-2
4.581,-2.119E-2,-7.506E-2
4.598,-1.861E-2,-7.534E-2
4.615,-1.477E-2,-7.595E-2
4.632,-9.707E-3,-7.644E-2
4.648,-3.448E-3,-7.697E-2
4.665,3.589E-3,-7.735E-2
4.682,1.129E-2,-7.752E-2
4.699,1.926E-2,-7.751E-2
4.716,2.726E-2,-7.713E-2
4.733,3.524E-2,-7.656E-2
4.749,4.260E-2,-7.588E-2
4.766,4.898E-2,-7.509E-2
4.783,5.431E-2,-7.431E-2
4.800,5.834E-2,-7.363E-2
4.817,6.109E-2,-7.313E-2
4.834,6.234E-2,-7.283E-2
4.851,6.206E-2,-7.284E-2
4.867,6.032E-2,-7.322E-2
4.884,5.704E-2,-7.382E-2
4.901,5.245E-2,-7.463E-2
4.918,4.669E-2,-7.540E-2
4.935,3.993E-2,-7.616E-2
4.952,3.243E-2,-7.686E-2
4.968,2.451E-2,-7.728E-2
4.985,1.650E-2,-7.748E-2
5.002,8.598E-3,-7.739E-2
5.019,1.199E-3,-7.708E-2
5.036,-5.478E-3,-7.661E-2
5.053,-1.117E-2,-7.605E-2
5.069,-1.592E-2,-7.570E-2
5.086,-1.930E-2,-7.537E-2
5.103,-2.128E-2,-7.502E-2
5.120,-2.177E-2,-7.505E-2
5.137,-2.064E-2,-7.514E-2
5.154,-1.813E-2,-7.555E-2
5.171,-1.429E-2,-7.602E-2
5.187,-9.125E-3,-7.656E-2
5.204,-2.953E-3,-7.711E-2
5.221,3.978E-3,-7.744E-2
5.238,1.152E-2,-7.770E-2
5.255,1.942E-2,-7.769E-2
5.272,2.733E-2,-7.739E-2
5.288,3.511E-2,-7.674E-2
5.305,4.226E-2,-7.602E-2
5.322,4.854E-2,-7.532E-2
5.339,5.371E-2,-7.462E-2
5.356,5.767E-2,-7.397E-2
5.373,6.031E-2,-7.347E-2
5.389,6.150E-2,-7.327E-2
5.406,6.113E-2,-7.337E-2
5.423,5.925E-2,-7.366E-2
5.440,5.595E-2,-7.435E-2
5.457,5.138E-2,-7.498E-2
5.474,4.571E-2,-7.568E-2
5.491,3.889E-2,-7.645E-2
5.507,3.145E-2,-7.713E-2
5.524,2.378E-2,-7.753E-2
5.541,1.585E-2,-7.772E-2
5.558,8.192E-3,-7.755E-2
5.575,9.749E-4,-7.724E-2
5.592,-5.514E-3,-7.673E-2
5.608,-1.117E-2,-7.625E-2
5.625,-1.567E-2,-7.589E-2
5.642,-1.891E-2,-7.557E-2
5.659,-2.072E-2,-7.536E-2
5.676,-2.114E-2,-7.531E-2
5.693,-2.002E-2,-7.540E-2
5.709,-1.741E-2,-7.572E-2
5.726,-1.357E-2,-7.622E-2
5.743,-8.365E-3,-7.669E-2
5.760,-2.258E-3,-7.719E-2
5.777,4.653E-3,-7.752E-2
5.794,1.212E-2,-7.774E-2
5.811,1.992E-2,-7.764E-2
5.827,2.775E-2,-7.734E-2
5.844,3.541E-2,-7.671E-2
5.861,4.247E-2,-7.604E-2
5.878,4.854E-2,-7.535E-2
5.895,5.359E-2,-7.454E-2
5.912,5.747E-2,-7.406E-2
5.928,6.002E-2,-7.359E-2
5.945,6.110E-2,-7.342E-2
5.962,6.068E-2,-7.346E-2
5.979,5.879E-2,-7.388E-2
5.996,5.550E-2,-7.447E-2
6.013,5.091E-2,-7.505E-2
6.029,4.521E-2,-7.589E-2
6.046,3.862E-2,-7.651E-2
6.063,3.136E-2,-7.715E-2
6.080,2.370E-2,-7.749E-2
6.097,1.589E-2,-7.770E-2
6.114,8.244E-3,-7.754E-2
6.131,1.064E-3,-7.735E-2
6.147,-5.463E-3,-7.694E-2
6.164,-1.112E-2,-7.648E-2
6.181,-1.562E-2,-7.598E-2
6.198,-1.880E-2,-7.567E-2
6.215,-2.055E-2,-7.554E-2
6.232,-2.084E-2,-7.535E-2
6.248,-1.979E-2,-7.562E-2
6.265,-1.721E-2,-7.591E-2
6.282,-1.330E-2,-7.634E-2
6.299,-8.207E-3,-7.689E-2
6.316,-2.076E-3,-7.727E-2
6.333,4.918E-3,-7.764E-2
6.350,1.234E-2,-7.776E-2
6.366,2.003E-2,-7.768E-2
6.383,2.777E-2,-7.731E-2
6.400,3.527E-2,-7.684E-2
6.417,4.242E-2,-7.601E-2
6.434,4.842E-2,-7.541E-2
6.451,5.341E-2,-7.465E-2
6.467,5.718E-2,-7.400E-2
6.484,5.969E-2,-7.366E-2
6.501,6.071E-2,-7.349E-2
6.518,6.027E-2,-7.352E-2
6.535,5.838E-2,-7.392E-2
6.552,5.506E-2,-7.441E-2
6.568,5.050E-2,-7.508E-2
6.585,4.498E-2,-7.573E-2
6.602,3.827E-2,-7.644E-2
6.619,3.110E-2,-7.692E-2
6.636,2.341E-2,-7.736E-2
6.653,1.574E-2,-7.751E-2
6.670,8.321E-3,-7.744E-2
6.686,1.226E-3,-7.722E-2
6.703,-5.097E-3,-7.665E-2
6.720,-1.051E-2,-7.619E-2
6.737,-1.497E-2,-7.584E-2
6.754,-1.805E-2,-7.542E-2
6.771,-1.976E-2,-7.531E-2
6.787,-2.004E-2,-7.523E-2
6.804,-1.884E-2,-7.544E-2
6.821,-1.628E-2,-7.591E-2
6.838,-1.244E-2,-7.630E-2
6.855,-7.382E-3,-7.680E-2
6.872,-1.304E-3,-7.721E-2
6.888,5.491E-3,-7.748E-2
6.905,1.277E-2,-7.763E-2
6.922,2.048E-2,-7.762E-2
6.939,2.808E-2,-7.725E-2
6.956,3.557E-2,-7.669E-2
6.973,4.255E-2,-7.597E-2
6.990,4.842E-2,-7.523E-2
7.006,5.326E-2,-7.458E-2
7.023,5.688E-2,-7.400E-2
7.040,5.923E-2,-7.362E-2
7.057,6.020E-2,-7.355E-2
7.074,5.976E-2,-7.357E-2
7.091,5.781E-2,-7.384E-2
7.107,5.464E-2,-7.436E-2
7.124,5.012E-2,-7.501E-2
7.141,4.445E-2,-7.581E-2
7.158,3.805E-2,-7.648E-2
7.175,3.080E-2,-7.707E-2
7.192,2.326E-2,-7.747E-2
7.208,1.574E-2,-7.754E-2
7.225,8.326E-3,-7.747E-2
7.242,1.364E-3,-7.707E-2
7.259,-4.897E-3,-7.669E-2
7.276,-1.028E-2,-7.630E-2
7.293,-1.472E-2,-7.603E-2
7.310,-1.774E-2,-7.569E-2
7.326,-1.940E-2,-7.544E-2
7.343,-1.968E-2,-7.540E-2
7.360,-1.854E-2,-7.567E-2
7.377,-1.592E-2,-7.598E-2
7.394,-1.217E-2,-7.643E-2
7.411,-7.163E-3,-7.696E-2
7.427,-1.230E-3,-7.732E-2
7.444,5.544E-3,-7.776E-2
7.461,1.278E-2,-7.784E-2
7.478,2.032E-2,-7.774E-2
7.495,2.784E-2,-7.744E-2
7.512,3.514E-2,-7.688E-2
7.528,4.197E-2,-7.627E-2
7.545,4.773E-2,-7.554E-2
7.562,5.259E-2,-7.492E-2
7.579,5.622E-2,-7.433E-2
7.596,5.857E-2,-7.394E-2
7.613,5.954E-2,-7.374E-2
7.630,5.904E-2,-7.371E-2
7.646,5.709E-2,-7.409E-2
7.663,5.382E-2,-7.464E-2
7.680,4.936E-2,-7.526E-2
7.697,4.384E-2,-7.590E-2
7.714,3.740E-2,-7.657E-2
7.731,3.028E-2,-7.710E-2
7.747,2.290E-2,-7.746E-2
7.764,1.541E-2,-7.756E-2
7.781,7.983E-3,-7.757E-2
7.798,1.240E-3,-7.724E-2
7.815,-5.019E-3,-7.690E-2
7.832,-1.034E-2,-7.641E-2
7.848,-1.462E-2,-7.605E-2
7.865,-1.753E-2,-7.578E-2
7.882,-1.918E-2,-7.563E-2
7.899,-1.942E-2,-7.561E-2
7.916,-1.818E-2,-7.573E-2
7.933,-1.570E-2,-7.612E-2
7.950,-1.188E-2,-7.646E-2
7.966,-6.897E-3,-7.689E-2
7.983,-9.925E-4,-7.739E-2
8.000,5.742E-3,-7.768E-2
8.017,1.302E-2,-7.770E-2
8.034,2.042E-2,-7.760E-2
8.051,2.786E-2,-7.725E-2
8.067,3.517E-2,-7.676E-2
8.084,4.181E-2,-7.604E-2
8.101,4.757E-2,-7.542E-2
8.118,5.236E-2,-7.483E-2
8.135,5.591E-2,-7.430E-2
8.152,5.820E-2,-7.385E-2
8.168,5.914E-2,-7.379E-2
8.185,5.860E-2,-7.379E-2
8.202,5.673E-2,-7.422E-2
8.219,5.352E-2,-7.473E-2
8.236,4.905E-2,-7.536E-2
8.253,4.350E-2,-7.598E-2
8.270,3.724E-2,-7.660E-2
8.286,3.017E-2,-7.710E-2
8.303,2.289E-2,-7.756E-2
8.320,1.539E-2,-7.766E-2
8.337,8.177E-3,-7.766E-2
8.354,1.367E-3,-7.733E-2
8.371,-4.754E-3,-7.697E-2
8.387,-9.933E-3,-7.648E-2
8.404,-1.408E-2,-7.619E-2
8.421,-1.709E-2,-7.593E-2
8.438,-1.869E-2,-7.564E-2
8.455,-1.893E-2,-7.569E-2
8.472,-1.777E-2,-7.580E-2
8.488,-1.526E-2,-7.614E-2
8.505,-1.139E-2,-7.645E-2
8.522,-6.527E-3,-7.691E-2
8.539,-6.782E-4,-7.732E-2
8.556,5.954E-3,-7.765E-2
8.573,1.309E-2,-7.765E-2
8.590,2.047E-2,-7.764E-2
8.606,2.793E-2,-7.736E-2
8.623,3.493E-2,-7.686E-2
8.640,4.151E-2,-7.621E-2
8.657,4.728E-2,-7.547E-2
8.674,5.196E-2,-7.485E-2
8.691,5.550E-2,-7.433E-2
8.707,5.773E-2,-7.397E-2
8.724,5.862E-2,-7.379E-2
8.741,5.817E-2,-7.396E-2
8.758,5.626E-2,-7.423E-2
8.775,5.315E-2,-7.468E-2
8.792,4.875E-2,-7.533E-2
8.808,4.330E-2,-7.602E-2
8.825,3.704E-2,-7.663E-2
8.842,3.011E-2,-7.708E-2
8.859,2.285E-2,-7.743E-2
8.876,1.559E-2,-7.753E-2
8.893,8.408E-3,-7.755E-2
8.910,1.658E-3,-7.731E-2
8.926,-4.423E-3,-7.685E-2
8.943,-9.587E-3,-7.652E-2
8.960,-1.370E-2,-7.617E-2
8.977,-1.660E-2,-7.586E-2
8.994,-1.815E-2,-7.576E-2
9.011,-1.837E-2,-7.571E-2
9.027,-1.718E-2,-7.578E-2
9.044,-1.475E-2,-7.606E-2
9.061,-1.102E-2,-7.652E-2
9.078,-6.185E-3,-7.686E-2
9.095,-4.974E-4,-7.731E-2
9.112,6.060E-3,-7.748E-2
9.128,1.308E-2,-7.769E-2
9.145,2.035E-2,-7.766E-2
9.162,2.766E-2,-7.730E-2
9.179,3.470E-2,-7.680E-2
9.196,4.127E-2,-7.613E-2
9.213,4.688E-2,-7.549E-2
9.230,5.150E-2,-7.496E-2
9.246,5.501E-2,-7.434E-2
9.263,5.724E-2,-7.399E-2
9.280,5.815E-2,-7.388E-2
9.297,5.770E-2,-7.391E-2
9.314,5.584E-2,-7.425E-2
9.331,5.276E-2,-7.472E-2
9.347,4.841E-2,-7.533E-2
9.364,4.311E-2,-7.595E-2
9.381,3.686E-2,-7.663E-2
9.398,3.006E-2,-7.713E-2
9.415,2.280E-2,-7.749E-2
9.432,1.559E-2,-7.764E-2
9.448,8.556E-3,-7.754E-2
9.465,1.913E-3,-7.731E-2
9.482,-4.098E-3,-7.687E-2
9.499,-9.088E-3,-7.636E-2
9.516,-1.325E-2,-7.617E-2
9.533,-1.613E-2,-7.580E-2
9.550,-1.782E-2,-7.565E-2
9.566,-1.801E-2,-7.563E-2
9.583,-1.681E-2,-7.574E-2
9.600,-1.438E-2,-7.605E-2
9.617,-1.072E-2,-7.642E-2
9.634,-5.891E-3,-7.682E-2
9.651,-2.199E-4,-7.723E-2
9.667,6.286E-3,-7.756E-2
9.684,1.321E-2,-7.767E-2
9.701,2.045E-2,-7.759E-2
9.718,2.762E-2,-7.727E-2
9.735,3.464E-2,-7.668E-2
9.752,4.108E-2,-7.609E-2
9.768,4.674E-2,-7.538E-2
9.785,5.142E-2,-7.475E-2
9.802,5.471E-2,-7.444E-2
9.819,5.695E-2,-7.413E-2
9.836,5.787E-2,-7.387E-2
9.853,5.748E-2,-7.394E-2
9.870,5.561E-2,-7.423E-2
9.886,5.258E-2,-7.465E-2
9.903,4.834E-2,-7.526E-2
9.920,4.306E-2,-7.591E-2
9.937,3.685E-2,-7.664E-2
9.954,3.026E-2,-7.722E-2
9.971,2.312E-2,-7.742E-2
9.987,1.599E-2,-7.752E-2
10.004,9.015E-3,-7.747E-2
10.021,2.386E-3,-7.728E-2
10.038,-3.563E-3,-7.703E-2
10.055,-8.645E-3,-7.660E-2
10.072,-1.270E-2,-7.630E-2
10.088,-1.558E-2,-7.598E-2
10.105,-1.718E-2,-7.575E-2
10.122,-1.753E-2,-7.581E-2
10.139,-1.637E-2,-7.591E-2
10.156,-1.407E-2,-7.629E-2
10.173,-1.047E-2,-7.662E-2
10.190,-5.687E-3,-7.694E-2
10.206,-1.574E-4,-7.744E-2
10.223,6.282E-3,-7.771E-2
10.240,1.312E-2,-7.778E-2
10.257,2.021E-2,-7.770E-2
10.274,2.736E-2,-7.739E-2
10.291,3.427E-2,-7.692E-2
10.307,4.063E-2,-7.621E-2
10.324,4.616E-2,-7.568E-2
10.341,5.076E-2,-7.496E-2
10.358,5.425E-2,-7.452E-2
10.375,5.638E-2,-7.420E-2
10.392,5.737E-2,-7.415E-2
10.408,5.694E-2,-7.415E-2
10.425,5.522E-2,-7.429E-2
10.442,5.221E-2,-7.482E-2
10.459,4.806E-2,-7.549E-2
10.476,4.281E-2,-7.603E-2
10.493,3.681E-2,-7.670E-2
10.510,3.016E-2,-7.714E-2
10.526,2.314E-2,-7.748E-2
10.543,1.602E-2,-7.765E-2
10.560,9.099E-3,-7.764E-2
10.577,2.594E-3,-7.744E-2
10.594,-3.239E-3,-7.709E-2
10.611,-8.323E-3,-7.662E-2
10.627,-1.234E-2,-7.634E-2
10.644,-1.522E-2,-7.603E-2
10.661,-1.683E-2,-7.582E-2
10.678,-1.715E-2,-7.589E-2
10.695,-1.609E-2,-7.607E-2
10.712,-1.381E-2,-7.628E-2
10.728,-1.030E-2,-7.669E-2
10.745,-5.637E-3,-7.692E-2
10.762,-1.854E-4,-7.742E-2
10.779,6.065E-3,-7.765E-2
10.796,1.284E-2,-7.775E-2
10.813,1.997E-2,-7.773E-2
10.830,2.702E-2,-7.756E-2
10.846,3.378E-2,-7.706E-2
10.863,4.011E-2,-7.645E-2
10.880,4.572E-2,-7.582E-2
10.897,5.021E-2,-7.528E-2
10.914,5.369E-2,-7.476E-2
10.931,5.590E-2,-7.438E-2
10.947,5.683E-2,-7.419E-2
10.964,5.649E-2,-7.433E-2
10.981,5.472E-2,-7.461E-2
10.998,5.176E-2,-7.502E-2
11.015,4.773E-2,-7.555E-2
11.032,4.267E-2,-7.619E-2
11.048,3.665E-2,-7.680E-2
11.065,3.004E-2,-7.731E-2
11.082,2.308E-2,-7.766E-2
11.099,1.614E-2,-7.778E-2
11.116,9.316E-3,-7.771E-2
11.133,2.863E-3,-7.749E-2
11.150,-2.959E-3,-7.726E-2
11.166,-7.940E-3,-7.675E-2
11.183,-1.201E-2,-7.643E-2
11.200,-1.487E-2,-7.618E-2
11.217,-1.649E-2,-7.615E-2
11.234,-1.677E-2,-7.610E-2
11.251,-1.580E-2,-7.616E-2
11.267,-1.357E-2,-7.648E-2
11.284,-1.020E-2,-7.671E-2
11.301,-5.766E-3,-7.709E-2
11.318,-2.819E-4,-7.735E-2
11.335,5.921E-3,-7.762E-2
11.352,1.263E-2,-7.765E-2
11.368,1.961E-2,-7.747E-2
11.385,2.686E-2,-7.711E-2
11.402,3.367E-2,-7.672E-2
11.419,3.980E-2,-7.622E-2
11.436,4.540E-2,-7.562E-2
11.453,4.995E-2,-7.502E-2
11.470,5.347E-2,-7.459E-2
11.486,5.583E-2,-7.418E-2
11.503,5.689E-2,-7.395E-2
11.520,5.653E-2,-7.404E-2
11.537,5.491E-2,-7.431E-2
11.554,5.204E-2,-7.474E-2
11.571,4.807E-2,-7.529E-2
11.587,4.297E-2,-7.591E-2
11.604,3.711E-2,-7.648E-2
11.621,3.063E-2,-7.699E-2
11.638,2.371E-2,-7.729E-2
11.655,1.674E-2,-7.746E-2
11.672,9.907E-3,-7.744E-2
11.688,3.466E-3,-7.725E-2
11.705,-2.302E-3,-7.689E-2
11.722,-7.339E-3,-7.649E-2
11.739,-1.138E-2,-7.611E-2
11.756,-1.433E-2,-7.590E-2
11.773,-1.607E-2,-7.574E-2
11.790,-1.636E-2,-7.556E-2
11.806,-1.549E-2,-7.576E-2
11.823,-1.325E-2,-7.600E-2
11.840,-9.916E-3,-7.627E-2
11.857,-5.373E-3,-7.670E-2
11.874,1.599E-5,-7.710E-2
11.891,6.197E-3,-7.731E-2
11.907,1.282E-2,-7.751E-2
11.924,1.969E-2,-7.746E-2
11.941,2.675E-2,-7.719E-2
11.958,3.341E-2,-7.675E-2
11.975,3.971E-2,-7.618E-2
11.992,4.531E-2,-7.550E-2
12.008,4.985E-2,-7.496E-2
12.025,5.330E-2,-7.447E-2
12.042,5.561E-2,-7.400E-2
12.059,5.670E-2,-7.387E-2
12.076,5.645E-2,-7.390E-2
12.093,5.482E-2,-7.420E-2
12.110,5.218E-2,-7.455E-2
12.126,4.824E-2,-7.517E-2
12.143,4.328E-2,-7.573E-2
12.160,3.747E-2,-7.634E-2
12.177,3.102E-2,-7.690E-2
12.194,2.430E-2,-7.719E-2
12.211,1.738E-2,-7.727E-2
12.227,1.056E-2,-7.736E-2
12.244,4.136E-3,-7.716E-2
12.261,-1.764E-3,-7.685E-2
12.278,-6.795E-3,-7.650E-2
12.295,-1.084E-2,-7.617E-2
12.312,-1.389E-2,-7.588E-2
12.328,-1.570E-2,-7.576E-2
12.345,-1.619E-2,-7.567E-2
12.362,-1.528E-2,-7.579E-2
12.379,-1.327E-2,-7.605E-2
12.396,-9.997E-3,-7.640E-2
12.413,-5.619E-3,-7.677E-2
12.430,-3.500E-4,-7.714E-2
12.446,5.694E-3,-7.735E-2
12.463,1.227E-2,-7.745E-2
12.480,1.913E-2,-7.753E-2
12.497,2.599E-2,-7.726E-2
12.514,3.270E-2,-7.684E-2
12.531,3.893E-2,-7.631E-2
12.547,4.449E-2,-7.567E-2
12.564,4.911E-2,-7.506E-2
12.581,5.267E-2,-7.463E-2
12.598,5.505E-2,-7.426E-2
12.615,5.615E-2,-7.410E-2
12.632,5.599E-2,-7.406E-2
12.648,5.453E-2,-7.437E-2
12.665,5.180E-2,-7.471E-2
12.682,4.790E-2,-7.522E-2
12.699,4.304E-2,-7.587E-2
12.716,3.733E-2,-7.650E-2
12.733,3.104E-2,-7.693E-2
12.750,2.433E-2,-7.729E-2
12.766,1.745E-2,-7.747E-2
12.783,1.075E-2,-7.746E-2
12.800,4.369E-3,-7.731E-2
12.817,-1.363E-3,-7.699E-2
12.834,-6.469E-3,-7.662E-2
12.851,-1.052E-2,-7.625E-2
12.867,-1.350E-2,-7.602E-2
12.884,-1.533E-2,-7.590E-2
12.901,-1.579E-2,-7.576E-2
12.918,-1.506E-2,-7.595E-2
12.935,-1.302E-2,-7.616E-2
12.952,-9.859E-3,-7.644E-2
12.968,-5.549E-3,-7.679E-2
12.985,-3.497E-4,-7.714E-2
13.002,5.557E-3,-7.741E-2
13.019,1.200E-2,-7.753E-2
13.036,1.878E-2,-7.746E-2
13.053,2.570E-2,-7.726E-2
13.070,3.228E-2,-7.691E-2
13.086,3.855E-2,-7.632E-2
13.103,4.409E-2,-7.570E-2
13.120,4.874E-2,-7.513E-2
13.137,5.227E-2,-7.466E-2
13.154,5.465E-2,-7.429E-2
13.171,5.584E-2,-7.407E-2
13.187,5.575E-2,-7.417E-2
13.204,5.439E-2,-7.429E-2
13.221,5.185E-2,-7.468E-2
13.238,4.816E-2,-7.513E-2
13.255,4.345E-2,-7.564E-2
13.272,3.783E-2,-7.631E-2
13.288,3.168E-2,-7.681E-2
13.305,2.507E-2,-7.708E-2
13.322,1.830E-2,-7.731E-2
13.339,1.164E-2,-7.732E-2
13.356,5.338E-3,-7.715E-2
13.373,-4.954E-4,-7.688E-2
13.390,-5.497E-3,-7.648E-2
13.406,-9.652E-3,-7.622E-2
13.423,-1.270E-2,-7.595E-2
13.440,-1.458E-2,-7.571E-2
13.457,-1.518E-2,-7.565E-2
13.474,-1.449E-2,-7.577E-2
13.491,-1.269E-2,-7.603E-2
13.507,-9.571E-3,-7.628E-2
13.524,-5.344E-3,-7.671E-2
13.541,-2.605E-4,-7.698E-2
13.558,5.486E-3,-7.728E-2
13.575,1.185E-2,-7.748E-2
13.592,1.847E-2,-7.744E-2
13.608,2.528E-2,-7.721E-2
13.625,3.183E-2,-7.686E-2
13.642,3.800E-2,-7.634E-2
13.659,4.354E-2,-7.578E-2
13.676,4.817E-2,-7.519E-2
13.693,5.173E-2,-7.463E-2
13.710,5.420E-2,-7.426E-2
13.726,5.548E-2,-7.416E-2
13.743,5.542E-2,-7.409E-2
13.760,5.414E-2,-7.435E-2
13.777,5.163E-2,-7.467E-2
13.794,4.798E-2,-7.520E-2
13.811,4.337E-2,-7.576E-2
13.827,3.793E-2,-7.631E-2
13.844,3.185E-2,-7.679E-2
13.861,2.531E-2,-7.713E-2
13.878,1.860E-2,-7.733E-2
13.895,1.206E-2,-7.738E-2
13.912,5.689E-3,-7.722E-2
13.928,-3.335E-5,-7.692E-2
13.945,-4.998E-3,-7.661E-2
13.962,-9.229E-3,-7.626E-2
13.979,-1.223E-2,-7.598E-2
13.996,-1.432E-2,-7.583E-2
14.013,-1.495E-2,-7.575E-2
14.030,-1.441E-2,-7.580E-2
14.046,-1.256E-2,-7.603E-2
14.063,-9.553E-3,-7.628E-2
14.080,-5.452E-3,-7.665E-2
14.097,-5.209E-4,-7.707E-2
14.114,5.226E-3,-7.726E-2
14.131,1.142E-2,-7.749E-2
14.147,1.800E-2,-7.746E-2
14.164,2.469E-2,-7.724E-2
14.181,3.123E-2,-7.693E-2
14.198,3.738E-2,-7.631E-2
14.215,4.305E-2,-7.573E-2
14.232,4.762E-2,-7.528E-2
14.248,5.126E-2,-7.479E-2
14.265,5.380E-2,-7.432E-2
14.282,5.511E-2,-7.418E-2
14.299,5.517E-2,-7.405E-2
14.316,5.398E-2,-7.426E-2
14.333,5.161E-2,-7.466E-2
14.350,4.822E-2,-7.512E-2
14.366,4.370E-2,-7.564E-2
14.383,3.841E-2,-7.615E-2
14.400,3.238E-2,-7.668E-2
14.417,2.594E-2,-7.708E-2
14.434,1.940E-2,-7.729E-2
14.451,1.290E-2,-7.727E-2
14.467,6.657E-3,-7.712E-2
14.484,8.620E-4,-7.689E-2
14.501,-4.109E-3,-7.652E-2
14.518,-8.277E-3,-7.624E-2
14.535,-1.140E-2,-7.585E-2
14.552,-1.341E-2,-7.565E-2
14.568,-1.424E-2,-7.574E-2
14.585,-1.382E-2,-7.567E-2
14.602,-1.205E-2,-7.596E-2
14.619,-9.222E-3,-7.625E-2
14.636,-5.174E-3,-7.659E-2
14.653,-4.150E-4,-7.689E-2
14.670,5.164E-3,-7.728E-2
14.686,1.139E-2,-7.737E-2
14.703,1.780E-2,-7.733E-2
14.720,2.445E-2,-7.718E-2
14.737,3.090E-2,-7.683E-2
14.754,3.706E-2,-7.637E-2
14.771,4.261E-2,-7.569E-2
14.787,4.723E-2,-7.524E-2
14.804,5.087E-2,-7.472E-2
14.821,5.348E-2,-7.436E-2
14.838,5.485E-2,-7.410E-2
14.855,5.500E-2,-7.404E-2
14.872,5.390E-2,-7.428E-2
14.888,5.175E-2,-7.450E-2
14.905,4.835E-2,-7.501E-2
14.922,4.393E-2,-7.565E-2
14.939,3.877E-2,-7.606E-2
14.956,3.299E-2,-7.661E-2
14.973,2.663E-2,-7.687E-2
14.990,1.992E-2,-7.726E-2
15.006,1.348E-2,-7.722E-2
15.023,7.244E-3,-7.714E-2
15.040,1.585E-3,-7.686E-2
15.057,-3.429E-3,-7.663E-2
15.074,-7.590E-3,-7.631E-2
15.091,-1.087E-2,-7.594E-2
15.107,-1.300E-2,-7.570E-2
15.124,-1.397E-2,-7.563E-2
15.141,-1.361E-2,-7.568E-2
15.158,-1.199E-2,-7.585E-2
15.175,-9.240E-3,-7.616E-2
15.192,-5.501E-3,-7.649E-2
15.208,-8.095E-4,-7.686E-2
15.225,4.704E-3,-7.715E-2
15.242,1.077E-2,-7.731E-2
15.259,1.726E-2,-7.734E-2
15.276,2.379E-2,-7.720E-2
15.293,3.013E-2,-7.687E-2
15.310,3.623E-2,-7.640E-2
15.326,4.169E-2,-7.584E-2
15.343,4.640E-2,-7.533E-2
15.360,5.008E-2,-7.491E-2
15.377,5.267E-2,-7.450E-2
15.394,5.420E-2,-7.423E-2
15.411,5.448E-2,-7.428E-2
15.427,5.350E-2,-7.447E-2
15.444,5.144E-2,-7.474E-2
15.461,4.824E-2,-7.511E-2
15.478,4.388E-2,-7.562E-2
15.495,3.886E-2,-7.617E-2
15.512,3.304E-2,-7.669E-2
15.528,2.684E-2,-7.704E-2
15.545,2.034E-2,-7.735E-2
15.562,1.393E-2,-7.736E-2
15.579,7.679E-3,-7.732E-2
15.596,1.966E-3,-7.704E-2
15.613,-3.102E-3,-7.669E-2
15.630,-7.304E-3,-7.635E-2
15.646,-1.057E-2,-7.608E-2
15.663,-1.279E-2,-7.589E-2
15.680,-1.376E-2,-7.585E-2
15.697,-1.351E-2,-7.593E-2
15.714,-1.209E-2,-7.609E-2
15.731,-9.458E-3,-7.633E-2
15.747,-5.819E-3,-7.666E-2
15.764,-1.193E-3,-7.696E-2
15.781,4.220E-3,-7.714E-2
15.798,1.014E-2,-7.742E-2
15.815,1.647E-2,-7.749E-2
15.832,2.293E-2,-7.735E-2
15.848,2.935E-2,-7.704E-2
15.865,3.537E-2,-7.655E-2
15.882,4.092E-2,-7.604E-2
15.899,4.565E-2,-7.546E-2
15.916,4.954E-2,-7.503E-2
15.933,5.227E-2,-7.471E-2
15.950,5.387E-2,-7.446E-2
15.966,5.423E-2,-7.441E-2
15.983,5.348E-2,-7.454E-2
16.000,5.143E-2,-7.481E-2
16.017,4.833E-2,-7.521E-2
16.034,4.421E-2,-7.574E-2
16.051,3.925E-2,-7.624E-2
16.067,3.362E-2,-7.672E-2
16.084,2.747E-2,-7.707E-2
16.101,2.110E-2,-7.740E-2
16.118,1.463E-2,-7.747E-2
16.135,8.521E-3,-7.734E-2
16.152,2.741E-3,-7.717E-2
16.168,-2.413E-3,-7.685E-2
16.185,-6.608E-3,-7.655E-2
16.202,-9.986E-3,-7.621E-2
16.219,-1.222E-2,-7.613E-2
16.236,-1.332E-2,-7.595E-2
16.253,-1.320E-2,-7.592E-2
16.270,-1.186E-2,-7.611E-2
16.286,-9.388E-3,-7.636E-2
16.303,-5.899E-3,-7.664E-2
16.320,-1.386E-3,-7.698E-2
16.337,3.832E-3,-7.724E-2
16.354,9.643E-3,-7.744E-2
16.371,1.598E-2,-7.740E-2
16.387,2.235E-2,-7.734E-2
16.404,2.876E-2,-7.693E-2
16.421,3.482E-2,-7.658E-2
16.438,4.036E-2,-7.610E-2
16.455,4.513E-2,-7.550E-2
16.472,4.903E-2,-7.498E-2
16.488,5.186E-2,-7.455E-2
16.505,5.355E-2,-7.423E-2
16.522,5.401E-2,-7.421E-2
16.539,5.339E-2,-7.427E-2
16.556,5.161E-2,-7.457E-2
16.573,4.867E-2,-7.497E-2
16.590,4.470E-2,-7.534E-2
16.606,3.985E-2,-7.589E-2
16.623,3.420E-2,-7.642E-2
16.640,2.814E-2,-7.688E-2
16.657,2.180E-2,-7.714E-2
16.674,1.548E-2,-7.728E-2
16.691,9.327E-3,-7.721E-2
16.707,3.565E-3,-7.694E-2
16.724,-1.598E-3,-7.682E-2
16.741,-6.060E-3,-7.651E-2
16.758,-9.457E-3,-7.626E-2
16.775,-1.186E-2,-7.608E-2
16.792,-1.305E-2,-7.599E-2
16.808,-1.308E-2,-7.595E-2
16.825,-1.192E-2,-7.607E-2
16.842,-9.623E-3,-7.633E-2
16.859,-6.272E-3,-7.662E-2
16.876,-1.912E-3,-7.698E-2
16.893,3.212E-3,-7.719E-2
16.910,8.955E-3,-7.737E-2
16.926,1.514E-2,-7.739E-2
16.943,2.141E-2,-7.731E-2
16.960,2.773E-2,-7.706E-2
16.977,3.375E-2,-7.667E-2
16.994,3.941E-2,-7.617E-2
17.011,4.430E-2,-7.558E-2
17.027,4.821E-2,-7.514E-2
17.044,5.112E-2,-7.469E-2
17.061,5.291E-2,-7.455E-2
17.078,5.359E-2,-7.435E-2
17.095,5.307E-2,-7.446E-2
17.112,5.124E-2,-7.479E-2
17.128,4.841E-2,-7.513E-2
17.145,4.455E-2,-7.563E-2
17.162,3.990E-2,-7.610E-2
17.179,3.439E-2,-7.661E-2
17.196,2.860E-2,-7.700E-2
17.213,2.232E-2,-7.725E-2
17.230,1.606E-2,-7.735E-2
17.246,9.901E-3,-7.729E-2
17.263,4.192E-3,-7.711E-2
17.280,-9.458E-4,-7.690E-2
17.297,-5.325E-3,-7.653E-2
17.314,-8.794E-3,-7.633E-2
17.331,-1.129E-2,-7.614E-2
17.347,-1.269E-2,-7.606E-2
17.364,-1.284E-2,-7.610E-2
17.381,-1.178E-2,-7.614E-2
17.398,-9.494E-3,-7.635E-2
17.415,-6.320E-3,-7.664E-2
17.432,-2.107E-3,-7.698E-2
17.448,2.901E-3,-7.723E-2
17.465,8.589E-3,-7.741E-2
17.482,1.459E-2,-7.743E-2
17.499,2.093E-2,-7.738E-2
17.516,2.717E-2,-7.710E-2
17.533,3.319E-2,-7.672E-2
17.550,3.868E-2,-7.628E-2
17.566,4.356E-2,-7.574E-2
17.583,4.753E-2,-7.524E-2
17.600,5.057E-2,-7.486E-2
17.617,5.260E-2,-7.454E-2
17.634,5.334E-2,-7.440E-2
17.651,5.298E-2,-7.447E-2
17.667,5.138E-2,-7.472E-2
17.684,4.872E-2,-7.505E-2
17.701,4.509E-2,-7.550E-2
17.718,4.045E-2,-7.605E-2
17.735,3.525E-2,-7.653E-2
17.752,2.932E-2,-7.692E-2
17.768,2.323E-2,-7.714E-2
17.785,1.705E-2,-7.731E-2
17.802,1.092E-2,-7.731E-2
17.819,5.152E-3,-7.716E-2
17.836,-5.047E-5,-7.690E-2
17.853,-4.433E-3,-7.659E-2
17.870,-8.034E-3,-7.636E-2
17.886,-1.070E-2,-7.618E-2
17.903,-1.224E-2,-7.611E-2
17.920,-1.254E-2,-7.608E-2
17.937,-1.160E-2,-7.610E-2
17.954,-9.491E-3,-7.631E-2
17.971,-6.360E-3,-7.661E-2
17.987,-2.329E-3,-7.696E-2
18.004,2.479E-3,-7.719E-2
18.021,8.006E-3,-7.738E-2
18.038,1.395E-2,-7.740E-2
18.055,2.020E-2,-7.733E-2
18.072,2.639E-2,-7.715E-2
18.088,3.236E-2,-7.677E-2
18.105,3.791E-2,-7.635E-2
18.122,4.289E-2,-7.573E-2
18.139,4.694E-2,-7.526E-2
18.156,5.005E-2,-7.491E-2
18.173,5.204E-2,-7.466E-2
18.190,5.297E-2,-7.444E-2
18.206,5.273E-2,-7.446E-2
18.223,5.134E-2,-7.467E-2
18.240,4.882E-2,-7.508E-2
18.257,4.529E-2,-7.550E-2
18.274,4.087E-2,-7.596E-2
18.291,3.567E-2,-7.652E-2
18.307,2.991E-2,-7.685E-2
18.324,2.394E-2,-7.717E-2
18.341,1.766E-2,-7.734E-2
18.358,1.165E-2,-7.735E-2
18.375,5.876E-3,-7.718E-2
18.392,6.413E-4,-7.695E-2
18.409,-3.852E-3,-7.668E-2
18.425,-7.494E-3,-7.639E-2
18.442,-1.015E-2,-7.614E-2
18.459,-1.174E-2,-7.602E-2
18.476,-1.225E-2,-7.606E-2
18.493,-1.147E-2,-7.613E-2
18.510,-9.604E-3,-7.636E-2
18.526,-6.616E-3,-7.656E-2
18.543,-2.714E-3,-7.691E-2
18.560,1.972E-3,-7.706E-2
18.577,7.369E-3,-7.731E-2
18.594,1.321E-2,-7.745E-2
18.611,1.929E-2,-7.745E-2
18.627,2.547E-2,-7.722E-2
18.644,3.148E-2,-7.694E-2
18.661,3.700E-2,-7.645E-2
18.678,4.196E-2,-7.605E-2
18.695,4.614E-2,-7.551E-2
18.712,4.934E-2,-7.507E-2
18.729,5.155E-2,-7.469E-2
18.745,5.256E-2,-7.461E-2
18.762,5.243E-2,-7.466E-2
18.779,5.113E-2,-7.481E-2
18.796,4.887E-2,-7.517E-2
18.813,4.551E-2,-7.557E-2
18.830,4.127E-2,-7.596E-2
18.846,3.617E-2,-7.644E-2
18.863,3.055E-2,-7.691E-2
18.880,2.453E-2,-7.724E-2
18.897,1.839E-2,-7.745E-2
18.914,1.250E-2,-7.735E-2
18.931,6.735E-3,-7.731E-2
18.947,1.444E-3,-7.707E-2
18.964,-3.172E-3,-7.682E-2
18.981,-6.850E-3,-7.655E-2
18.998,-9.637E-3,-7.631E-2
19.015,-1.133E-2,-7.613E-2
19.032,-1.194E-2,-7.611E-2
19.049,-1.132E-2,-7.615E-2
19.065,-9.607E-3,-7.635E-2
19.082,-6.831E-3,-7.658E-2
19.099,-3.026E-3,-7.681E-2
19.116,1.540E-3,-7.711E-2
19.133,6.745E-3,-7.734E-2
19.150,1.252E-2,-7.736E-2
19.166,1.859E-2,-7.732E-2
19.183,2.472E-2,-7.719E-2
19.200,3.065E-2,-7.692E-2
19.217,3.621E-2,-7.648E-2
19.234,4.128E-2,-7.599E-2
19.251,4.546E-2,-7.544E-2
19.267,4.877E-2,-7.507E-2
19.284,5.111E-2,-7.467E-2
19.301,5.222E-2,-7.465E-2
19.318,5.227E-2,-7.468E-2
19.335,5.126E-2,-7.479E-2
19.352,4.897E-2,-7.507E-2
19.369,4.580E-2,-7.551E-2
19.385,4.167E-2,-7.588E-2
19.402,3.682E-2,-7.637E-2
19.419,3.124E-2,-7.687E-2
19.436,2.542E-2,-7.707E-2
19.453,1.938E-2,-7.729E-2
19.470,1.335E-2,-7.738E-2
19.486,7.652E-3,-7.725E-2
19.503,2.386E-3,-7.704E-2
19.520,-2.291E-3,-7.684E-2
19.537,-6.059E-3,-7.658E-2
19.554,-8.961E-3,-7.631E-2
19.571,-1.079E-2,-7.608E-2
19.587,-1.154E-2,-7.607E-2
19.604,-1.111E-2,-7.613E-2
19.621,-9.591E-3,-7.636E-2
19.638,-6.932E-3,-7.649E-2
19.655,-3.386E-3,-7.683E-2
19.672,1.111E-3,-7.718E-2
19.689,6.263E-3,-7.731E-2
19.705,1.186E-2,-7.752E-2
19.722,1.780E-2,-7.746E-2
19.739,2.382E-2,-7.727E-2
19.756,2.983E-2,-7.700E-2
19.773,3.537E-2,-7.650E-2
19.790,4.042E-2,-7.609E-2
19.806,4.465E-2,-7.563E-2
19.823,4.821E-2,-7.517E-2
19.840,5.054E-2,-7.484E-2
19.857,5.185E-2,-7.469E-2
19.874,5.202E-2,-7.466E-2
19.891,5.119E-2,-7.474E-2
19.907,4.910E-2,-7.503E-2
19.924,4.608E-2,-7.546E-2
19.941,4.212E-2,-7.591E-2
19.958,3.738E-2,-7.630E-2
19.975,3.202E-2,-7.679E-2
19.992,2.623E-2,-7.704E-2
20.009,2.020E-2,-7.728E-2
20.025,1.423E-2,-7.741E-2
20.042,8.475E-3,-7.729E-2
20.059,3.209E-3,-7.713E-2
20.076,-1.501E-3,-7.691E-2
20.093,-5.435E-3,-7.664E-2
20.110,-8.414E-3,-7.639E-2
20.126,-1.046E-2,-7.624E-2
20.143,-1.128E-2,-7.617E-2
20.160,-1.111E-2,-7.622E-2
20.177,-9.669E-3,-7.638E-2
20.194,-7.215E-3,-7.657E-2
20.211,-3.800E-3,-7.682E-2
20.227,5.060E-4,-7.711E-2
20.244,5.488E-3,-7.729E-2
20.261,1.104E-2,-7.751E-2
20.278,1.691E-2,-7.752E-2
20.295,2.295E-2,-7.733E-2
20.312,2.883E-2,-7.711E-2
20.329,3.438E-2,-7.665E-2
20.345,3.947E-2,-7.625E-2
20.362,4.391E-2,-7.575E-2
20.379,4.740E-2,-7.533E-2
20.396,4.997E-2,-7.497E-2
20.413,5.139E-2,-7.479E-2
20.430,5.179E-2,-7.474E-2
20.446,5.101E-2,-7.485E-2
20.463,4.918E-2,-7.510E-2
20.480,4.625E-2,-7.552E-2
20.497,4.246E-2,-7.587E-2
20.514,3.787E-2,-7.638E-2
20.531,3.258E-2,-7.674E-2
20.547,2.689E-2,-7.712E-2
20.564,2.099E-2,-7.730E-2
20.581,1.505E-2,-7.747E-2
20.598,9.350E-3,-7.740E-2
20.615,4.054E-3,-7.716E-2
20.632,-7.283E-4,-7.695E-2
20.649,-4.724E-3,-7.665E-2
20.665,-7.851E-3,-7.649E-2
20.682,-9.910E-3,-7.629E-2
20.699,-1.092E-2,-7.618E-2
20.716,-1.085E-2,-7.620E-2
20.733,-9.658E-3,-7.631E-2
20.750,-7.395E-3,-7.657E-2
20.766,-4.130E-3,-7.678E-2
20.783,-2.929E-5,-7.703E-2
20.800,4.852E-3,-7.725E-2
20.817,1.035E-2,-7.741E-2
20.834,1.605E-2,-7.746E-2
20.851,2.200E-2,-7.727E-2
20.867,2.785E-2,-7.703E-2
20.884,3.348E-2,-7.675E-2
20.901,3.860E-2,-7.622E-2
20.918,4.307E-2,-7.583E-2
20.935,4.669E-2,-7.545E-2
20.952,4.940E-2,-7.510E-2
20.969,5.102E-2,-7.488E-2
20.985,5.158E-2,-7.473E-2
