,mass A,,
t,x,y,
0.000,-1.309E-3,-8.517E-2
0.017,-1.283E-3,-8.511E-2
0.034,-1.464E-3,-8.501E-2
0.051,-1.296E-3,-8.509E-2
0.067,-1.299E-3,-8.518E-2
0.084,-1.249E-3,-8.516E-2
0.101,-1.216E-3,-8.509E-2
0.118,-1.391E-3,-8.502E-2
0.135,-1.382E-3,-8.501E-2
0.152,-1.231E-3,-8.509E-2
0.168,-1.267E-3,-8.512E-2
0.185,-1.439E-3,-8.500E-2
0.202,-1.386E-3,-8.498E-2
0.219,-1.416E-3,-8.496E-2
0.236,-1.313E-3,-8.514E-2
0.253,-1.369E-3,-8.521E-2
0.269,-1.340E-3,-8.519E-2
0.286,-1.260E-3,-8.513E-2
0.303,-1.230E-3,-8.513E-2
0.320,-1.213E-3,-8.516E-2
0.337,-1.202E-3,-8.523E-2
0.354,-1.107E-3,-8.517E-2
0.371,-1.030E-3,-8.512E-2
0.387,-9.399E-4,-8.516E-2
0.404,-9.146E-4,-8.518E-2
0.421,-8.972E-4,-8.517E-2
0.438,-8.439E-4,-8.514E-2
0.455,-8.375E-4,-8.513E-2
0.472,-8.550E-4,-8.516E-2
0.488,-8.980E-4,-8.518E-2
0.505,-9.040E-4,-8.520E-2
0.522,-9.072E-4,-8.518E-2
0.539,-9.227E-4,-8.516E-2
0.556,-9.598E-4,-8.519E-2
0.573,-1.005E-3,-8.522E-2
0.589,-9.926E-4,-8.521E-2
0.606,-9.843E-4,-8.517E-2
0.623,-9.878E-4,-8.515E-2
0.640,-1.023E-3,-8.511E-2
0.657,-1.110E-3,-8.517E-2
0.674,-1.173E-3,-8.519E-2
0.691,-1.201E-3,-8.518E-2
0.707,-1.275E-3,-8.512E-2
0.724,-1.407E-3,-8.516E-2
0.741,-1.559E-3,-8.516E-2
0.758,-1.670E-3,-8.516E-2
0.775,-1.735E-3,-8.515E-2
0.792,-1.756E-3,-8.515E-2
0.808,-1.745E-3,-8.514E-2
0.825,-1.781E-3,-8.517E-2
0.842,-1.836E-3,-8.511E-2
0.859,-1.977E-3,-8.514E-2
0.876,-2.159E-3,-8.512E-2
0.893,-2.582E-3,-8.505E-2
0.909,-2.771E-3,-8.502E-2
0.926,-2.947E-3,-8.498E-2
0.943,-3.109E-3,-8.495E-2
0.960,-3.254E-3,-8.492E-2
0.977,-3.290E-3,-8.494E-2
0.994,-3.283E-3,-8.496E-2
1.011,-3.219E-3,-8.500E-2
1.027,-3.116E-3,-8.497E-2
1.044,-3.101E-3,-8.496E-2
1.061,-3.059E-3,-8.494E-2
1.078,-3.062E-3,-8.495E-2
1.095,-3.088E-3,-8.497E-2
1.112,-3.149E-3,-8.496E-2
1.128,-3.201E-3,-8.497E-2
1.145,-3.371E-3,-8.495E-2
1.162,-3.576E-3,-8.494E-2
1.179,-3.763E-3,-8.492E-2
1.196,-3.853E-3,-8.490E-2
1.213,-3.871E-3,-8.490E-2
1.229,-3.789E-3,-8.494E-2
1.246,-3.622E-3,-8.499E-2
1.263,-3.364E-3,-8.499E-2
1.280,-3.137E-3,-8.500E-2
1.297,-2.914E-3,-8.500E-2
1.314,-2.735E-3,-8.502E-2
1.331,-2.591E-3,-8.505E-2
1.347,-2.515E-3,-8.502E-2
1.364,-2.508E-3,-8.500E-2
1.381,-2.538E-3,-8.500E-2
1.398,-2.589E-3,-8.500E-2
1.415,-2.653E-3,-8.496E-2
1.432,-2.747E-3,-8.499E-2
1.448,-2.818E-3,-8.494E-2
1.465,-2.880E-3,-8.493E-2
1.482,-2.899E-3,-8.495E-2
1.499,-2.894E-3,-8.496E-2
1.516,-2.882E-3,-8.495E-2
1.533,-2.804E-3,-8.500E-2
1.549,-2.689E-3,-8.497E-2
1.566,-2.542E-3,-8.499E-2
1.583,-2.360E-3,-8.503E-2
1.600,-2.255E-3,-8.499E-2
1.617,-2.201E-3,-8.503E-2
1.634,-2.143E-3,-8.501E-2
1.651,-2.143E-3,-8.501E-2
1.667,-2.163E-3,-8.501E-2
1.684,-2.226E-3,-8.496E-2
1.701,-2.318E-3,-8.498E-2
1.718,-2.361E-3,-8.499E-2
1.735,-2.382E-3,-8.499E-2
1.752,-2.375E-3,-8.499E-2
1.768,-2.392E-3,-8.499E-2
1.785,-2.385E-3,-8.499E-2
1.802,-2.365E-3,-8.499E-2
1.819,-2.343E-3,-8.498E-2
1.836,-2.352E-3,-8.499E-2
1.853,-2.316E-3,-8.499E-2
1.869,-2.318E-3,-8.499E-2
1.886,-2.305E-3,-8.497E-2
1.903,-2.350E-3,-8.499E-2
1.920,-2.363E-3,-8.500E-2
1.937,-2.449E-3,-8.495E-2
1.954,-2.517E-3,-8.495E-2
1.971,-2.590E-3,-8.497E-2
1.987,-2.610E-3,-8.497E-2
2.004,-2.614E-3,-8.498E-2
2.021,-2.597E-3,-8.499E-2
2.038,-2.540E-3,-8.498E-2
2.055,-2.488E-3,-8.497E-2
2.072,-2.421E-3,-8.495E-2
2.088,-2.396E-3,-8.501E-2
2.105,-2.320E-3,-8.499E-2
2.122,-2.213E-3,-8.502E-2
2.139,-2.097E-3,-8.499E-2
2.156,-2.027E-3,-8.497E-2
2.173,-1.971E-3,-8.501E-2
2.189,-1.884E-3,-8.499E-2
2.206,-1.841E-3,-8.498E-2
2.223,-1.811E-3,-8.502E-2
2.240,-1.811E-3,-8.502E-2
2.257,-1.833E-3,-8.497E-2
2.274,-1.865E-3,-8.498E-2
2.291,-1.912E-3,-8.499E-2
2.307,-1.937E-3,-8.499E-2
2.324,-1.982E-3,-8.501E-2
2.341,-1.993E-3,-8.501E-2
2.358,-1.979E-3,-8.500E-2
2.375,-1.923E-3,-8.499E-2
2.392,-1.882E-3,-8.498E-2
2.408,-1.786E-3,-8.501E-2
2.425,-1.698E-3,-8.499E-2
2.442,-1.659E-3,-8.498E-2
2.459,-1.637E-3,-8.497E-2
2.476,-1.609E-3,-8.501E-2
2.493,-1.533E-3,-8.500E-2
2.509,-1.539E-3,-8.499E-2
2.526,-1.548E-3,-8.500E-2
2.543,-1.572E-3,-8.501E-2
2.560,-1.566E-3,-8.501E-2
2.577,-1.512E-3,-8.499E-2
2.594,-1.510E-3,-8.501E-2
2.611,-1.446E-3,-8.497E-2
2.627,-1.427E-3,-8.497E-2
2.644,-1.413E-3,-8.496E-2
2.661,-1.391E-3,-8.501E-2
2.678,-1.338E-3,-8.500E-2
2.695,-1.332E-3,-8.500E-2
2.712,-1.362E-3,-8.501E-2
2.728,-1.385E-3,-8.500E-2
2.745,-1.455E-3,-8.497E-2
2.762,-1.501E-3,-8.498E-2
2.779,-1.517E-3,-8.498E-2
2.796,-1.490E-3,-8.498E-2
2.813,-1.446E-3,-8.497E-2
2.829,-1.402E-3,-8.502E-2
2.846,-1.308E-3,-8.500E-2
2.863,-1.234E-3,-8.498E-2
2.880,-1.183E-3,-8.502E-2
2.897,-1.169E-3,-8.501E-2
2.914,-1.148E-3,-8.501E-2
2.931,-1.155E-3,-8.500E-2
2.947,-1.187E-3,-8.501E-2
2.964,-1.250E-3,-8.496E-2
2.981,-1.337E-3,-8.499E-2
2.998,-1.394E-3,-8.500E-2
3.015,-1.440E-3,-8.496E-2
3.032,-1.470E-3,-8.497E-2
3.048,-1.471E-3,-8.497E-2
3.065,-1.421E-3,-8.495E-2
3.082,-1.360E-3,-8.501E-2
3.099,-1.221E-3,-8.497E-2
3.116,-1.108E-3,-8.499E-2
3.133,-9.461E-4,-8.501E-2
3.149,-7.728E-4,-8.502E-2
3.166,-6.274E-4,-8.498E-2
3.183,-5.810E-4,-8.503E-2
3.200,-5.515E-4,-8.502E-2
3.217,-6.664E-4,-8.499E-2
3.234,-8.356E-4,-8.496E-2
3.251,-1.054E-3,-8.495E-2
3.267,-1.302E-3,-8.497E-2
3.284,-1.499E-3,-8.494E-2
3.301,-1.605E-3,-8.499E-2
3.318,-1.643E-3,-8.493E-2
3.335,-1.666E-3,-8.495E-2
3.352,-1.630E-3,-8.494E-2
3.368,-1.569E-3,-8.499E-2
3.385,-1.448E-3,-8.496E-2
3.402,-1.376E-3,-8.500E-2
3.419,-1.253E-3,-8.497E-2
3.436,-1.202E-3,-8.501E-2
3.453,-1.160E-3,-8.500E-2
3.469,-1.182E-3,-8.501E-2
3.486,-1.212E-3,-8.496E-2
3.503,-1.300E-3,-8.498E-2
3.520,-1.347E-3,-8.499E-2
3.537,-1.412E-3,-8.495E-2
3.554,-1.499E-3,-8.497E-2
3.571,-1.580E-3,-8.499E-2
3.587,-1.638E-3,-8.495E-2
3.604,-1.679E-3,-8.496E-2
3.621,-1.676E-3,-8.495E-2
3.638,-1.684E-3,-8.496E-2
3.655,-1.677E-3,-8.495E-2
3.672,-1.699E-3,-8.496E-2
3.688,-1.721E-3,-8.497E-2
3.705,-1.736E-3,-8.498E-2
3.722,-1.731E-3,-8.498E-2
3.739,-1.774E-3,-8.499E-2
3.756,-1.794E-3,-8.500E-2
3.773,-1.799E-3,-8.500E-2
3.789,-1.870E-3,-8.495E-2
3.806,-1.936E-3,-8.497E-2
3.823,-2.002E-3,-8.500E-2
3.840,-2.040E-3,-8.493E-2
3.857,-2.143E-3,-8.497E-2
3.874,-2.162E-3,-8.496E-2
3.891,-2.174E-3,-8.498E-2
3.907,-2.169E-3,-8.497E-2
3.924,-2.121E-3,-8.497E-2
3.941,-2.091E-3,-8.496E-2
3.958,-2.076E-3,-8.496E-2
3.975,-2.099E-3,-8.496E-2
3.992,-2.160E-3,-8.498E-2
4.008,-2.220E-3,-8.493E-2
4.025,-2.332E-3,-8.497E-2
4.042,-2.369E-3,-8.497E-2
4.059,-2.362E-3,-8.497E-2
4.076,-2.366E-3,-8.498E-2
4.093,-2.331E-3,-8.497E-2
4.109,-2.349E-3,-8.498E-2
4.126,-2.377E-3,-8.498E-2
4.143,-2.393E-3,-8.499E-2
4.160,-2.396E-3,-8.499E-2
4.177,-2.406E-3,-8.499E-2
4.194,-2.428E-3,-8.494E-2
4.211,-2.560E-3,-8.496E-2
4.227,-2.612E-3,-8.496E-2
4.244,-2.682E-3,-8.493E-2
4.261,-2.722E-3,-8.496E-2
4.278,-2.724E-3,-8.495E-2
4.295,-2.712E-3,-8.495E-2
4.312,-2.713E-3,-8.496E-2
4.328,-2.664E-3,-8.494E-2
4.345,-2.665E-3,-8.495E-2
4.362,-2.652E-3,-8.495E-2
4.379,-2.660E-3,-8.495E-2
4.396,-2.704E-3,-8.496E-2
4.413,-2.710E-3,-8.495E-2
4.429,-2.726E-3,-8.495E-2
4.446,-2.766E-3,-8.497E-2
4.463,-2.835E-3,-8.493E-2
4.480,-2.957E-3,-8.496E-2
4.497,-3.023E-3,-8.492E-2
4.514,-3.117E-3,-8.494E-2
4.531,-3.159E-3,-8.496E-2
4.547,-3.158E-3,-8.495E-2
4.564,-3.135E-3,-8.495E-2
4.581,-3.041E-3,-8.493E-2
4.598,-3.006E-3,-8.499E-2
4.615,-2.955E-3,-8.497E-2
4.632,-2.938E-3,-8.497E-2
4.648,-2.964E-3,-8.498E-2
4.665,-2.954E-3,-8.496E-2
4.682,-3.009E-3,-8.497E-2
4.699,-3.038E-3,-8.493E-2
4.716,-3.094E-3,-8.495E-2
4.733,-3.123E-3,-8.495E-2
4.749,-3.116E-3,-8.495E-2
4.766,-3.084E-3,-8.495E-2
4.783,-3.032E-3,-8.494E-2
4.800,-2.920E-3,-8.497E-2
4.817,-2.775E-3,-8.500E-2
4.834,-2.615E-3,-8.502E-2
4.851,-2.520E-3,-8.499E-2
4.867,-2.463E-3,-8.498E-2
4.884,-2.501E-3,-8.500E-2
4.901,-2.577E-3,-8.500E-2
4.918,-2.714E-3,-8.497E-2
4.935,-2.906E-3,-8.496E-2
4.952,-3.014E-3,-8.496E-2
4.968,-3.084E-3,-8.493E-2
4.985,-3.140E-3,-8.495E-2
5.002,-3.186E-3,-8.497E-2
5.019,-3.204E-3,-8.497E-2
5.036,-3.201E-3,-8.497E-2
5.053,-3.169E-3,-8.497E-2
5.069,-3.156E-3,-8.496E-2
5.086,-3.134E-3,-8.496E-2
5.103,-3.160E-3,-8.496E-2
5.120,-3.174E-3,-8.497E-2
5.137,-3.214E-3,-8.498E-2
5.154,-3.250E-3,-8.494E-2
5.171,-3.324E-3,-8.495E-2
5.187,-3.375E-3,-8.495E-2
5.204,-3.448E-3,-8.492E-2
5.221,-3.503E-3,-8.493E-2
5.238,-3.522E-3,-8.494E-2
5.255,-3.525E-3,-8.494E-2
5.272,-3.519E-3,-8.494E-2
5.288,-3.471E-3,-8.494E-2
5.305,-3.407E-3,-8.499E-2
5.322,-3.328E-3,-8.496E-2
5.339,-3.294E-3,-8.496E-2
5.356,-3.296E-3,-8.495E-2
5.373,-3.313E-3,-8.495E-2
5.389,-3.303E-3,-8.496E-2
5.406,-3.312E-3,-8.496E-2
5.423,-3.286E-3,-8.496E-2
5.440,-3.256E-3,-8.495E-2
5.457,-3.213E-3,-8.499E-2
5.474,-3.166E-3,-8.498E-2
5.491,-3.156E-3,-8.497E-2
5.507,-3.152E-3,-8.498E-2
5.524,-3.126E-3,-8.498E-2
5.541,-3.112E-3,-8.498E-2
5.558,-3.064E-3,-8.496E-2
5.575,-3.065E-3,-8.497E-2
5.592,-3.010E-3,-8.499E-2
5.608,-2.934E-3,-8.497E-2
5.625,-2.884E-3,-8.497E-2
5.642,-2.886E-3,-8.498E-2
5.659,-2.912E-3,-8.498E-2
5.676,-2.920E-3,-8.498E-2
5.693,-2.943E-3,-8.498E-2
5.709,-2.920E-3,-8.498E-2
5.726,-2.884E-3,-8.496E-2
5.743,-2.889E-3,-8.496E-2
5.760,-2.895E-3,-8.496E-2
5.777,-2.866E-3,-8.497E-2
5.794,-2.793E-3,-8.500E-2
5.811,-2.739E-3,-8.499E-2
5.827,-2.669E-3,-8.498E-2
5.844,-2.620E-3,-8.496E-2
5.861,-2.612E-3,-8.501E-2
5.878,-2.600E-3,-8.500E-2
5.895,-2.657E-3,-8.497E-2
5.912,-2.782E-3,-8.499E-2
5.928,-2.835E-3,-8.494E-2
5.945,-2.913E-3,-8.496E-2
5.962,-2.926E-3,-8.496E-2
5.979,-2.911E-3,-8.496E-2
5.996,-2.825E-3,-8.495E-2
6.013,-2.698E-3,-8.498E-2
6.029,-2.546E-3,-8.500E-2
6.046,-2.377E-3,-8.502E-2
6.063,-2.189E-3,-8.504E-2
6.080,-2.037E-3,-8.498E-2
6.097,-2.024E-3,-8.499E-2
6.114,-2.031E-3,-8.498E-2
6.131,-2.065E-3,-8.497E-2
6.147,-2.108E-3,-8.497E-2
6.164,-2.189E-3,-8.500E-2
6.181,-2.242E-3,-8.495E-2
6.198,-2.318E-3,-8.498E-2
6.215,-2.323E-3,-8.497E-2
6.232,-2.300E-3,-8.496E-2
6.248,-2.263E-3,-8.496E-2
6.265,-2.221E-3,-8.494E-2
6.282,-2.203E-3,-8.501E-2
6.299,-2.194E-3,-8.500E-2
6.316,-2.209E-3,-8.500E-2
6.333,-2.269E-3,-8.497E-2
6.349,-2.365E-3,-8.498E-2
6.366,-2.434E-3,-8.493E-2
6.383,-2.584E-3,-8.497E-2
6.400,-2.743E-3,-8.494E-2
6.417,-2.899E-3,-8.491E-2
6.434,-3.050E-3,-8.490E-2
6.451,-3.197E-3,-8.493E-2
6.467,-3.284E-3,-8.490E-2
6.484,-3.345E-3,-8.493E-2
6.501,-3.330E-3,-8.493E-2
6.518,-3.312E-3,-8.493E-2
6.535,-3.234E-3,-8.492E-2
6.552,-3.204E-3,-8.497E-2
6.568,-3.165E-3,-8.498E-2
6.585,-3.161E-3,-8.497E-2
6.602,-3.165E-3,-8.498E-2
6.619,-3.221E-3,-8.492E-2
6.636,-3.338E-3,-8.494E-2
6.653,-3.423E-3,-8.491E-2
6.669,-3.487E-3,-8.491E-2
6.686,-3.593E-3,-8.494E-2
6.703,-3.721E-3,-8.490E-2
6.720,-3.907E-3,-8.490E-2
6.737,-4.054E-3,-8.489E-2
6.754,-4.175E-3,-8.492E-2
6.771,-4.165E-3,-8.491E-2
6.787,-4.082E-3,-8.490E-2
6.804,-4.042E-3,-8.491E-2
6.821,-3.995E-3,-8.495E-2
6.838,-3.996E-3,-8.496E-2
6.855,-3.969E-3,-8.496E-2
6.872,-3.974E-3,-8.496E-2
6.888,-3.957E-3,-8.496E-2
6.905,-3.858E-3,-8.493E-2
6.922,-3.785E-3,-8.497E-2
6.939,-3.684E-3,-8.496E-2
6.956,-3.637E-3,-8.495E-2
6.973,-3.633E-3,-8.495E-2
6.989,-3.614E-3,-8.500E-2
7.006,-3.575E-3,-8.498E-2
7.023,-3.527E-3,-8.497E-2
7.040,-3.462E-3,-8.496E-2
7.057,-3.347E-3,-8.498E-2
7.074,-3.193E-3,-8.501E-2
7.091,-3.062E-3,-8.499E-2
7.107,-2.924E-3,-8.502E-2
7.124,-2.776E-3,-8.504E-2
7.141,-2.670E-3,-8.499E-2
7.158,-2.623E-3,-8.497E-2
7.175,-2.630E-3,-8.496E-2
7.192,-2.670E-3,-8.497E-2
7.208,-2.718E-3,-8.498E-2
7.225,-2.823E-3,-8.495E-2
7.242,-2.960E-3,-8.497E-2
7.259,-3.059E-3,-8.495E-2
7.276,-3.123E-3,-8.495E-2
7.293,-3.136E-3,-8.495E-2
7.309,-3.132E-3,-8.495E-2
7.326,-3.087E-3,-8.495E-2
7.343,-2.996E-3,-8.498E-2
7.360,-2.905E-3,-8.498E-2
7.377,-2.814E-3,-8.501E-2
7.394,-2.667E-3,-8.497E-2
7.411,-2.656E-3,-8.499E-2
7.427,-2.592E-3,-8.500E-2
7.444,-2.550E-3,-8.499E-2
7.461,-2.532E-3,-8.498E-2
7.478,-2.530E-3,-8.498E-2
7.495,-2.536E-3,-8.499E-2
7.512,-2.554E-3,-8.500E-2
7.528,-2.537E-3,-8.499E-2
7.545,-2.532E-3,-8.498E-2
7.562,-2.478E-3,-8.497E-2
7.579,-2.460E-3,-8.496E-2
7.596,-2.407E-3,-8.501E-2
7.613,-2.372E-3,-8.500E-2
7.630,-2.310E-3,-8.499E-2
7.646,-2.268E-3,-8.498E-2
7.663,-2.242E-3,-8.497E-2
7.680,-2.227E-3,-8.496E-2
7.697,-2.223E-3,-8.495E-2
7.714,-2.228E-3,-8.495E-2
7.731,-2.287E-3,-8.497E-2
7.747,-2.367E-3,-8.499E-2
7.764,-2.412E-3,-8.501E-2
7.781,-2.429E-3,-8.495E-2
7.798,-2.498E-3,-8.496E-2
7.815,-2.508E-3,-8.495E-2
7.832,-2.535E-3,-8.496E-2
7.848,-2.544E-3,-8.497E-2
7.865,-2.516E-3,-8.496E-2
7.882,-2.506E-3,-8.497E-2
7.899,-2.489E-3,-8.497E-2
7.916,-2.468E-3,-8.497E-2
7.933,-2.470E-3,-8.496E-2
7.950,-2.469E-3,-8.496E-2
7.966,-2.502E-3,-8.496E-2
7.983,-2.512E-3,-8.497E-2
8.000,-2.536E-3,-8.496E-2
8.017,-2.567E-3,-8.499E-2
8.034,-2.579E-3,-8.498E-2
8.051,-2.567E-3,-8.498E-2
8.067,-2.597E-3,-8.499E-2
8.084,-2.559E-3,-8.498E-2
8.101,-2.512E-3,-8.496E-2
8.118,-2.408E-3,-8.500E-2
8.135,-2.261E-3,-8.497E-2
8.152,-2.011E-3,-8.504E-2
8.168,-1.335E-3,-8.511E-2
8.185,-6.941E-4,-8.517E-2
8.202,6.253E-4,-8.535E-2
8.219,2.603E-3,-8.550E-2
8.236,5.650E-3,-8.577E-2
8.253,1.011E-2,-8.596E-2
8.270,1.557E-2,-8.599E-2
8.286,2.142E-2,-8.579E-2
8.303,2.760E-2,-8.558E-2
8.320,3.225E-2,-8.499E-2
8.337,3.584E-2,-8.456E-2
8.354,3.723E-2,-8.422E-2
8.371,3.681E-2,-8.416E-2
8.387,3.454E-2,-8.454E-2
8.404,3.030E-2,-8.498E-2
8.421,2.527E-2,-8.554E-2
8.438,1.912E-2,-8.582E-2
8.455,1.305E-2,-8.578E-2
8.472,8.101E-3,-8.578E-2
8.488,4.254E-3,-8.559E-2
8.505,2.052E-3,-8.541E-2
8.522,1.948E-3,-8.537E-2
8.539,3.828E-3,-8.559E-2
8.556,7.441E-3,-8.573E-2
8.573,1.250E-2,-8.596E-2
8.590,1.835E-2,-8.596E-2
8.606,2.390E-2,-8.556E-2
8.623,2.934E-2,-8.513E-2
8.640,3.375E-2,-8.472E-2
8.657,3.636E-2,-8.434E-2
8.674,3.685E-2,-8.421E-2
8.691,3.558E-2,-8.436E-2
8.707,3.233E-2,-8.476E-2
8.724,2.791E-2,-8.533E-2
8.741,2.238E-2,-8.577E-2
8.758,1.648E-2,-8.593E-2
8.775,1.101E-2,-8.594E-2
8.792,6.396E-3,-8.575E-2
8.808,3.270E-3,-8.560E-2
8.825,2.249E-3,-8.557E-2
8.842,2.898E-3,-8.559E-2
8.859,5.629E-3,-8.574E-2
8.876,9.964E-3,-8.596E-2
8.893,1.521E-2,-8.597E-2
8.910,2.080E-2,-8.580E-2
8.926,2.634E-2,-8.535E-2
8.943,3.137E-2,-8.493E-2
8.960,3.494E-2,-8.454E-2
8.977,3.672E-2,-8.433E-2
8.994,3.636E-2,-8.435E-2
9.011,3.401E-2,-8.462E-2
9.027,3.039E-2,-8.517E-2
9.044,2.518E-2,-8.560E-2
9.061,1.927E-2,-8.577E-2
9.078,1.374E-2,-8.598E-2
9.095,8.881E-3,-8.597E-2
9.112,5.056E-3,-8.579E-2
9.128,2.759E-3,-8.557E-2
9.145,2.516E-3,-8.557E-2
9.162,4.342E-3,-8.573E-2
9.179,7.396E-3,-8.578E-2
9.196,1.227E-2,-8.601E-2
9.213,1.795E-2,-8.599E-2
9.230,2.376E-2,-8.578E-2
9.246,2.903E-2,-8.538E-2
9.263,3.343E-2,-8.497E-2
9.280,3.597E-2,-8.454E-2
9.297,3.659E-2,-8.435E-2
9.314,3.547E-2,-8.457E-2
9.331,3.251E-2,-8.496E-2
9.347,2.789E-2,-8.538E-2
9.364,2.248E-2,-8.577E-2
9.381,1.722E-2,-8.615E-2
9.398,1.136E-2,-8.600E-2
9.415,7.164E-3,-8.594E-2
9.432,4.028E-3,-8.577E-2
9.448,2.555E-3,-8.559E-2
9.465,3.105E-3,-8.562E-2
9.482,5.635E-3,-8.582E-2
9.499,9.773E-3,-8.597E-2
9.516,1.476E-2,-8.599E-2
9.533,2.069E-2,-8.594E-2
9.550,2.601E-2,-8.559E-2
9.566,3.093E-2,-8.515E-2
9.583,3.445E-2,-8.477E-2
9.600,3.632E-2,-8.455E-2
9.617,3.623E-2,-8.459E-2
9.634,3.407E-2,-8.479E-2
9.651,3.035E-2,-8.517E-2
9.667,2.533E-2,-8.558E-2
9.684,2.002E-2,-8.596E-2
9.701,1.414E-2,-8.601E-2
9.718,9.395E-3,-8.595E-2
9.735,5.436E-3,-8.579E-2
9.752,3.120E-3,-8.559E-2
9.768,2.767E-3,-8.555E-2
9.785,4.030E-3,-8.563E-2
9.802,7.355E-3,-8.579E-2
9.819,1.215E-2,-8.597E-2
9.836,1.755E-2,-8.599E-2
9.853,2.315E-2,-8.580E-2
9.870,2.829E-2,-8.536E-2
9.886,3.265E-2,-8.497E-2
9.903,3.521E-2,-8.461E-2
9.920,3.606E-2,-8.440E-2
9.937,3.523E-2,-8.459E-2
9.954,3.255E-2,-8.493E-2
9.971,2.830E-2,-8.536E-2
9.987,2.301E-2,-8.578E-2
10.004,1.738E-2,-8.597E-2
10.021,1.206E-2,-8.593E-2
10.038,7.364E-3,-8.579E-2
10.055,4.206E-3,-8.557E-2
10.072,2.945E-3,-8.554E-2
10.088,3.351E-3,-8.557E-2
10.105,5.722E-3,-8.575E-2
10.122,9.670E-3,-8.598E-2
10.139,1.451E-2,-8.600E-2
10.156,2.024E-2,-8.595E-2
10.173,2.593E-2,-8.571E-2
10.190,3.032E-2,-8.517E-2
10.206,3.385E-2,-8.479E-2
10.223,3.545E-2,-8.441E-2
10.240,3.553E-2,-8.437E-2
10.257,3.371E-2,-8.459E-2
10.274,3.056E-2,-8.514E-2
10.291,2.580E-2,-8.559E-2
10.307,2.021E-2,-8.581E-2
10.324,1.490E-2,-8.599E-2
10.341,1.006E-2,-8.597E-2
10.358,6.165E-3,-8.576E-2
10.375,3.673E-3,-8.560E-2
10.392,3.166E-3,-8.557E-2
10.408,4.605E-3,-8.572E-2
10.425,7.339E-3,-8.580E-2
10.442,1.179E-2,-8.596E-2
10.459,1.711E-2,-8.600E-2
10.476,2.250E-2,-8.577E-2
10.493,2.797E-2,-8.558E-2
10.510,3.224E-2,-8.516E-2
10.526,3.493E-2,-8.476E-2
10.543,3.588E-2,-8.459E-2
10.560,3.528E-2,-8.474E-2
10.577,3.243E-2,-8.501E-2
10.594,2.840E-2,-8.540E-2
10.611,2.343E-2,-8.579E-2
10.627,1.795E-2,-8.600E-2
10.644,1.268E-2,-8.602E-2
10.661,8.420E-3,-8.593E-2
10.678,5.113E-3,-8.579E-2
10.695,3.699E-3,-8.573E-2
10.712,3.969E-3,-8.574E-2
10.728,6.161E-3,-8.593E-2
10.745,9.454E-3,-8.595E-2
10.762,1.444E-2,-8.614E-2
10.779,1.955E-2,-8.601E-2
10.796,2.499E-2,-8.580E-2
10.813,2.970E-2,-8.537E-2
10.830,3.332E-2,-8.496E-2
10.846,3.553E-2,-8.474E-2
10.863,3.579E-2,-8.471E-2
10.880,3.421E-2,-8.498E-2
10.897,3.106E-2,-8.535E-2
10.914,2.650E-2,-8.574E-2
10.931,2.105E-2,-8.599E-2
10.947,1.585E-2,-8.615E-2
10.964,1.106E-2,-8.612E-2
10.981,7.039E-3,-8.594E-2
10.998,4.404E-3,-8.577E-2
11.015,3.702E-3,-8.577E-2
11.032,4.684E-3,-8.582E-2
11.048,7.490E-3,-8.600E-2
11.065,1.143E-2,-8.599E-2
11.082,1.686E-2,-8.613E-2
11.099,2.209E-2,-8.596E-2
11.116,2.692E-2,-8.555E-2
11.133,3.116E-2,-8.515E-2
11.150,3.445E-2,-8.496E-2
11.166,3.562E-2,-8.480E-2
11.183,3.494E-2,-8.477E-2
11.200,3.284E-2,-8.516E-2
11.217,2.909E-2,-8.554E-2
11.234,2.439E-2,-8.597E-2
11.251,1.903E-2,-8.615E-2
11.267,1.375E-2,-8.618E-2
11.284,9.505E-3,-8.616E-2
11.301,6.075E-3,-8.598E-2
11.318,4.172E-3,-8.578E-2
11.335,4.156E-3,-8.578E-2
11.352,6.159E-3,-8.594E-2
11.368,9.236E-3,-8.597E-2
11.385,1.401E-2,-8.615E-2
11.402,1.933E-2,-8.617E-2
11.419,2.423E-2,-8.579E-2
11.436,2.890E-2,-8.538E-2
11.453,3.297E-2,-8.511E-2
11.470,3.486E-2,-8.479E-2
11.486,3.552E-2,-8.475E-2
11.503,3.420E-2,-8.492E-2
11.520,3.096E-2,-8.517E-2
11.537,2.669E-2,-8.557E-2
11.554,2.190E-2,-8.593E-2
11.571,1.680E-2,-8.615E-2
11.587,1.203E-2,-8.613E-2
11.604,7.886E-3,-8.601E-2
11.621,5.165E-3,-8.577E-2
11.638,4.329E-3,-8.574E-2
11.655,5.128E-3,-8.578E-2
11.672,7.780E-3,-8.592E-2
11.688,1.152E-2,-8.602E-2
11.705,1.636E-2,-8.601E-2
11.722,2.195E-2,-8.599E-2
11.739,2.689E-2,-8.558E-2
11.756,3.112E-2,-8.517E-2
11.773,3.403E-2,-8.479E-2
11.790,3.547E-2,-8.457E-2
11.806,3.511E-2,-8.458E-2
11.823,3.301E-2,-8.483E-2
11.840,2.958E-2,-8.521E-2
11.857,2.500E-2,-8.558E-2
11.874,1.987E-2,-8.578E-2
11.891,1.499E-2,-8.593E-2
11.907,1.021E-2,-8.578E-2
11.924,6.963E-3,-8.573E-2
11.941,4.896E-3,-8.560E-2
11.958,4.667E-3,-8.560E-2
11.975,6.369E-3,-8.571E-2
11.992,9.583E-3,-8.591E-2
12.008,1.369E-2,-8.601E-2
12.025,1.874E-2,-8.600E-2
12.042,2.385E-2,-8.579E-2
12.059,2.867E-2,-8.554E-2
12.076,3.237E-2,-8.514E-2
12.093,3.446E-2,-8.482E-2
12.110,3.528E-2,-8.478E-2
12.126,3.433E-2,-8.491E-2
12.143,3.144E-2,-8.520E-2
12.160,2.745E-2,-8.558E-2
12.177,2.229E-2,-8.579E-2
12.194,1.716E-2,-8.600E-2
12.211,1.233E-2,-8.601E-2
12.227,8.518E-3,-8.597E-2
12.244,5.590E-3,-8.576E-2
12.261,4.507E-3,-8.575E-2
12.278,4.992E-3,-8.576E-2
12.295,7.305E-3,-8.595E-2
12.312,1.069E-2,-8.603E-2
12.328,1.555E-2,-8.616E-2
12.345,2.041E-2,-8.599E-2
12.362,2.550E-2,-8.575E-2
12.379,2.972E-2,-8.537E-2
12.396,3.321E-2,-8.517E-2
12.413,3.487E-2,-8.495E-2
12.430,3.486E-2,-8.496E-2
12.446,3.308E-2,-8.516E-2
12.463,2.993E-2,-8.552E-2
12.480,2.531E-2,-8.577E-2
12.497,2.021E-2,-8.601E-2
12.514,1.540E-2,-8.616E-2
12.531,1.101E-2,-8.613E-2
12.547,7.384E-3,-8.596E-2
12.564,5.071E-3,-8.583E-2
12.581,4.669E-3,-8.581E-2
12.598,6.154E-3,-8.593E-2
12.615,8.698E-3,-8.602E-2
12.632,1.294E-2,-8.617E-2
12.648,1.776E-2,-8.619E-2
12.665,2.270E-2,-8.596E-2
12.682,2.760E-2,-8.576E-2
12.699,3.139E-2,-8.540E-2
12.716,3.372E-2,-8.497E-2
12.733,3.489E-2,-8.496E-2
12.750,3.400E-2,-8.503E-2
12.766,3.183E-2,-8.535E-2
12.783,2.776E-2,-8.556E-2
12.800,2.331E-2,-8.595E-2
12.817,1.841E-2,-8.617E-2
12.834,1.355E-2,-8.619E-2
12.851,9.236E-3,-8.597E-2
12.867,6.580E-3,-8.593E-2
12.884,4.893E-3,-8.583E-2
12.901,5.105E-3,-8.582E-2
12.918,7.170E-3,-8.595E-2
12.935,1.025E-2,-8.597E-2
12.952,1.483E-2,-8.613E-2
12.968,1.939E-2,-8.601E-2
12.985,2.440E-2,-8.581E-2
13.002,2.907E-2,-8.556E-2
13.019,3.227E-2,-8.518E-2
13.036,3.419E-2,-8.494E-2
13.053,3.449E-2,-8.496E-2
13.070,3.313E-2,-8.513E-2
13.086,2.996E-2,-8.537E-2
13.103,2.589E-2,-8.576E-2
13.120,2.101E-2,-8.598E-2
13.137,1.626E-2,-8.615E-2
13.154,1.181E-2,-8.614E-2
13.171,8.003E-3,-8.597E-2
13.187,5.909E-3,-8.595E-2
13.204,4.906E-3,-8.582E-2
13.221,6.075E-3,-8.596E-2
13.238,8.352E-3,-8.599E-2
13.255,1.227E-2,-8.613E-2
13.272,1.678E-2,-8.617E-2
13.288,2.156E-2,-8.600E-2
13.305,2.640E-2,-8.579E-2
13.322,3.028E-2,-8.538E-2
13.339,3.317E-2,-8.513E-2
13.356,3.431E-2,-8.497E-2
13.373,3.378E-2,-8.497E-2
13.390,3.167E-2,-8.520E-2
13.406,2.835E-2,-8.555E-2
13.423,2.414E-2,-8.591E-2
13.440,1.926E-2,-8.614E-2
13.457,1.439E-2,-8.617E-2
13.474,1.038E-2,-8.615E-2
13.491,7.131E-3,-8.599E-2
13.507,5.602E-3,-8.591E-2
13.524,5.544E-3,-8.594E-2
13.541,6.961E-3,-8.599E-2
13.558,1.015E-2,-8.617E-2
13.575,1.403E-2,-8.618E-2
13.592,1.880E-2,-8.617E-2
13.608,2.365E-2,-8.597E-2
13.625,2.788E-2,-8.559E-2
13.642,3.159E-2,-8.539E-2
13.659,3.383E-2,-8.517E-2
13.676,3.449E-2,-8.513E-2
13.693,3.316E-2,-8.516E-2
13.710,3.078E-2,-8.557E-2
13.726,2.671E-2,-8.577E-2
13.743,2.196E-2,-8.602E-2
13.760,1.724E-2,-8.616E-2
13.777,1.273E-2,-8.619E-2
13.794,9.225E-3,-8.613E-2
13.811,6.534E-3,-8.598E-2
13.827,5.552E-3,-8.595E-2
13.844,6.138E-3,-8.597E-2
13.861,8.111E-3,-8.602E-2
13.878,1.169E-2,-8.619E-2
13.895,1.596E-2,-8.620E-2
13.912,2.095E-2,-8.617E-2
13.928,2.529E-2,-8.577E-2
13.945,2.951E-2,-8.556E-2
13.962,3.227E-2,-8.520E-2
13.979,3.370E-2,-8.499E-2
13.996,3.362E-2,-8.502E-2
14.013,3.193E-2,-8.518E-2
14.030,2.898E-2,-8.557E-2
14.046,2.507E-2,-8.593E-2
14.063,2.035E-2,-8.617E-2
14.080,1.546E-2,-8.616E-2
14.097,1.132E-2,-8.618E-2
14.114,7.921E-3,-8.600E-2
14.131,6.149E-3,-8.594E-2
14.147,5.778E-3,-8.594E-2
14.164,6.908E-3,-8.600E-2
14.181,9.719E-3,-8.615E-2
14.198,1.337E-2,-8.618E-2
14.215,1.787E-2,-8.614E-2
14.232,2.254E-2,-8.601E-2
14.248,2.716E-2,-8.573E-2
14.265,3.055E-2,-8.535E-2
14.282,3.298E-2,-8.514E-2
14.299,3.406E-2,-8.514E-2
14.316,3.322E-2,-8.519E-2
14.333,3.082E-2,-8.541E-2
14.350,2.749E-2,-8.575E-2
14.366,2.295E-2,-8.602E-2
14.383,1.832E-2,-8.619E-2
14.400,1.381E-2,-8.616E-2
14.417,1.008E-2,-8.617E-2
14.434,7.215E-3,-8.596E-2
14.451,5.952E-3,-8.594E-2
14.467,6.213E-3,-8.594E-2
14.484,8.167E-3,-8.613E-2
14.501,1.114E-2,-8.618E-2
14.518,1.514E-2,-8.620E-2
14.535,1.985E-2,-8.615E-2
14.552,2.441E-2,-8.598E-2
14.568,2.839E-2,-8.561E-2
14.585,3.165E-2,-8.537E-2
14.602,3.346E-2,-8.517E-2
14.619,3.377E-2,-8.513E-2
14.636,3.250E-2,-8.532E-2
14.653,2.958E-2,-8.560E-2
14.670,2.598E-2,-8.597E-2
14.686,2.139E-2,-8.616E-2
14.703,1.660E-2,-8.619E-2
14.720,1.233E-2,-8.619E-2
14.737,9.137E-3,-8.616E-2
14.754,6.761E-3,-8.598E-2
14.771,6.079E-3,-8.598E-2
14.787,6.878E-3,-8.602E-2
14.804,9.386E-3,-8.613E-2
14.821,1.267E-2,-8.616E-2
14.838,1.693E-2,-8.621E-2
14.855,2.177E-2,-8.616E-2
14.872,2.627E-2,-8.594E-2
14.888,2.980E-2,-8.560E-2
14.905,3.254E-2,-8.533E-2
14.922,3.361E-2,-8.520E-2
14.939,3.317E-2,-8.516E-2
14.956,3.125E-2,-8.540E-2
14.973,2.790E-2,-8.560E-2
14.990,2.400E-2,-8.597E-2
15.006,1.949E-2,-8.614E-2
15.023,1.491E-2,-8.621E-2
15.040,1.109E-2,-8.619E-2
15.057,8.014E-3,-8.598E-2
15.074,6.485E-3,-8.598E-2
15.091,6.389E-3,-8.594E-2
15.107,7.641E-3,-8.597E-2
15.124,1.062E-2,-8.614E-2
15.141,1.430E-2,-8.622E-2
15.158,1.877E-2,-8.618E-2
15.175,2.323E-2,-8.599E-2
15.192,2.752E-2,-8.573E-2
15.208,3.059E-2,-8.542E-2
15.225,3.275E-2,-8.515E-2
15.242,3.343E-2,-8.517E-2
15.259,3.234E-2,-8.518E-2
15.276,3.018E-2,-8.557E-2
15.293,2.646E-2,-8.578E-2
15.310,2.206E-2,-8.597E-2
15.326,1.768E-2,-8.615E-2
15.343,1.335E-2,-8.618E-2
15.360,1.002E-2,-8.614E-2
15.377,7.329E-3,-8.600E-2
15.394,6.345E-3,-8.596E-2
15.411,6.830E-3,-8.595E-2
15.427,8.942E-3,-8.614E-2
15.444,1.199E-2,-8.617E-2
15.461,1.593E-2,-8.621E-2
15.478,2.050E-2,-8.613E-2
15.495,2.497E-2,-8.598E-2
15.512,2.860E-2,-8.561E-2
15.528,3.157E-2,-8.534E-2
15.545,3.297E-2,-8.516E-2
15.562,3.297E-2,-8.514E-2
15.579,3.152E-2,-8.534E-2
15.596,2.860E-2,-8.561E-2
15.613,2.459E-2,-8.582E-2
15.630,2.019E-2,-8.601E-2
15.646,1.600E-2,-8.616E-2
15.663,1.208E-2,-8.620E-2
15.680,9.095E-3,-8.617E-2
15.697,7.005E-3,-8.596E-2
15.714,6.516E-3,-8.598E-2
15.731,7.480E-3,-8.602E-2
15.747,9.713E-3,-8.603E-2
15.764,1.346E-2,-8.614E-2
15.781,1.771E-2,-8.620E-2
15.798,2.199E-2,-8.601E-2
15.815,2.631E-2,-8.576E-2
15.832,2.991E-2,-8.553E-2
15.848,3.228E-2,-8.534E-2
15.865,3.308E-2,-8.518E-2
15.882,3.242E-2,-8.522E-2
15.899,3.040E-2,-8.543E-2
15.916,2.738E-2,-8.577E-2
15.933,2.328E-2,-8.597E-2
15.950,1.895E-2,-8.618E-2
15.966,1.460E-2,-8.617E-2
15.983,1.101E-2,-8.615E-2
16.000,8.122E-3,-8.601E-2
16.017,6.820E-3,-8.595E-2
16.034,6.915E-3,-8.598E-2
16.051,8.316E-3,-8.602E-2
16.067,1.129E-2,-8.617E-2
16.084,1.505E-2,-8.615E-2
16.101,1.940E-2,-8.617E-2
16.118,2.370E-2,-8.596E-2
16.135,2.772E-2,-8.573E-2
16.152,3.053E-2,-8.537E-2
16.168,3.231E-2,-8.518E-2
16.185,3.277E-2,-8.514E-2
16.202,3.181E-2,-8.536E-2
16.219,2.931E-2,-8.557E-2
16.236,2.568E-2,-8.579E-2
16.253,2.139E-2,-8.600E-2
16.270,1.728E-2,-8.614E-2
16.286,1.317E-2,-8.617E-2
16.303,1.002E-2,-8.614E-2
16.320,7.540E-3,-8.600E-2
16.337,6.768E-3,-8.596E-2
16.354,7.360E-3,-8.599E-2
16.371,9.551E-3,-8.614E-2
16.387,1.260E-2,-8.615E-2
16.404,1.651E-2,-8.619E-2
16.421,2.060E-2,-8.599E-2
16.438,2.481E-2,-8.581E-2
16.455,2.859E-2,-8.560E-2
16.472,3.129E-2,-8.535E-2
16.488,3.256E-2,-8.516E-2
16.505,3.231E-2,-8.517E-2
16.522,3.078E-2,-8.533E-2
16.539,2.783E-2,-8.560E-2
16.556,2.430E-2,-8.593E-2
16.573,2.009E-2,-8.612E-2
16.590,1.563E-2,-8.616E-2
16.606,1.195E-2,-8.617E-2
16.623,9.171E-3,-8.614E-2
16.640,7.243E-3,-8.604E-2
16.657,7.000E-3,-8.597E-2
16.674,8.036E-3,-8.597E-2
16.691,1.063E-2,-8.612E-2
16.707,1.394E-2,-8.619E-2
16.724,1.810E-2,-8.614E-2
16.741,2.220E-2,-8.598E-2
16.758,2.629E-2,-8.575E-2
16.775,2.970E-2,-8.554E-2
16.792,3.183E-2,-8.535E-2
16.808,3.244E-2,-8.521E-2
16.825,3.195E-2,-8.531E-2
16.842,2.991E-2,-8.553E-2
16.859,2.658E-2,-8.581E-2
16.876,2.259E-2,-8.600E-2
16.893,1.845E-2,-8.615E-2
16.910,1.432E-2,-8.621E-2
16.926,1.093E-2,-8.618E-2
16.943,8.270E-3,-8.603E-2
16.960,7.147E-3,-8.597E-2
16.977,7.335E-3,-8.598E-2
16.994,8.825E-3,-8.598E-2
17.011,1.182E-2,-8.613E-2
17.027,1.540E-2,-8.616E-2
17.044,1.977E-2,-8.617E-2
17.061,2.386E-2,-8.596E-2
17.078,2.773E-2,-8.573E-2
17.095,3.027E-2,-8.540E-2
17.112,3.220E-2,-8.537E-2
17.128,3.254E-2,-8.532E-2
17.145,3.114E-2,-8.537E-2
17.162,2.865E-2,-8.560E-2
17.179,2.501E-2,-8.581E-2
17.196,2.101E-2,-8.600E-2
17.213,1.698E-2,-8.617E-2
17.230,1.311E-2,-8.619E-2
17.246,9.783E-3,-8.599E-2
17.263,7.862E-3,-8.601E-2
17.280,7.239E-3,-8.593E-2
17.297,7.871E-3,-8.601E-2
17.314,9.812E-3,-8.599E-2
17.331,1.309E-2,-8.618E-2
17.347,1.699E-2,-8.616E-2
17.364,2.092E-2,-8.597E-2
17.381,2.490E-2,-8.576E-2
17.398,2.849E-2,-8.556E-2
17.415,3.097E-2,-8.533E-2
17.432,3.198E-2,-8.516E-2
17.448,3.165E-2,-8.521E-2
17.465,3.012E-2,-8.536E-2
17.482,2.721E-2,-8.562E-2
17.499,2.387E-2,-8.593E-2
17.516,1.981E-2,-8.614E-2
17.533,1.558E-2,-8.618E-2
17.550,1.205E-2,-8.614E-2
17.566,9.457E-3,-8.618E-2
17.583,7.679E-3,-8.602E-2
17.600,7.475E-3,-8.601E-2
17.617,8.562E-3,-8.601E-2
17.634,1.122E-2,-8.612E-2
17.651,1.442E-2,-8.615E-2
17.667,1.846E-2,-8.614E-2
17.684,2.243E-2,-8.598E-2
17.701,2.629E-2,-8.574E-2
17.718,2.951E-2,-8.555E-2
17.735,3.148E-2,-8.537E-2
17.752,3.227E-2,-8.534E-2
17.768,3.143E-2,-8.539E-2
17.785,2.941E-2,-8.559E-2
17.802,2.619E-2,-8.581E-2
17.819,2.229E-2,-8.597E-2
17.836,1.831E-2,-8.620E-2
17.853,1.432E-2,-8.621E-2
17.870,1.117E-2,-8.616E-2
17.886,8.993E-3,-8.612E-2
17.903,7.650E-3,-8.603E-2
17.920,7.889E-3,-8.602E-2
17.937,9.408E-3,-8.600E-2
17.954,1.235E-2,-8.615E-2
17.971,1.585E-2,-8.615E-2
17.987,2.007E-2,-8.614E-2
18.004,2.402E-2,-8.597E-2
18.021,2.767E-2,-8.574E-2
18.038,3.035E-2,-8.552E-2
18.055,3.181E-2,-8.537E-2
18.072,3.204E-2,-8.537E-2
18.088,3.065E-2,-8.541E-2
18.105,2.818E-2,-8.563E-2
18.122,2.511E-2,-8.592E-2
18.139,2.122E-2,-8.615E-2
18.156,1.697E-2,-8.620E-2
18.173,1.326E-2,-8.615E-2
18.190,1.041E-2,-8.615E-2
18.206,8.257E-3,-8.603E-2
18.223,7.689E-3,-8.600E-2
18.240,8.359E-3,-8.600E-2
18.257,1.023E-2,-8.598E-2
18.274,1.351E-2,-8.618E-2
18.291,1.723E-2,-8.615E-2
18.307,2.107E-2,-8.598E-2
18.324,2.491E-2,-8.576E-2
18.341,2.828E-2,-8.558E-2
18.358,3.061E-2,-8.540E-2
18.375,3.187E-2,-8.534E-2
18.392,3.155E-2,-8.533E-2
18.408,3.000E-2,-8.556E-2
18.425,2.720E-2,-8.578E-2
18.442,2.360E-2,-8.599E-2
18.459,1.970E-2,-8.612E-2
18.476,1.565E-2,-8.617E-2
18.493,1.223E-2,-8.616E-2
18.510,9.756E-3,-8.615E-2
18.526,8.348E-3,-8.613E-2
18.543,8.210E-3,-8.611E-2
18.560,9.264E-3,-8.620E-2
18.577,1.154E-2,-8.619E-2
18.594,1.476E-2,-8.621E-2
18.611,1.863E-2,-8.616E-2
18.627,2.248E-2,-8.598E-2
18.644,2.613E-2,-8.577E-2
18.661,2.913E-2,-8.556E-2
18.678,3.100E-2,-8.540E-2
18.695,3.175E-2,-8.533E-2
18.712,3.084E-2,-8.539E-2
18.728,2.889E-2,-8.557E-2
18.745,2.581E-2,-8.580E-2
18.762,2.213E-2,-8.602E-2
18.779,1.833E-2,-8.620E-2
18.796,1.451E-2,-8.621E-2
18.813,1.146E-2,-8.613E-2
18.830,9.294E-3,-8.617E-2
18.846,8.011E-3,-8.599E-2
18.863,8.233E-3,-8.597E-2
18.880,1.003E-2,-8.612E-2
18.897,1.254E-2,-8.618E-2
18.914,1.598E-2,-8.618E-2
18.931,2.001E-2,-8.615E-2
18.947,2.381E-2,-8.598E-2
18.964,2.727E-2,-8.575E-2
18.981,2.990E-2,-8.554E-2
18.998,3.130E-2,-8.537E-2
19.015,3.142E-2,-8.538E-2
19.032,3.012E-2,-8.539E-2
19.048,2.769E-2,-8.560E-2
19.065,2.441E-2,-8.581E-2
19.082,2.069E-2,-8.598E-2
19.099,1.697E-2,-8.617E-2
19.116,1.342E-2,-8.616E-2
19.133,1.069E-2,-8.618E-2
19.150,8.626E-3,-8.598E-2
19.166,8.000E-3,-8.596E-2
19.183,8.652E-3,-8.602E-2
19.200,1.086E-2,-8.611E-2
19.217,1.371E-2,-8.620E-2
19.234,1.735E-2,-8.618E-2
19.251,2.143E-2,-8.614E-2
19.267,2.469E-2,-8.578E-2
19.284,2.789E-2,-8.557E-2
19.301,3.009E-2,-8.538E-2
19.318,3.133E-2,-8.534E-2
19.335,3.100E-2,-8.539E-2
19.352,2.956E-2,-8.552E-2
19.368,2.688E-2,-8.576E-2
19.385,2.343E-2,-8.596E-2
19.402,1.971E-2,-8.612E-2
19.419,1.580E-2,-8.618E-2
19.436,1.249E-2,-8.621E-2
19.453,1.011E-2,-8.618E-2
19.470,8.781E-3,-8.613E-2
19.486,8.587E-3,-8.612E-2
19.503,9.668E-3,-8.620E-2
19.520,1.183E-2,-8.617E-2
19.537,1.486E-2,-8.617E-2
19.554,1.860E-2,-8.617E-2
19.571,2.229E-2,-8.598E-2
19.587,2.580E-2,-8.580E-2
19.604,2.871E-2,-8.555E-2
19.621,3.047E-2,-8.539E-2
19.638,3.123E-2,-8.538E-2
19.655,3.042E-2,-8.541E-2
19.672,2.860E-2,-8.559E-2
19.688,2.570E-2,-8.577E-2
19.705,2.210E-2,-8.596E-2
19.722,1.846E-2,-8.614E-2
19.739,1.472E-2,-8.620E-2
19.756,1.174E-2,-8.618E-2
19.773,9.668E-3,-8.617E-2
19.790,8.421E-3,-8.597E-2
19.806,8.580E-3,-8.599E-2
19.823,9.979E-3,-8.601E-2
19.840,1.279E-2,-8.614E-2
19.857,1.609E-2,-8.613E-2
19.874,1.994E-2,-8.618E-2
19.891,2.359E-2,-8.598E-2
19.907,2.687E-2,-8.576E-2
19.924,2.945E-2,-8.558E-2
19.941,3.077E-2,-8.536E-2
19.958,3.102E-2,-8.539E-2
19.975,3.009E-2,-8.552E-2
19.992,2.790E-2,-8.573E-2
20.008,2.471E-2,-8.594E-2
20.025,2.111E-2,-8.612E-2
20.042,1.716E-2,-8.619E-2
20.059,1.373E-2,-8.620E-2
20.076,1.106E-2,-8.614E-2
20.093,9.323E-3,-8.616E-2
20.110,8.759E-3,-8.614E-2
20.126,9.382E-3,-8.615E-2
20.143,1.112E-2,-8.620E-2
20.160,1.384E-2,-8.618E-2
20.177,1.732E-2,-8.620E-2
20.194,2.122E-2,-8.616E-2
20.211,2.474E-2,-8.593E-2
20.227,2.775E-2,-8.572E-2
20.244,2.990E-2,-8.554E-2
20.261,3.081E-2,-8.542E-2
20.278,3.057E-2,-8.537E-2
20.295,2.924E-2,-8.558E-2
20.312,2.675E-2,-8.574E-2
20.328,2.344E-2,-8.598E-2
20.345,1.985E-2,-8.615E-2
20.362,1.604E-2,-8.618E-2
20.379,1.285E-2,-8.615E-2
20.396,1.048E-2,-8.619E-2
20.413,9.133E-3,-8.616E-2
20.430,8.927E-3,-8.616E-2
20.446,9.933E-3,-8.618E-2
20.463,1.196E-2,-8.619E-2
20.480,1.489E-2,-8.622E-2
20.497,1.851E-2,-8.614E-2
20.514,2.199E-2,-8.600E-2
20.531,2.542E-2,-8.580E-2
20.547,2.820E-2,-8.561E-2
20.564,2.999E-2,-8.542E-2
20.581,3.079E-2,-8.540E-2
20.598,3.005E-2,-8.540E-2
20.615,2.842E-2,-8.559E-2
20.632,2.569E-2,-8.577E-2
20.648,2.228E-2,-8.596E-2
20.665,1.876E-2,-8.617E-2
20.682,1.516E-2,-8.618E-2
20.699,1.220E-2,-8.616E-2
20.716,1.016E-2,-8.614E-2
20.733,9.158E-3,-8.613E-2
20.750,9.278E-3,-8.617E-2
20.766,1.060E-2,-8.616E-2
20.783,1.291E-2,-8.620E-2
20.800,1.603E-2,-8.618E-2
20.817,1.976E-2,-8.617E-2
20.834,2.327E-2,-8.598E-2
20.851,2.648E-2,-8.577E-2
20.867,2.895E-2,-8.555E-2
20.884,3.024E-2,-8.541E-2
20.901,3.055E-2,-8.536E-2
20.918,2.982E-2,-8.556E-2
20.935,2.775E-2,-8.570E-2
20.952,2.480E-2,-8.595E-2
20.968,2.142E-2,-8.615E-2
20.985,1.757E-2,-8.619E-2
21.002,1.422E-2,-8.617E-2
21.019,1.152E-2,-8.619E-2
21.036,9.818E-3,-8.613E-2
21.053,9.144E-3,-8.615E-2
21.070,9.709E-3,-8.618E-2
21.086,1.131E-2,-8.620E-2
21.103,1.386E-2,-8.617E-2
21.120,1.717E-2,-8.619E-2
21.137,2.092E-2,-8.619E-2
21.154,2.433E-2,-8.594E-2
21.171,2.734E-2,-8.574E-2
21.187,2.948E-2,-8.556E-2
21.204,3.037E-2,-8.537E-2
21.221,3.019E-2,-8.543E-2
21.238,2.908E-2,-8.555E-2
21.255,2.676E-2,-8.573E-2
21.272,2.362E-2,-8.597E-2
21.288,2.025E-2,-8.614E-2
21.305,1.652E-2,-8.621E-2
21.322,1.341E-2,-8.617E-2
21.339,1.104E-2,-8.614E-2
21.356,9.642E-3,-8.611E-2
21.373,9.343E-3,-8.615E-2
21.390,1.020E-2,-8.615E-2
21.406,1.213E-2,-8.620E-2
21.423,1.491E-2,-8.622E-2
21.440,1.836E-2,-8.619E-2
21.457,2.181E-2,-8.601E-2
21.474,2.513E-2,-8.577E-2
21.491,2.787E-2,-8.560E-2
21.507,2.964E-2,-8.541E-2
21.524,3.051E-2,-8.535E-2
21.541,3.001E-2,-8.540E-2
21.558,2.851E-2,-8.554E-2
21.575,2.600E-2,-8.577E-2
21.592,2.287E-2,-8.592E-2
21.608,1.917E-2,-8.602E-2
21.625,1.603E-2,-8.612E-2
21.642,1.314E-2,-8.615E-2
21.659,1.077E-2,-8.600E-2
21.676,9.734E-3,-8.597E-2
21.693,9.798E-3,-8.595E-2
21.710,1.100E-2,-8.599E-2
21.726,1.319E-2,-8.600E-2
21.743,1.615E-2,-8.601E-2
21.760,1.973E-2,-8.601E-2
21.777,2.318E-2,-8.583E-2
21.794,2.625E-2,-8.561E-2
21.811,2.869E-2,-8.538E-2
21.827,3.009E-2,-8.522E-2
21.844,3.046E-2,-8.519E-2
21.861,2.981E-2,-8.534E-2
21.878,2.771E-2,-8.540E-2
21.895,2.489E-2,-8.559E-2
21.912,2.155E-2,-8.582E-2
21.928,1.819E-2,-8.596E-2
21.945,1.483E-2,-8.595E-2
21.962,1.207E-2,-8.593E-2
21.979,1.020E-2,-8.593E-2
21.996,9.482E-3,-8.596E-2
22.013,9.823E-3,-8.593E-2
22.030,1.125E-2,-8.595E-2
22.046,1.363E-2,-8.598E-2
22.063,1.663E-2,-8.598E-2
22.080,2.022E-2,-8.594E-2
22.097,2.357E-2,-8.579E-2
22.114,2.648E-2,-8.556E-2
22.131,2.863E-2,-8.538E-2
22.147,3.004E-2,-8.535E-2
22.164,3.007E-2,-8.536E-2
22.181,2.878E-2,-8.542E-2
22.198,2.668E-2,-8.557E-2
22.215,2.373E-2,-8.574E-2
22.232,2.044E-2,-8.595E-2
22.248,1.686E-2,-8.597E-2
22.265,1.366E-2,-8.597E-2
22.282,1.130E-2,-8.600E-2
22.299,9.846E-3,-8.593E-2
22.316,9.411E-3,-8.594E-2
22.333,1.009E-2,-8.598E-2
22.350,1.179E-2,-8.598E-2
22.366,1.445E-2,-8.597E-2
22.383,1.769E-2,-8.595E-2
22.400,2.127E-2,-8.593E-2
22.417,2.448E-2,-8.575E-2
22.434,2.719E-2,-8.558E-2
22.451,2.902E-2,-8.540E-2
22.467,3.000E-2,-8.537E-2
22.484,2.968E-2,-8.537E-2
22.501,2.834E-2,-8.551E-2
22.518,2.598E-2,-8.576E-2
22.535,2.296E-2,-8.597E-2
22.552,1.930E-2,-8.597E-2
22.568,1.582E-2,-8.599E-2
22.585,1.290E-2,-8.602E-2
22.602,1.080E-2,-8.598E-2
22.619,9.640E-3,-8.596E-2
22.636,9.547E-3,-8.598E-2
22.653,1.053E-2,-8.599E-2
22.670,1.252E-2,-8.602E-2
22.686,1.533E-2,-8.602E-2
22.703,1.866E-2,-8.596E-2
22.720,2.187E-2,-8.579E-2
22.737,2.533E-2,-8.572E-2
22.754,2.775E-2,-8.553E-2
22.771,2.921E-2,-8.541E-2
22.787,2.982E-2,-8.539E-2
22.804,2.911E-2,-8.537E-2
22.821,2.747E-2,-8.557E-2
22.838,2.494E-2,-8.573E-2
22.855,2.183E-2,-8.595E-2
22.872,1.826E-2,-8.597E-2
22.889,1.495E-2,-8.602E-2
22.905,1.227E-2,-8.604E-2
22.922,1.048E-2,-8.601E-2
22.939,9.653E-3,-8.594E-2
22.956,9.825E-3,-8.596E-2
22.973,1.106E-2,-8.597E-2
22.990,1.323E-2,-8.598E-2
23.006,1.620E-2,-8.599E-2
23.023,1.963E-2,-8.596E-2
23.040,2.279E-2,-8.580E-2
23.057,2.571E-2,-8.558E-2
23.074,2.823E-2,-8.555E-2
23.091,2.936E-2,-8.535E-2
23.107,2.959E-2,-8.540E-2
23.124,2.887E-2,-8.553E-2
23.141,2.666E-2,-8.560E-2
23.158,2.396E-2,-8.582E-2
23.175,2.083E-2,-8.596E-2
23.192,1.732E-2,-8.602E-2
23.209,1.424E-2,-8.598E-2
23.225,1.182E-2,-8.597E-2
23.242,1.022E-2,-8.595E-2
23.259,9.666E-3,-8.600E-2
23.276,1.020E-2,-8.597E-2
23.293,1.173E-2,-8.601E-2
23.310,1.414E-2,-8.602E-2
23.326,1.720E-2,-8.599E-2
23.343,2.070E-2,-8.593E-2
23.360,2.372E-2,-8.576E-2
23.377,2.637E-2,-8.561E-2
23.394,2.867E-2,-8.553E-2
23.411,2.943E-2,-8.539E-2
23.427,2.932E-2,-8.537E-2
23.444,2.826E-2,-8.554E-2
23.461,2.578E-2,-8.563E-2
23.478,2.296E-2,-8.582E-2
23.495,1.987E-2,-8.596E-2
23.512,1.646E-2,-8.598E-2
23.529,1.353E-2,-8.602E-2
23.545,1.134E-2,-8.599E-2
23.562,1.013E-2,-8.598E-2
23.579,9.867E-3,-8.600E-2
23.596,1.070E-2,-8.600E-2
23.613,1.247E-2,-8.597E-2
23.630,1.500E-2,-8.599E-2
23.646,1.818E-2,-8.598E-2
23.663,2.164E-2,-8.594E-2
23.680,2.461E-2,-8.578E-2
23.697,2.710E-2,-8.556E-2
23.714,2.862E-2,-8.541E-2
23.731,2.945E-2,-8.538E-2
23.747,2.894E-2,-8.536E-2
23.764,2.755E-2,-8.552E-2
23.781,2.527E-2,-8.574E-2
23.798,2.237E-2,-8.597E-2
23.815,1.892E-2,-8.603E-2
23.832,1.607E-2,-8.612E-2
23.849,1.337E-2,-8.616E-2
23.865,1.144E-2,-8.612E-2
23.882,1.043E-2,-8.611E-2
23.899,1.043E-2,-8.612E-2
23.916,1.147E-2,-8.620E-2
23.933,1.350E-2,-8.621E-2
23.950,1.630E-2,-8.620E-2
23.966,1.955E-2,-8.618E-2
23.983,2.259E-2,-8.600E-2
24.000,2.538E-2,-8.581E-2
24.017,2.761E-2,-8.561E-2
24.034,2.923E-2,-8.556E-2
24.051,2.967E-2,-8.554E-2
24.067,2.883E-2,-8.559E-2
24.084,2.722E-2,-8.575E-2
24.101,2.480E-2,-8.595E-2
24.118,2.149E-2,-8.598E-2
24.135,1.845E-2,-8.616E-2
24.152,1.529E-2,-8.621E-2
24.169,1.285E-2,-8.614E-2
24.185,1.119E-2,-8.615E-2
24.202,1.041E-2,-8.613E-2
24.219,1.074E-2,-8.617E-2
24.236,1.210E-2,-8.620E-2
24.253,1.424E-2,-8.616E-2
24.270,1.709E-2,-8.614E-2
24.286,2.045E-2,-8.614E-2
24.303,2.340E-2,-8.598E-2
24.320,2.606E-2,-8.579E-2
24.337,2.799E-2,-8.562E-2
24.354,2.933E-2,-8.552E-2
24.371,2.939E-2,-8.557E-2
24.387,2.829E-2,-8.558E-2
24.404,2.644E-2,-8.577E-2
24.421,2.380E-2,-8.597E-2
24.438,2.086E-2,-8.613E-2
24.455,1.758E-2,-8.618E-2
24.472,1.462E-2,-8.616E-2
24.489,1.238E-2,-8.617E-2
24.505,1.091E-2,-8.618E-2
24.522,1.051E-2,-8.617E-2
24.539,1.110E-2,-8.620E-2
24.556,1.266E-2,-8.616E-2
24.573,1.501E-2,-8.617E-2
24.590,1.795E-2,-8.619E-2
24.606,2.128E-2,-8.613E-2
24.623,2.421E-2,-8.597E-2
24.640,2.667E-2,-8.577E-2
24.657,2.834E-2,-8.557E-2
24.674,2.933E-2,-8.553E-2
24.691,2.907E-2,-8.556E-2
24.707,2.764E-2,-8.561E-2
24.724,2.559E-2,-8.580E-2
24.741,2.296E-2,-8.599E-2
24.758,1.958E-2,-8.601E-2
24.775,1.677E-2,-8.617E-2
24.792,1.400E-2,-8.616E-2
24.809,1.196E-2,-8.616E-2
24.825,1.081E-2,-8.613E-2
24.842,1.066E-2,-8.612E-2
24.859,1.147E-2,-8.620E-2
24.876,1.324E-2,-8.616E-2
24.893,1.575E-2,-8.618E-2
24.910,1.884E-2,-8.615E-2
24.926,2.175E-2,-8.602E-2
24.943,2.492E-2,-8.592E-2
24.960,2.720E-2,-8.578E-2
24.977,2.862E-2,-8.560E-2
24.994,2.928E-2,-8.556E-2
25.011,2.873E-2,-8.556E-2
25.027,2.734E-2,-8.572E-2
25.044,2.479E-2,-8.583E-2
25.061,2.198E-2,-8.600E-2
25.078,1.911E-2,-8.612E-2
25.095,1.601E-2,-8.618E-2
25.112,1.345E-2,-8.615E-2
25.129,1.164E-2,-8.614E-2
25.145,1.072E-2,-8.617E-2
25.162,1.083E-2,-8.614E-2
25.179,1.189E-2,-8.620E-2
25.196,1.386E-2,-8.617E-2
25.213,1.648E-2,-8.615E-2
25.230,1.959E-2,-8.616E-2
25.246,2.253E-2,-8.596E-2
25.263,2.521E-2,-8.580E-2
25.280,2.718E-2,-8.562E-2
25.297,2.871E-2,-8.554E-2
25.314,2.905E-2,-8.556E-2
25.331,2.821E-2,-8.560E-2
25.347,2.664E-2,-8.576E-2
25.364,2.426E-2,-8.593E-2
25.381,2.107E-2,-8.598E-2
25.398,1.823E-2,-8.616E-2
25.415,1.532E-2,-8.620E-2
25.432,1.298E-2,-8.616E-2
25.449,1.140E-2,-8.614E-2
25.465,1.076E-2,-8.614E-2
25.482,1.114E-2,-8.617E-2
25.499,1.242E-2,-8.616E-2
25.516,1.454E-2,-8.619E-2
25.533,1.733E-2,-8.620E-2
25.550,2.048E-2,-8.614E-2
25.566,2.332E-2,-8.595E-2
25.583,2.577E-2,-8.581E-2
25.600,2.763E-2,-8.561E-2
25.617,2.881E-2,-8.559E-2
25.634,2.885E-2,-8.557E-2
25.651,2.777E-2,-8.562E-2
25.667,2.595E-2,-8.574E-2
25.684,2.345E-2,-8.596E-2
25.701,2.070E-2,-8.611E-2
25.718,1.752E-2,-8.619E-2
25.735,1.476E-2,-8.618E-2
25.752,1.263E-2,-8.616E-2
25.769,1.126E-2,-8.613E-2
25.785,1.088E-2,-8.618E-2
25.802,1.149E-2,-8.619E-2
25.819,1.298E-2,-8.617E-2
25.836,1.528E-2,-8.615E-2
25.853,1.813E-2,-8.619E-2
25.870,2.133E-2,-8.618E-2
25.886,2.405E-2,-8.596E-2
25.903,2.638E-2,-8.580E-2
25.920,2.794E-2,-8.557E-2
25.937,2.880E-2,-8.559E-2
25.954,2.856E-2,-8.555E-2
25.971,2.751E-2,-8.572E-2
25.987,2.523E-2,-8.581E-2
26.004,2.268E-2,-8.596E-2
26.021,1.986E-2,-8.613E-2
26.038,1.681E-2,-8.618E-2
26.055,1.421E-2,-8.617E-2
26.072,1.227E-2,-8.614E-2
26.089,1.116E-2,-8.616E-2
26.105,1.105E-2,-8.613E-2
26.122,1.182E-2,-8.616E-2
26.139,1.348E-2,-8.614E-2
26.156,1.589E-2,-8.621E-2
26.173,1.889E-2,-8.614E-2
26.190,2.164E-2,-8.599E-2
26.206,2.465E-2,-8.595E-2
26.223,2.676E-2,-8.580E-2
26.240,2.806E-2,-8.560E-2
26.257,2.874E-2,-8.554E-2
26.274,2.817E-2,-8.561E-2
26.291,2.691E-2,-8.572E-2
26.307,2.483E-2,-8.595E-2
26.324,2.184E-2,-8.599E-2
26.341,1.910E-2,-8.612E-2
26.358,1.619E-2,-8.617E-2
26.375,1.374E-2,-8.619E-2
26.392,1.208E-2,-8.620E-2
26.409,1.119E-2,-8.616E-2
26.425,1.130E-2,-8.618E-2
26.442,1.235E-2,-8.618E-2
26.459,1.420E-2,-8.617E-2
26.476,1.678E-2,-8.617E-2
26.493,1.974E-2,-8.618E-2
26.510,2.245E-2,-8.597E-2
26.526,2.493E-2,-8.576E-2
26.543,2.724E-2,-8.575E-2
26.560,2.829E-2,-8.558E-2
26.577,2.863E-2,-8.558E-2
26.594,2.782E-2,-8.560E-2
26.611,2.632E-2,-8.574E-2
26.627,2.411E-2,-8.592E-2
26.644,2.110E-2,-8.597E-2
26.661,1.840E-2,-8.616E-2
26.678,1.562E-2,-8.616E-2
26.695,1.335E-2,-8.618E-2
26.712,1.185E-2,-8.612E-2
26.729,1.121E-2,-8.613E-2
26.745,1.152E-2,-8.617E-2
26.762,1.278E-2,-8.617E-2
26.779,1.482E-2,-8.616E-2
26.796,1.745E-2,-8.615E-2
26.813,2.048E-2,-8.612E-2
26.830,2.314E-2,-8.600E-2
26.846,2.553E-2,-8.576E-2
26.863,2.720E-2,-8.562E-2
26.880,2.838E-2,-8.560E-2
26.897,2.844E-2,-8.558E-2
26.914,2.740E-2,-8.562E-2
26.931,2.579E-2,-8.579E-2
26.947,2.346E-2,-8.594E-2
26.964,2.043E-2,-8.600E-2
26.981,1.779E-2,-8.615E-2
26.998,1.511E-2,-8.618E-2
27.015,1.308E-2,-8.619E-2
27.032,1.181E-2,-8.614E-2
27.049,1.140E-2,-8.612E-2
27.065,1.195E-2,-8.616E-2
27.082,1.335E-2,-8.618E-2
27.099,1.555E-2,-8.619E-2
27.116,1.822E-2,-8.615E-2
27.133,2.088E-2,-8.598E-2
27.150,2.381E-2,-8.596E-2
27.166,2.604E-2,-8.577E-2
27.183,2.756E-2,-8.556E-2
27.200,2.839E-2,-8.559E-2
27.217,2.819E-2,-8.559E-2
27.234,2.692E-2,-8.558E-2
27.251,2.507E-2,-8.577E-2
27.267,2.269E-2,-8.594E-2
27.284,1.962E-2,-8.599E-2
27.301,1.712E-2,-8.618E-2
27.318,1.462E-2,-8.615E-2
27.335,1.275E-2,-8.616E-2
27.352,1.169E-2,-8.618E-2
27.369,1.156E-2,-8.616E-2
27.385,1.231E-2,-8.618E-2
27.402,1.390E-2,-8.620E-2
27.419,1.619E-2,-8.616E-2
27.436,1.898E-2,-8.615E-2
27.453,2.159E-2,-8.600E-2
27.470,2.408E-2,-8.578E-2
27.486,2.647E-2,-8.574E-2
27.503,2.774E-2,-8.555E-2
27.520,2.836E-2,-8.552E-2
27.537,2.784E-2,-8.558E-2
27.554,2.639E-2,-8.562E-2
27.571,2.443E-2,-8.579E-2
27.587,2.199E-2,-8.598E-2
27.604,1.901E-2,-8.599E-2
27.621,1.618E-2,-8.601E-2
27.638,1.383E-2,-8.599E-2
27.655,1.212E-2,-8.601E-2
27.672,1.132E-2,-8.599E-2
27.689,1.136E-2,-8.599E-2
27.705,1.232E-2,-8.601E-2
27.722,1.403E-2,-8.597E-2
27.739,1.643E-2,-8.596E-2
27.756,1.923E-2,-8.595E-2
27.773,2.184E-2,-8.579E-2
27.790,2.459E-2,-8.576E-2
27.806,2.646E-2,-8.557E-2
27.823,2.784E-2,-8.554E-2
27.840,2.826E-2,-8.554E-2
27.857,2.755E-2,-8.554E-2
27.874,2.619E-2,-8.576E-2
27.891,2.375E-2,-8.583E-2
27.907,2.130E-2,-8.594E-2
27.924,1.835E-2,-8.602E-2
27.941,1.564E-2,-8.598E-2
27.958,1.341E-2,-8.598E-2
27.975,1.192E-2,-8.600E-2
27.992,1.131E-2,-8.600E-2
28.009,1.158E-2,-8.598E-2
28.025,1.270E-2,-8.601E-2
28.042,1.462E-2,-8.598E-2
28.059,1.709E-2,-8.595E-2
28.076,1.992E-2,-8.598E-2
28.093,2.246E-2,-8.577E-2
28.110,2.472E-2,-8.557E-2
28.126,2.672E-2,-8.553E-2
28.143,2.791E-2,-8.552E-2
28.160,2.802E-2,-8.555E-2
28.177,2.712E-2,-8.555E-2
28.194,2.559E-2,-8.576E-2
28.211,2.345E-2,-8.593E-2
28.227,2.057E-2,-8.599E-2
28.244,1.768E-2,-8.597E-2
28.261,1.509E-2,-8.603E-2
28.278,1.309E-2,-8.603E-2
28.295,1.181E-2,-8.598E-2
28.312,1.139E-2,-8.597E-2
28.329,1.181E-2,-8.597E-2
28.345,1.311E-2,-8.600E-2
28.362,1.516E-2,-8.600E-2
28.379,1.774E-2,-8.600E-2
28.396,2.060E-2,-8.596E-2
28.413,2.306E-2,-8.577E-2
28.430,2.517E-2,-8.562E-2
28.446,2.704E-2,-8.555E-2
28.463,2.761E-2,-8.541E-2
28.480,2.785E-2,-8.553E-2
28.497,2.667E-2,-8.557E-2
28.514,2.507E-2,-8.574E-2
28.531,2.279E-2,-8.595E-2
28.547,1.994E-2,-8.600E-2
28.564,1.714E-2,-8.601E-2
28.581,1.472E-2,-8.602E-2
28.598,1.288E-2,-8.602E-2
28.615,1.179E-2,-8.598E-2
28.632,1.154E-2,-8.599E-2
28.649,1.220E-2,-8.598E-2
28.665,1.363E-2,-8.597E-2
28.682,1.581E-2,-8.597E-2
28.699,1.842E-2,-8.595E-2
28.716,2.123E-2,-8.594E-2
28.733,2.365E-2,-8.576E-2
28.750,2.558E-2,-8.563E-2
28.766,2.724E-2,-8.555E-2
28.783,2.790E-2,-8.552E-2
28.800,2.757E-2,-8.558E-2
28.817,2.623E-2,-8.560E-2
28.834,2.446E-2,-8.575E-2
28.851,2.215E-2,-8.597E-2
28.867,1.935E-2,-8.600E-2
28.884,1.660E-2,-8.600E-2
28.901,1.427E-2,-8.596E-2
28.918,1.259E-2,-8.599E-2
28.935,1.170E-2,-8.600E-2
28.952,1.172E-2,-8.600E-2
28.969,1.252E-2,-8.601E-2
28.985,1.414E-2,-8.600E-2
29.002,1.633E-2,-8.600E-2
29.019,1.907E-2,-8.594E-2
29.036,2.149E-2,-8.578E-2
29.053,2.414E-2,-8.571E-2
29.070,2.596E-2,-8.562E-2
29.086,2.737E-2,-8.558E-2
29.103,2.783E-2,-8.555E-2
29.120,2.726E-2,-8.557E-2
29.137,2.609E-2,-8.571E-2
29.154,2.388E-2,-8.578E-2
29.171,2.152E-2,-8.592E-2
29.187,1.869E-2,-8.597E-2
29.204,1.604E-2,-8.598E-2
29.221,1.388E-2,-8.603E-2
29.238,1.243E-2,-8.596E-2
29.255,1.169E-2,-8.601E-2
29.272,1.187E-2,-8.602E-2
29.289,1.287E-2,-8.596E-2
29.305,1.459E-2,-8.599E-2
29.322,1.695E-2,-8.599E-2
29.339,1.964E-2,-8.594E-2
29.356,2.206E-2,-8.577E-2
29.373,2.418E-2,-8.562E-2
29.390,2.625E-2,-8.557E-2
29.406,2.740E-2,-8.556E-2
29.423,2.767E-2,-8.555E-2
29.440,2.690E-2,-8.556E-2
29.457,2.521E-2,-8.562E-2
29.474,2.325E-2,-8.578E-2
29.491,2.087E-2,-8.592E-2
29.507,1.805E-2,-8.597E-2
29.524,1.557E-2,-8.600E-2
29.541,1.356E-2,-8.601E-2
29.558,1.228E-2,-8.602E-2
29.575,1.179E-2,-8.598E-2
29.592,1.210E-2,-8.601E-2
29.609,1.330E-2,-8.602E-2
29.625,1.514E-2,-8.601E-2
29.642,1.756E-2,-8.599E-2
29.659,2.025E-2,-8.593E-2
29.676,2.259E-2,-8.579E-2
29.693,2.466E-2,-8.559E-2
29.710,2.647E-2,-8.555E-2
29.726,2.745E-2,-8.554E-2
29.743,2.746E-2,-8.554E-2
29.760,2.652E-2,-8.555E-2
29.777,2.501E-2,-8.575E-2
29.794,2.262E-2,-8.580E-2
29.811,2.025E-2,-8.596E-2
29.827,1.759E-2,-8.600E-2
29.844,1.517E-2,-8.601E-2
29.861,1.331E-2,-8.602E-2
29.878,1.221E-2,-8.597E-2
29.895,1.186E-2,-8.594E-2
29.912,1.231E-2,-8.600E-2
29.929,1.364E-2,-8.598E-2
29.945,1.564E-2,-8.596E-2
29.962,1.809E-2,-8.595E-2
29.979,2.075E-2,-8.596E-2
29.996,2.306E-2,-8.577E-2
30.013,2.497E-2,-8.562E-2
30.030,2.665E-2,-8.557E-2
30.046,2.741E-2,-8.556E-2
30.063,2.724E-2,-8.557E-2
30.080,2.609E-2,-8.558E-2
30.097,2.449E-2,-8.573E-2
30.114,2.201E-2,-8.582E-2
30.131,1.965E-2,-8.594E-2
30.147,1.702E-2,-8.598E-2
30.164,1.475E-2,-8.601E-2
30.181,1.312E-2,-8.601E-2
30.198,1.213E-2,-8.600E-2
30.215,1.196E-2,-8.599E-2
30.232,1.264E-2,-8.597E-2
30.249,1.407E-2,-8.596E-2
30.265,1.613E-2,-8.599E-2
30.282,1.863E-2,-8.596E-2
30.299,2.133E-2,-8.597E-2
30.316,2.359E-2,-8.579E-2
30.333,2.535E-2,-8.556E-2
30.350,2.678E-2,-8.560E-2
30.366,2.740E-2,-8.557E-2
30.383,2.699E-2,-8.560E-2
30.400,2.569E-2,-8.559E-2
30.417,2.397E-2,-8.579E-2
30.434,2.183E-2,-8.594E-2
30.451,1.914E-2,-8.601E-2
30.467,1.662E-2,-8.598E-2
30.484,1.444E-2,-8.598E-2
30.501,1.290E-2,-8.601E-2
30.518,1.212E-2,-8.601E-2
30.535,1.216E-2,-8.599E-2
30.552,1.300E-2,-8.598E-2
30.569,1.451E-2,-8.603E-2
30.585,1.673E-2,-8.600E-2
30.602,1.928E-2,-8.594E-2
30.619,2.156E-2,-8.583E-2
30.636,2.405E-2,-8.575E-2
30.653,2.565E-2,-8.559E-2
30.670,2.691E-2,-8.554E-2
30.686,2.727E-2,-8.555E-2
30.703,2.668E-2,-8.557E-2
30.720,2.522E-2,-8.561E-2
30.737,2.343E-2,-8.577E-2
30.754,2.121E-2,-8.595E-2
30.771,1.861E-2,-8.598E-2
30.787,1.612E-2,-8.602E-2
30.804,1.415E-2,-8.601E-2
30.821,1.275E-2,-8.600E-2
30.838,1.214E-2,-8.599E-2
30.855,1.231E-2,-8.601E-2
30.872,1.331E-2,-8.601E-2
30.889,1.502E-2,-8.598E-2
30.905,1.723E-2,-8.597E-2
30.922,1.977E-2,-8.597E-2
