,mass A,,
t,x,y,
0.000,-3.452E-2,-7.130E-2
0.017,-3.404E-2,-7.135E-2
0.034,-3.439E-2,-7.088E-2
0.051,-3.434E-2,-7.093E-2
0.067,-3.454E-2,-7.069E-2
0.084,-3.462E-2,-7.036E-2
0.101,-3.464E-2,-7.037E-2
0.118,-3.449E-2,-7.066E-2
0.135,-3.438E-2,-7.089E-2
0.152,-3.450E-2,-7.074E-2
0.168,-3.479E-2,-7.054E-2
0.185,-3.478E-2,-7.057E-2
0.202,-3.453E-2,-7.087E-2
0.219,-3.445E-2,-7.109E-2
0.236,-3.459E-2,-7.094E-2
0.253,-3.464E-2,-7.066E-2
0.270,-3.466E-2,-7.063E-2
0.286,-3.451E-2,-7.090E-2
0.303,-3.441E-2,-7.099E-2
0.320,-3.444E-2,-7.076E-2
0.337,-3.458E-2,-7.052E-2
0.354,-3.462E-2,-7.045E-2
0.371,-3.449E-2,-7.067E-2
0.387,-3.447E-2,-7.082E-2
0.404,-3.457E-2,-7.078E-2
0.421,-3.468E-2,-7.061E-2
0.438,-3.471E-2,-7.066E-2
0.455,-3.466E-2,-7.086E-2
0.472,-3.457E-2,-7.098E-2
0.489,-3.455E-2,-7.093E-2
0.505,-3.463E-2,-7.074E-2
0.522,-3.469E-2,-7.066E-2
0.539,-3.454E-2,-7.078E-2
0.556,-3.445E-2,-7.079E-2
0.573,-3.450E-2,-7.072E-2
0.590,-3.460E-2,-7.051E-2
0.606,-3.460E-2,-7.052E-2
0.623,-3.453E-2,-7.064E-2
0.640,-3.450E-2,-7.078E-2
0.657,-3.454E-2,-7.074E-2
0.674,-3.459E-2,-7.066E-2
0.691,-3.463E-2,-7.067E-2
0.707,-3.462E-2,-7.074E-2
0.724,-3.458E-2,-7.090E-2
0.741,-3.456E-2,-7.089E-2
0.758,-3.457E-2,-7.077E-2
0.775,-3.456E-2,-7.070E-2
0.792,-3.451E-2,-7.071E-2
0.809,-3.448E-2,-7.075E-2
0.825,-3.447E-2,-7.071E-2
0.842,-3.455E-2,-7.058E-2
0.859,-3.457E-2,-7.057E-2
0.876,-3.453E-2,-7.060E-2
0.893,-3.448E-2,-7.069E-2
0.910,-3.454E-2,-7.077E-2
0.926,-3.454E-2,-7.072E-2
0.943,-3.456E-2,-7.071E-2
0.960,-3.452E-2,-7.076E-2
0.977,-3.446E-2,-7.081E-2
0.994,-3.448E-2,-7.083E-2
1.011,-3.453E-2,-7.077E-2
1.028,-3.452E-2,-7.068E-2
1.044,-3.452E-2,-7.068E-2
1.061,-3.448E-2,-7.073E-2
1.078,-3.449E-2,-7.068E-2
1.095,-3.454E-2,-7.059E-2
1.112,-3.454E-2,-7.053E-2
1.129,-3.451E-2,-7.058E-2
1.145,-3.435E-2,-7.069E-2
1.162,-3.405E-2,-7.076E-2
1.179,-3.351E-2,-7.084E-2
1.196,-3.245E-2,-7.106E-2
1.213,-3.071E-2,-7.165E-2
1.230,-2.831E-2,-7.214E-2
1.247,-2.513E-2,-7.264E-2
1.263,-2.112E-2,-7.320E-2
1.280,-1.630E-2,-7.371E-2
1.297,-1.013E-2,-7.446E-2
1.314,-3.221E-3,-7.516E-2
1.331,4.975E-3,-7.552E-2
1.348,1.329E-2,-7.557E-2
1.364,2.119E-2,-7.542E-2
1.381,2.901E-2,-7.504E-2
1.398,3.738E-2,-7.450E-2
1.415,4.487E-2,-7.368E-2
1.432,5.237E-2,-7.259E-2
1.449,5.775E-2,-7.162E-2
1.466,6.150E-2,-7.088E-2
1.482,6.380E-2,-7.029E-2
1.499,6.441E-2,-7.004E-2
1.516,6.339E-2,-7.024E-2
1.533,6.079E-2,-7.080E-2
1.550,5.662E-2,-7.169E-2
1.567,5.103E-2,-7.268E-2
1.583,4.447E-2,-7.355E-2
1.600,3.514E-2,-7.472E-2
1.617,2.706E-2,-7.528E-2
1.634,1.861E-2,-7.559E-2
1.651,1.031E-2,-7.575E-2
1.668,2.131E-3,-7.553E-2
1.685,-5.903E-3,-7.514E-2
1.701,-1.182E-2,-7.442E-2
1.718,-1.734E-2,-7.362E-2
1.735,-2.179E-2,-7.288E-2
1.752,-2.493E-2,-7.211E-2
1.769,-2.633E-2,-7.169E-2
1.786,-2.606E-2,-7.179E-2
1.802,-2.405E-2,-7.222E-2
1.819,-2.051E-2,-7.291E-2
1.836,-1.553E-2,-7.364E-2
1.853,-9.556E-3,-7.439E-2
1.870,-2.715E-3,-7.499E-2
1.887,5.346E-3,-7.558E-2
1.903,1.328E-2,-7.585E-2
1.920,2.167E-2,-7.570E-2
1.937,3.007E-2,-7.519E-2
1.954,3.801E-2,-7.440E-2
1.971,4.514E-2,-7.363E-2
1.988,5.255E-2,-7.254E-2
2.005,5.768E-2,-7.155E-2
2.021,6.133E-2,-7.072E-2
2.038,6.337E-2,-7.018E-2
2.055,6.384E-2,-6.994E-2
2.072,6.266E-2,-7.023E-2
2.089,5.985E-2,-7.093E-2
2.106,5.567E-2,-7.182E-2
2.122,5.005E-2,-7.276E-2
2.139,4.303E-2,-7.378E-2
2.156,3.451E-2,-7.478E-2
2.173,2.608E-2,-7.540E-2
2.190,1.734E-2,-7.568E-2
2.207,8.836E-3,-7.574E-2
2.224,6.041E-4,-7.551E-2
2.240,-6.915E-3,-7.516E-2
2.257,-1.355E-2,-7.459E-2
2.274,-1.753E-2,-7.347E-2
2.291,-2.183E-2,-7.277E-2
2.308,-2.464E-2,-7.214E-2
2.325,-2.577E-2,-7.181E-2
2.341,-2.533E-2,-7.198E-2
2.358,-2.321E-2,-7.246E-2
2.375,-1.956E-2,-7.317E-2
2.392,-1.455E-2,-7.384E-2
2.409,-8.389E-3,-7.448E-2
2.426,-2.384E-3,-7.552E-2
2.443,5.430E-3,-7.580E-2
2.459,1.379E-2,-7.586E-2
2.476,2.202E-2,-7.564E-2
2.493,3.034E-2,-7.506E-2
2.510,3.835E-2,-7.438E-2
2.527,4.555E-2,-7.358E-2
2.544,5.263E-2,-7.254E-2
2.560,5.784E-2,-7.154E-2
2.577,6.122E-2,-7.075E-2
2.594,6.312E-2,-7.022E-2
2.611,6.340E-2,-7.017E-2
2.628,6.205E-2,-7.050E-2
2.645,5.909E-2,-7.120E-2
2.662,5.469E-2,-7.209E-2
2.678,4.912E-2,-7.301E-2
2.695,4.104E-2,-7.419E-2
2.712,3.312E-2,-7.489E-2
2.729,2.483E-2,-7.557E-2
2.746,1.634E-2,-7.578E-2
2.763,8.022E-3,-7.584E-2
2.779,-1.421E-5,-7.561E-2
2.796,-7.352E-3,-7.516E-2
2.813,-1.373E-2,-7.457E-2
2.830,-1.759E-2,-7.344E-2
2.847,-2.165E-2,-7.280E-2
2.864,-2.420E-2,-7.223E-2
2.881,-2.530E-2,-7.200E-2
2.897,-2.463E-2,-7.212E-2
2.914,-2.237E-2,-7.265E-2
2.931,-1.871E-2,-7.326E-2
2.948,-1.363E-2,-7.391E-2
2.965,-7.592E-3,-7.457E-2
2.982,-1.642E-3,-7.557E-2
2.998,6.227E-3,-7.582E-2
3.015,1.460E-2,-7.576E-2
3.032,2.305E-2,-7.563E-2
3.049,3.122E-2,-7.504E-2
3.066,3.899E-2,-7.433E-2
3.083,4.599E-2,-7.360E-2
3.099,5.172E-2,-7.278E-2
3.116,5.774E-2,-7.165E-2
3.133,6.103E-2,-7.090E-2
3.150,6.268E-2,-7.037E-2
3.167,6.272E-2,-7.031E-2
3.184,6.131E-2,-7.066E-2
3.201,5.825E-2,-7.137E-2
3.217,5.388E-2,-7.220E-2
3.234,4.823E-2,-7.303E-2
3.251,4.058E-2,-7.401E-2
3.268,3.386E-2,-7.461E-2
3.285,2.605E-2,-7.514E-2
3.302,1.770E-2,-7.541E-2
3.318,9.518E-3,-7.538E-2
3.335,1.752E-3,-7.508E-2
3.352,-5.480E-3,-7.458E-2
3.369,-1.184E-2,-7.390E-2
3.386,-1.800E-2,-7.294E-2
3.403,-2.173E-2,-7.234E-2
3.420,-2.417E-2,-7.184E-2
3.436,-2.501E-2,-7.170E-2
3.453,-2.423E-2,-7.184E-2
3.470,-2.180E-2,-7.234E-2
3.487,-1.793E-2,-7.298E-2
3.504,-1.266E-2,-7.367E-2
3.521,-6.226E-3,-7.440E-2
3.537,9.840E-4,-7.499E-2
3.554,8.840E-3,-7.528E-2
3.571,1.695E-2,-7.537E-2
3.588,2.533E-2,-7.521E-2
3.605,3.349E-2,-7.471E-2
3.622,4.116E-2,-7.394E-2
3.639,4.787E-2,-7.311E-2
3.655,5.348E-2,-7.227E-2
3.672,5.783E-2,-7.140E-2
3.689,6.080E-2,-7.067E-2
3.706,6.233E-2,-7.028E-2
3.723,6.232E-2,-7.028E-2
3.740,6.075E-2,-7.068E-2
3.756,5.767E-2,-7.134E-2
3.773,5.333E-2,-7.220E-2
3.790,4.757E-2,-7.305E-2
3.807,4.073E-2,-7.396E-2
3.824,3.260E-2,-7.478E-2
3.841,2.402E-2,-7.536E-2
3.858,1.572E-2,-7.566E-2
3.874,7.470E-3,-7.564E-2
3.891,-2.805E-4,-7.528E-2
3.908,-6.638E-3,-7.475E-2
3.925,-1.258E-2,-7.410E-2
3.942,-1.761E-2,-7.349E-2
3.959,-2.144E-2,-7.293E-2
3.975,-2.368E-2,-7.239E-2
3.992,-2.436E-2,-7.211E-2
4.009,-2.351E-2,-7.231E-2
4.026,-2.104E-2,-7.290E-2
4.043,-1.704E-2,-7.355E-2
4.060,-1.184E-2,-7.410E-2
4.077,-5.563E-3,-7.474E-2
4.093,1.420E-3,-7.522E-2
4.110,9.065E-3,-7.559E-2
4.127,1.707E-2,-7.561E-2
4.144,2.547E-2,-7.541E-2
4.161,3.351E-2,-7.498E-2
4.178,4.127E-2,-7.411E-2
4.194,4.802E-2,-7.328E-2
4.211,5.375E-2,-7.224E-2
4.228,5.799E-2,-7.146E-2
4.245,6.111E-2,-7.057E-2
4.262,6.249E-2,-7.015E-2
4.279,6.226E-2,-7.023E-2
4.295,6.030E-2,-7.082E-2
4.312,5.711E-2,-7.159E-2
4.329,5.228E-2,-7.247E-2
4.346,4.646E-2,-7.348E-2
4.363,3.952E-2,-7.437E-2
4.380,3.111E-2,-7.532E-2
4.397,2.271E-2,-7.589E-2
4.413,1.487E-2,-7.611E-2
4.430,6.723E-3,-7.614E-2
4.447,-7.882E-4,-7.605E-2
4.464,-7.570E-3,-7.581E-2
4.481,-1.333E-2,-7.528E-2
4.498,-1.746E-2,-7.404E-2
4.514,-2.086E-2,-7.354E-2
4.531,-2.291E-2,-7.315E-2
4.548,-2.348E-2,-7.310E-2
4.565,-2.251E-2,-7.322E-2
4.582,-2.011E-2,-7.359E-2
4.599,-1.625E-2,-7.418E-2
4.616,-1.113E-2,-7.479E-2
4.632,-5.058E-3,-7.535E-2
4.649,1.972E-3,-7.582E-2
4.666,9.377E-3,-7.613E-2
4.683,1.715E-2,-7.618E-2
4.700,2.526E-2,-7.587E-2
4.717,3.307E-2,-7.535E-2
4.733,4.050E-2,-7.463E-2
4.750,4.722E-2,-7.375E-2
4.767,5.268E-2,-7.285E-2
4.784,5.681E-2,-7.211E-2
4.801,5.953E-2,-7.151E-2
4.818,6.076E-2,-7.127E-2
4.835,6.054E-2,-7.133E-2
4.851,5.879E-2,-7.171E-2
4.868,5.553E-2,-7.234E-2
4.885,5.102E-2,-7.317E-2
4.902,4.521E-2,-7.403E-2
4.919,3.816E-2,-7.489E-2
4.936,3.047E-2,-7.549E-2
4.952,2.263E-2,-7.605E-2
4.969,1.460E-2,-7.615E-2
4.986,6.942E-3,-7.607E-2
5.003,-3.937E-4,-7.568E-2
5.020,-6.850E-3,-7.523E-2
5.037,-1.248E-2,-7.465E-2
5.054,-1.710E-2,-7.413E-2
5.070,-2.054E-2,-7.363E-2
5.087,-2.251E-2,-7.326E-2
5.104,-2.297E-2,-7.319E-2
5.121,-2.193E-2,-7.333E-2
5.138,-1.940E-2,-7.379E-2
5.155,-1.523E-2,-7.433E-2
5.171,-1.024E-2,-7.490E-2
5.188,-4.022E-3,-7.550E-2
5.205,2.990E-3,-7.594E-2
5.222,1.028E-2,-7.615E-2
5.239,1.801E-2,-7.609E-2
5.256,2.591E-2,-7.590E-2
5.273,3.384E-2,-7.552E-2
5.289,4.107E-2,-7.465E-2
5.306,4.735E-2,-7.381E-2
5.323,5.263E-2,-7.294E-2
5.340,5.670E-2,-7.223E-2
5.357,5.931E-2,-7.160E-2
5.374,6.049E-2,-7.128E-2
5.390,6.020E-2,-7.137E-2
5.407,5.830E-2,-7.175E-2
5.424,5.498E-2,-7.251E-2
5.441,5.041E-2,-7.323E-2
5.458,4.465E-2,-7.415E-2
5.475,3.776E-2,-7.489E-2
5.491,2.979E-2,-7.561E-2
5.508,2.180E-2,-7.594E-2
5.525,1.365E-2,-7.620E-2
5.542,5.881E-3,-7.610E-2
5.559,-1.389E-3,-7.606E-2
5.576,-7.798E-3,-7.571E-2
5.593,-1.269E-2,-7.463E-2
5.609,-1.715E-2,-7.412E-2
5.626,-2.043E-2,-7.369E-2
5.643,-2.224E-2,-7.329E-2
5.660,-2.262E-2,-7.322E-2
5.677,-2.146E-2,-7.341E-2
5.694,-1.886E-2,-7.378E-2
5.710,-1.495E-2,-7.426E-2
5.727,-9.677E-3,-7.477E-2
5.744,-3.465E-3,-7.522E-2
5.761,3.074E-3,-7.570E-2
5.778,1.040E-2,-7.601E-2
5.795,1.809E-2,-7.611E-2
5.812,2.595E-2,-7.590E-2
5.828,3.372E-2,-7.540E-2
5.845,4.100E-2,-7.462E-2
5.862,4.740E-2,-7.376E-2
5.879,5.252E-2,-7.297E-2
5.896,5.646E-2,-7.214E-2
5.913,5.896E-2,-7.160E-2
5.929,6.005E-2,-7.133E-2
5.946,5.960E-2,-7.144E-2
5.963,5.766E-2,-7.182E-2
5.980,5.435E-2,-7.253E-2
5.997,4.962E-2,-7.345E-2
6.014,4.396E-2,-7.420E-2
6.031,3.719E-2,-7.496E-2
6.047,2.973E-2,-7.557E-2
6.064,2.161E-2,-7.600E-2
6.081,1.383E-2,-7.620E-2
6.098,6.053E-3,-7.627E-2
6.115,-1.168E-3,-7.592E-2
6.132,-7.176E-3,-7.540E-2
6.148,-1.259E-2,-7.475E-2
6.165,-1.702E-2,-7.417E-2
6.182,-2.020E-2,-7.366E-2
6.199,-2.191E-2,-7.335E-2
6.216,-2.217E-2,-7.326E-2
6.233,-2.098E-2,-7.351E-2
6.250,-1.837E-2,-7.391E-2
6.266,-1.435E-2,-7.444E-2
6.283,-9.299E-3,-7.502E-2
6.300,-3.242E-3,-7.559E-2
6.317,3.366E-3,-7.599E-2
6.334,1.058E-2,-7.633E-2
6.351,1.836E-2,-7.619E-2
6.367,2.606E-2,-7.593E-2
6.384,3.368E-2,-7.538E-2
6.401,4.105E-2,-7.470E-2
6.418,4.728E-2,-7.387E-2
6.435,5.230E-2,-7.303E-2
6.452,5.626E-2,-7.226E-2
6.469,5.870E-2,-7.178E-2
6.485,5.971E-2,-7.154E-2
6.502,5.923E-2,-7.166E-2
6.519,5.717E-2,-7.210E-2
6.536,5.373E-2,-7.283E-2
6.553,4.907E-2,-7.360E-2
6.570,4.337E-2,-7.438E-2
6.586,3.666E-2,-7.510E-2
6.603,2.926E-2,-7.579E-2
6.620,2.135E-2,-7.604E-2
6.637,1.378E-2,-7.618E-2
6.654,6.157E-3,-7.603E-2
6.671,-7.297E-4,-7.582E-2
6.687,-7.063E-3,-7.532E-2
6.704,-1.240E-2,-7.478E-2
6.721,-1.666E-2,-7.419E-2
6.738,-1.981E-2,-7.385E-2
6.755,-2.148E-2,-7.351E-2
6.772,-2.172E-2,-7.353E-2
6.789,-2.046E-2,-7.375E-2
6.805,-1.781E-2,-7.411E-2
6.822,-1.376E-2,-7.460E-2
6.839,-8.595E-3,-7.515E-2
6.856,-2.520E-3,-7.564E-2
6.873,4.438E-3,-7.599E-2
6.890,1.158E-2,-7.622E-2
6.906,1.913E-2,-7.620E-2
6.923,2.718E-2,-7.597E-2
6.940,3.450E-2,-7.539E-2
6.957,4.147E-2,-7.461E-2
6.974,4.738E-2,-7.383E-2
6.991,5.231E-2,-7.310E-2
7.008,5.608E-2,-7.242E-2
7.024,5.844E-2,-7.190E-2
7.041,5.934E-2,-7.172E-2
7.058,5.878E-2,-7.184E-2
7.075,5.673E-2,-7.229E-2
7.092,5.334E-2,-7.295E-2
7.109,4.878E-2,-7.372E-2
7.125,4.309E-2,-7.445E-2
7.142,3.651E-2,-7.517E-2
7.159,2.925E-2,-7.579E-2
7.176,2.181E-2,-7.616E-2
7.193,1.414E-2,-7.617E-2
7.210,6.773E-3,-7.607E-2
7.227,-2.572E-4,-7.585E-2
7.243,-6.658E-3,-7.540E-2
7.260,-1.189E-2,-7.485E-2
7.277,-1.617E-2,-7.441E-2
7.294,-1.922E-2,-7.403E-2
7.311,-2.069E-2,-7.376E-2
7.328,-2.087E-2,-7.368E-2
7.344,-1.960E-2,-7.387E-2
7.361,-1.690E-2,-7.428E-2
7.378,-1.290E-2,-7.475E-2
7.395,-7.839E-3,-7.529E-2
7.412,-1.762E-3,-7.582E-2
7.429,5.031E-3,-7.619E-2
7.446,1.230E-2,-7.639E-2
7.462,1.976E-2,-7.633E-2
7.479,2.754E-2,-7.603E-2
7.496,3.484E-2,-7.548E-2
7.513,4.155E-2,-7.472E-2
7.530,4.745E-2,-7.398E-2
7.547,5.232E-2,-7.320E-2
7.563,5.591E-2,-7.259E-2
7.580,5.817E-2,-7.213E-2
7.597,5.905E-2,-7.182E-2
7.614,5.842E-2,-7.194E-2
7.631,5.633E-2,-7.236E-2
7.648,5.301E-2,-7.294E-2
7.665,4.838E-2,-7.380E-2
7.681,4.278E-2,-7.457E-2
7.698,3.620E-2,-7.526E-2
7.715,2.885E-2,-7.592E-2
7.732,2.130E-2,-7.620E-2
7.749,1.342E-2,-7.631E-2
7.766,6.152E-3,-7.619E-2
7.782,-6.478E-4,-7.590E-2
7.799,-6.616E-3,-7.536E-2
7.816,-1.183E-2,-7.486E-2
7.833,-1.597E-2,-7.435E-2
7.850,-1.886E-2,-7.396E-2
7.867,-2.045E-2,-7.366E-2
7.883,-2.055E-2,-7.367E-2
7.900,-1.928E-2,-7.391E-2
7.917,-1.658E-2,-7.434E-2
7.934,-1.258E-2,-7.480E-2
7.951,-7.471E-3,-7.525E-2
7.968,-1.397E-3,-7.575E-2
7.985,5.244E-3,-7.613E-2
8.001,1.234E-2,-7.628E-2
8.018,1.978E-2,-7.629E-2
8.035,2.744E-2,-7.597E-2
8.052,3.474E-2,-7.553E-2
8.069,4.145E-2,-7.477E-2
8.086,4.717E-2,-7.400E-2
8.102,5.204E-2,-7.317E-2
8.119,5.560E-2,-7.254E-2
8.136,5.776E-2,-7.204E-2
8.153,5.857E-2,-7.186E-2
8.170,5.796E-2,-7.207E-2
8.187,5.593E-2,-7.248E-2
8.204,5.252E-2,-7.303E-2
8.220,4.794E-2,-7.375E-2
8.237,4.225E-2,-7.456E-2
8.254,3.548E-2,-7.536E-2
8.271,2.846E-2,-7.591E-2
8.288,2.096E-2,-7.630E-2
8.305,1.336E-2,-7.634E-2
8.321,6.250E-3,-7.615E-2
8.338,-4.940E-4,-7.585E-2
8.355,-6.491E-3,-7.533E-2
8.372,-1.160E-2,-7.488E-2
8.389,-1.567E-2,-7.441E-2
8.406,-1.856E-2,-7.397E-2
8.423,-2.002E-2,-7.371E-2
8.439,-2.015E-2,-7.371E-2
8.456,-1.882E-2,-7.399E-2
8.473,-1.615E-2,-7.437E-2
8.490,-1.224E-2,-7.489E-2
8.507,-7.258E-3,-7.535E-2
8.524,-1.163E-3,-7.578E-2
8.540,5.512E-3,-7.610E-2
8.557,1.276E-2,-7.628E-2
8.574,2.010E-2,-7.632E-2
8.591,2.761E-2,-7.601E-2
8.608,3.467E-2,-7.546E-2
8.625,4.131E-2,-7.469E-2
8.642,4.705E-2,-7.394E-2
8.658,5.178E-2,-7.316E-2
8.675,5.526E-2,-7.256E-2
8.692,5.745E-2,-7.209E-2
8.709,5.828E-2,-7.192E-2
8.726,5.763E-2,-7.202E-2
8.743,5.563E-2,-7.245E-2
8.759,5.229E-2,-7.303E-2
8.776,4.762E-2,-7.381E-2
8.793,4.200E-2,-7.448E-2
8.810,3.543E-2,-7.519E-2
8.827,2.830E-2,-7.576E-2
8.844,2.086E-2,-7.614E-2
8.861,1.314E-2,-7.619E-2
8.877,6.129E-3,-7.605E-2
8.894,-5.548E-4,-7.578E-2
8.911,-6.446E-3,-7.532E-2
8.928,-1.142E-2,-7.489E-2
8.945,-1.544E-2,-7.431E-2
8.962,-1.834E-2,-7.394E-2
8.978,-1.977E-2,-7.369E-2
8.995,-1.981E-2,-7.372E-2
9.012,-1.851E-2,-7.389E-2
9.029,-1.588E-2,-7.430E-2
9.046,-1.188E-2,-7.480E-2
9.063,-6.950E-3,-7.524E-2
9.079,-9.692E-4,-7.570E-2
9.096,5.730E-3,-7.604E-2
9.113,1.270E-2,-7.616E-2
9.130,2.018E-2,-7.611E-2
9.147,2.744E-2,-7.593E-2
9.164,3.445E-2,-7.539E-2
9.181,4.107E-2,-7.462E-2
9.197,4.676E-2,-7.395E-2
9.214,5.138E-2,-7.316E-2
9.231,5.491E-2,-7.251E-2
9.248,5.699E-2,-7.210E-2
9.265,5.778E-2,-7.196E-2
9.282,5.714E-2,-7.203E-2
9.298,5.512E-2,-7.246E-2
9.315,5.179E-2,-7.308E-2
9.332,4.717E-2,-7.385E-2
9.349,4.152E-2,-7.458E-2
9.366,3.511E-2,-7.519E-2
9.383,2.801E-2,-7.574E-2
9.400,2.054E-2,-7.609E-2
9.416,1.331E-2,-7.616E-2
9.433,6.124E-3,-7.601E-2
9.450,-3.827E-4,-7.571E-2
9.467,-6.256E-3,-7.528E-2
9.484,-1.129E-2,-7.477E-2
9.501,-1.523E-2,-7.430E-2
9.517,-1.809E-2,-7.394E-2
9.534,-1.951E-2,-7.374E-2
9.551,-1.959E-2,-7.367E-2
9.568,-1.829E-2,-7.390E-2
9.585,-1.564E-2,-7.432E-2
9.602,-1.163E-2,-7.480E-2
9.619,-6.811E-3,-7.525E-2
9.635,-9.587E-4,-7.575E-2
9.652,5.482E-3,-7.610E-2
9.669,1.257E-2,-7.629E-2
9.686,1.971E-2,-7.612E-2
9.703,2.719E-2,-7.590E-2
9.720,3.427E-2,-7.540E-2
9.736,4.091E-2,-7.464E-2
9.753,4.657E-2,-7.389E-2
9.770,5.108E-2,-7.321E-2
9.787,5.448E-2,-7.253E-2
9.804,5.660E-2,-7.217E-2
9.821,5.736E-2,-7.198E-2
9.838,5.670E-2,-7.211E-2
9.854,5.471E-2,-7.246E-2
9.871,5.143E-2,-7.311E-2
9.888,4.696E-2,-7.376E-2
9.905,4.138E-2,-7.452E-2
9.922,3.503E-2,-7.516E-2
9.939,2.821E-2,-7.573E-2
9.955,2.090E-2,-7.605E-2
9.972,1.340E-2,-7.614E-2
9.989,6.314E-3,-7.602E-2
10.006,1.625E-5,-7.573E-2
10.023,-5.859E-3,-7.529E-2
10.040,-1.099E-2,-7.485E-2
10.057,-1.489E-2,-7.431E-2
10.073,-1.769E-2,-7.394E-2
10.090,-1.914E-2,-7.375E-2
10.107,-1.921E-2,-7.384E-2
10.124,-1.782E-2,-7.402E-2
10.141,-1.516E-2,-7.434E-2
10.158,-1.127E-2,-7.484E-2
10.174,-6.296E-3,-7.538E-2
10.191,-5.060E-4,-7.586E-2
10.208,5.885E-3,-7.621E-2
10.225,1.315E-2,-7.629E-2
10.242,2.028E-2,-7.630E-2
10.259,2.757E-2,-7.603E-2
10.276,3.448E-2,-7.550E-2
10.292,4.096E-2,-7.482E-2
10.309,4.636E-2,-7.404E-2
10.326,5.091E-2,-7.336E-2
10.343,5.431E-2,-7.273E-2
10.360,5.637E-2,-7.229E-2
10.377,5.711E-2,-7.215E-2
10.393,5.647E-2,-7.231E-2
10.410,5.448E-2,-7.267E-2
10.427,5.130E-2,-7.325E-2
10.444,4.685E-2,-7.398E-2
10.461,4.135E-2,-7.467E-2
10.478,3.501E-2,-7.530E-2
10.494,2.827E-2,-7.583E-2
10.511,2.097E-2,-7.620E-2
10.528,1.388E-2,-7.617E-2
10.545,6.883E-3,-7.610E-2
10.562,4.162E-4,-7.589E-2
10.579,-5.450E-3,-7.546E-2
10.596,-1.040E-2,-7.499E-2
10.612,-1.425E-2,-7.453E-2
10.629,-1.701E-2,-7.409E-2
10.646,-1.853E-2,-7.390E-2
10.663,-1.856E-2,-7.394E-2
10.680,-1.729E-2,-7.412E-2
10.697,-1.472E-2,-7.447E-2
10.713,-1.087E-2,-7.498E-2
10.730,-5.947E-3,-7.538E-2
10.747,-2.905E-4,-7.585E-2
10.764,6.276E-3,-7.614E-2
10.781,1.320E-2,-7.638E-2
10.798,2.037E-2,-7.625E-2
10.815,2.758E-2,-7.595E-2
10.831,3.441E-2,-7.549E-2
10.848,4.079E-2,-7.484E-2
10.865,4.625E-2,-7.402E-2
10.882,5.071E-2,-7.335E-2
10.899,5.406E-2,-7.275E-2
10.916,5.615E-2,-7.234E-2
10.932,5.683E-2,-7.215E-2
10.949,5.624E-2,-7.219E-2
10.966,5.435E-2,-7.261E-2
10.983,5.112E-2,-7.319E-2
11.000,4.674E-2,-7.391E-2
11.017,4.153E-2,-7.456E-2
11.034,3.539E-2,-7.522E-2
11.050,2.866E-2,-7.576E-2
11.067,2.145E-2,-7.604E-2
11.084,1.440E-2,-7.612E-2
11.101,7.355E-3,-7.612E-2
11.118,1.036E-3,-7.583E-2
11.135,-4.774E-3,-7.547E-2
11.151,-9.805E-3,-7.498E-2
11.168,-1.381E-2,-7.453E-2
11.185,-1.658E-2,-7.419E-2
11.202,-1.796E-2,-7.398E-2
11.219,-1.808E-2,-7.394E-2
11.236,-1.685E-2,-7.413E-2
11.253,-1.429E-2,-7.445E-2
11.269,-1.058E-2,-7.498E-2
11.286,-5.839E-3,-7.542E-2
11.303,3.829E-5,-7.580E-2
11.320,6.400E-3,-7.613E-2
11.337,1.337E-2,-7.627E-2
11.354,2.049E-2,-7.623E-2
11.370,2.767E-2,-7.599E-2
11.387,3.449E-2,-7.542E-2
11.404,4.059E-2,-7.468E-2
11.421,4.587E-2,-7.406E-2
11.438,5.037E-2,-7.329E-2
11.455,5.364E-2,-7.274E-2
11.472,5.572E-2,-7.232E-2
11.488,5.648E-2,-7.220E-2
11.505,5.589E-2,-7.220E-2
11.522,5.398E-2,-7.254E-2
11.539,5.076E-2,-7.310E-2
11.556,4.646E-2,-7.383E-2
11.573,4.113E-2,-7.455E-2
11.589,3.495E-2,-7.523E-2
11.606,2.827E-2,-7.563E-2
11.623,2.114E-2,-7.600E-2
11.640,1.386E-2,-7.600E-2
11.657,7.209E-3,-7.597E-2
11.674,6.421E-4,-7.568E-2
11.690,-5.048E-3,-7.530E-2
11.707,-9.902E-3,-7.483E-2
11.724,-1.384E-2,-7.440E-2
11.741,-1.664E-2,-7.398E-2
11.758,-1.814E-2,-7.375E-2
11.775,-1.823E-2,-7.379E-2
11.792,-1.701E-2,-7.394E-2
11.808,-1.450E-2,-7.434E-2
11.825,-1.076E-2,-7.479E-2
11.842,-6.061E-3,-7.522E-2
11.859,-4.305E-4,-7.562E-2
11.876,5.804E-3,-7.587E-2
11.893,1.264E-2,-7.606E-2
11.909,1.962E-2,-7.607E-2
11.926,2.668E-2,-7.589E-2
11.943,3.352E-2,-7.543E-2
11.960,3.962E-2,-7.479E-2
11.977,4.509E-2,-7.411E-2
11.994,4.959E-2,-7.340E-2
12.011,5.296E-2,-7.275E-2
12.027,5.507E-2,-7.234E-2
12.044,5.591E-2,-7.218E-2
12.061,5.535E-2,-7.228E-2
12.078,5.349E-2,-7.260E-2
12.095,5.044E-2,-7.316E-2
12.112,4.621E-2,-7.382E-2
12.128,4.086E-2,-7.447E-2
12.145,3.481E-2,-7.515E-2
12.162,2.834E-2,-7.559E-2
12.179,2.150E-2,-7.595E-2
12.196,1.444E-2,-7.604E-2
12.213,7.752E-3,-7.591E-2
12.230,1.241E-3,-7.571E-2
12.246,-4.419E-3,-7.533E-2
12.263,-9.391E-3,-7.491E-2
12.280,-1.337E-2,-7.450E-2
12.297,-1.612E-2,-7.410E-2
12.314,-1.768E-2,-7.383E-2
12.331,-1.784E-2,-7.379E-2
12.347,-1.670E-2,-7.401E-2
12.364,-1.427E-2,-7.427E-2
12.381,-1.065E-2,-7.475E-2
12.398,-5.874E-3,-7.521E-2
12.415,-2.998E-4,-7.554E-2
12.432,5.867E-3,-7.588E-2
12.449,1.245E-2,-7.613E-2
12.465,1.948E-2,-7.609E-2
12.482,2.638E-2,-7.583E-2
12.499,3.313E-2,-7.541E-2
12.516,3.943E-2,-7.477E-2
12.533,4.488E-2,-7.410E-2
12.550,4.926E-2,-7.348E-2
12.566,5.258E-2,-7.279E-2
12.583,5.473E-2,-7.242E-2
12.600,5.557E-2,-7.225E-2
12.617,5.511E-2,-7.235E-2
12.634,5.328E-2,-7.265E-2
12.651,5.028E-2,-7.328E-2
12.668,4.604E-2,-7.396E-2
12.684,4.099E-2,-7.455E-2
12.701,3.503E-2,-7.521E-2
12.718,2.854E-2,-7.563E-2
12.735,2.174E-2,-7.595E-2
12.752,1.476E-2,-7.600E-2
12.769,7.977E-3,-7.591E-2
12.785,1.613E-3,-7.571E-2
12.802,-3.992E-3,-7.544E-2
12.819,-8.952E-3,-7.490E-2
12.836,-1.289E-2,-7.446E-2
12.853,-1.571E-2,-7.415E-2
12.870,-1.727E-2,-7.388E-2
12.886,-1.753E-2,-7.387E-2
12.903,-1.636E-2,-7.404E-2
12.920,-1.400E-2,-7.437E-2
12.937,-1.045E-2,-7.480E-2
12.954,-5.952E-3,-7.524E-2
12.971,-3.626E-4,-7.582E-2
12.988,5.826E-3,-7.602E-2
13.004,1.227E-2,-7.617E-2
13.021,1.922E-2,-7.611E-2
13.038,2.622E-2,-7.596E-2
13.055,3.296E-2,-7.544E-2
13.072,3.907E-2,-7.475E-2
13.089,4.444E-2,-7.415E-2
13.105,4.897E-2,-7.342E-2
13.122,5.223E-2,-7.280E-2
13.139,5.441E-2,-7.243E-2
13.156,5.535E-2,-7.224E-2
13.173,5.488E-2,-7.239E-2
13.190,5.322E-2,-7.269E-2
13.207,5.026E-2,-7.323E-2
13.223,4.631E-2,-7.388E-2
13.240,4.126E-2,-7.449E-2
13.257,3.543E-2,-7.518E-2
13.274,2.901E-2,-7.568E-2
13.291,2.219E-2,-7.594E-2
13.308,1.532E-2,-7.610E-2
13.324,8.624E-3,-7.603E-2
13.341,2.326E-3,-7.573E-2
13.358,-3.379E-3,-7.541E-2
13.375,-8.269E-3,-7.497E-2
13.392,-1.222E-2,-7.455E-2
13.409,-1.518E-2,-7.416E-2
13.426,-1.676E-2,-7.398E-2
13.442,-1.708E-2,-7.391E-2
13.459,-1.607E-2,-7.400E-2
13.476,-1.373E-2,-7.433E-2
13.493,-1.024E-2,-7.480E-2
13.510,-5.772E-3,-7.522E-2
13.527,-3.039E-4,-7.564E-2
13.543,5.730E-3,-7.596E-2
13.560,1.229E-2,-7.613E-2
13.577,1.922E-2,-7.603E-2
13.594,2.616E-2,-7.584E-2
13.611,3.264E-2,-7.541E-2
13.628,3.875E-2,-7.481E-2
13.645,4.411E-2,-7.412E-2
13.661,4.863E-2,-7.355E-2
13.678,5.188E-2,-7.288E-2
13.695,5.407E-2,-7.248E-2
13.712,5.499E-2,-7.235E-2
13.729,5.458E-2,-7.239E-2
13.746,5.296E-2,-7.266E-2
13.762,5.004E-2,-7.318E-2
13.779,4.606E-2,-7.383E-2
13.796,4.113E-2,-7.440E-2
13.813,3.536E-2,-7.507E-2
13.830,2.899E-2,-7.565E-2
13.847,2.203E-2,-7.594E-2
13.864,1.524E-2,-7.607E-2
13.880,8.608E-3,-7.614E-2
13.897,2.382E-3,-7.594E-2
13.914,-3.322E-3,-7.555E-2
13.931,-8.123E-3,-7.501E-2
13.948,-1.207E-2,-7.453E-2
13.965,-1.493E-2,-7.421E-2
13.981,-1.655E-2,-7.394E-2
13.998,-1.691E-2,-7.391E-2
14.015,-1.594E-2,-7.407E-2
14.032,-1.374E-2,-7.440E-2
14.049,-1.040E-2,-7.488E-2
14.066,-5.902E-3,-7.529E-2
14.082,-7.188E-4,-7.569E-2
14.099,5.063E-3,-7.597E-2
14.116,1.158E-2,-7.614E-2
14.133,1.826E-2,-7.611E-2
14.150,2.461E-2,-7.590E-2
14.167,3.156E-2,-7.557E-2
14.184,3.775E-2,-7.496E-2
14.200,4.320E-2,-7.424E-2
14.217,4.774E-2,-7.365E-2
14.234,5.116E-2,-7.306E-2
14.251,5.349E-2,-7.260E-2
14.268,5.451E-2,-7.244E-2
14.285,5.427E-2,-7.250E-2
14.301,5.268E-2,-7.273E-2
14.318,4.990E-2,-7.326E-2
14.335,4.603E-2,-7.390E-2
14.352,4.109E-2,-7.455E-2
14.369,3.542E-2,-7.514E-2
14.386,2.925E-2,-7.565E-2
14.403,2.235E-2,-7.601E-2
14.419,1.568E-2,-7.609E-2
14.436,9.071E-3,-7.605E-2
14.453,2.766E-3,-7.579E-2
14.470,-2.822E-3,-7.549E-2
14.487,-7.650E-3,-7.505E-2
14.504,-1.163E-2,-7.461E-2
14.520,-1.450E-2,-7.429E-2
14.537,-1.621E-2,-7.398E-2
14.554,-1.667E-2,-7.394E-2
14.571,-1.575E-2,-7.409E-2
14.588,-1.366E-2,-7.439E-2
14.605,-1.037E-2,-7.480E-2
14.622,-6.002E-3,-7.521E-2
14.638,-7.802E-4,-7.555E-2
14.655,5.067E-3,-7.590E-2
14.672,1.144E-2,-7.611E-2
14.689,1.798E-2,-7.612E-2
14.706,2.476E-2,-7.591E-2
14.723,3.142E-2,-7.559E-2
14.739,3.726E-2,-7.499E-2
14.756,4.280E-2,-7.429E-2
14.773,4.721E-2,-7.366E-2
14.790,5.077E-2,-7.310E-2
14.807,5.312E-2,-7.266E-2
14.824,5.413E-2,-7.242E-2
14.841,5.397E-2,-7.248E-2
14.857,5.247E-2,-7.278E-2
14.874,4.974E-2,-7.324E-2
14.891,4.600E-2,-7.387E-2
14.908,4.127E-2,-7.449E-2
14.925,3.561E-2,-7.511E-2
14.942,2.923E-2,-7.570E-2
14.958,2.279E-2,-7.598E-2
14.975,1.613E-2,-7.605E-2
14.992,9.611E-3,-7.601E-2
15.009,3.449E-3,-7.576E-2
15.026,-2.146E-3,-7.556E-2
15.043,-7.041E-3,-7.510E-2
15.060,-1.105E-2,-7.462E-2
15.076,-1.392E-2,-7.426E-2
15.093,-1.574E-2,-7.399E-2
15.110,-1.622E-2,-7.391E-2
15.127,-1.549E-2,-7.398E-2
15.144,-1.343E-2,-7.425E-2
15.161,-1.023E-2,-7.473E-2
15.177,-5.947E-3,-7.513E-2
15.194,-9.058E-4,-7.560E-2
15.211,4.895E-3,-7.589E-2
15.228,1.111E-2,-7.609E-2
15.245,1.768E-2,-7.611E-2
15.262,2.414E-2,-7.595E-2
15.278,3.062E-2,-7.565E-2
15.295,3.671E-2,-7.513E-2
15.312,4.219E-2,-7.443E-2
15.329,4.675E-2,-7.378E-2
15.346,5.020E-2,-7.323E-2
15.363,5.269E-2,-7.277E-2
15.380,5.379E-2,-7.251E-2
15.396,5.374E-2,-7.254E-2
15.413,5.231E-2,-7.277E-2
15.430,4.975E-2,-7.325E-2
15.447,4.606E-2,-7.384E-2
15.464,4.138E-2,-7.445E-2
15.481,3.563E-2,-7.518E-2
15.497,2.972E-2,-7.558E-2
15.514,2.311E-2,-7.596E-2
15.531,1.654E-2,-7.616E-2
15.548,1.002E-2,-7.609E-2
15.565,3.907E-3,-7.592E-2
15.582,-1.581E-3,-7.562E-2
15.599,-6.583E-3,-7.507E-2
15.615,-1.052E-2,-7.468E-2
15.632,-1.348E-2,-7.431E-2
15.649,-1.534E-2,-7.407E-2
15.666,-1.592E-2,-7.399E-2
15.683,-1.524E-2,-7.400E-2
15.700,-1.334E-2,-7.430E-2
15.716,-1.024E-2,-7.470E-2
15.733,-6.111E-3,-7.519E-2
15.750,-1.251E-3,-7.561E-2
15.767,4.403E-3,-7.590E-2
15.784,1.046E-2,-7.619E-2
15.801,1.692E-2,-7.620E-2
15.818,2.367E-2,-7.595E-2
15.834,3.026E-2,-7.565E-2
15.851,3.599E-2,-7.513E-2
15.868,4.158E-2,-7.446E-2
15.885,4.616E-2,-7.390E-2
15.902,4.976E-2,-7.329E-2
15.919,5.219E-2,-7.285E-2
15.935,5.343E-2,-7.263E-2
15.952,5.344E-2,-7.268E-2
15.969,5.219E-2,-7.283E-2
15.986,4.967E-2,-7.343E-2
16.003,4.608E-2,-7.401E-2
16.020,4.148E-2,-7.450E-2
16.037,3.607E-2,-7.516E-2
16.053,2.980E-2,-7.575E-2
16.070,2.338E-2,-7.597E-2
16.087,1.686E-2,-7.610E-2
16.104,1.043E-2,-7.618E-2
16.121,4.341E-3,-7.596E-2
16.138,-1.222E-3,-7.560E-2
16.154,-6.026E-3,-7.515E-2
16.171,-9.950E-3,-7.487E-2
16.188,-1.304E-2,-7.449E-2
16.205,-1.496E-2,-7.423E-2
16.222,-1.558E-2,-7.409E-2
16.239,-1.499E-2,-7.414E-2
16.256,-1.318E-2,-7.437E-2
16.272,-1.020E-2,-7.478E-2
16.289,-6.174E-3,-7.515E-2
16.306,-1.246E-3,-7.554E-2
16.323,4.301E-3,-7.590E-2
16.340,1.039E-2,-7.610E-2
16.357,1.690E-2,-7.616E-2
16.373,2.352E-2,-7.606E-2
16.390,2.983E-2,-7.574E-2
16.407,3.582E-2,-7.521E-2
16.424,4.123E-2,-7.459E-2
16.441,4.571E-2,-7.402E-2
16.458,4.941E-2,-7.340E-2
16.474,5.189E-2,-7.296E-2
16.491,5.321E-2,-7.271E-2
16.508,5.328E-2,-7.269E-2
16.525,5.210E-2,-7.290E-2
16.542,4.972E-2,-7.331E-2
16.559,4.624E-2,-7.394E-2
16.576,4.178E-2,-7.450E-2
16.592,3.655E-2,-7.512E-2
16.609,3.055E-2,-7.554E-2
16.626,2.436E-2,-7.596E-2
16.643,1.787E-2,-7.604E-2
16.660,1.142E-2,-7.610E-2
16.677,5.296E-3,-7.598E-2
16.693,-3.575E-4,-7.573E-2
16.710,-5.215E-3,-7.533E-2
16.727,-9.378E-3,-7.500E-2
16.744,-1.246E-2,-7.458E-2
16.761,-1.448E-2,-7.427E-2
16.778,-1.526E-2,-7.417E-2
16.795,-1.475E-2,-7.429E-2
16.811,-1.307E-2,-7.457E-2
16.828,-1.024E-2,-7.486E-2
16.845,-6.342E-3,-7.522E-2
16.862,-1.480E-3,-7.559E-2
16.879,3.968E-3,-7.589E-2
16.896,1.011E-2,-7.604E-2
16.912,1.645E-2,-7.611E-2
16.929,2.297E-2,-7.600E-2
16.946,2.931E-2,-7.571E-2
16.963,3.521E-2,-7.521E-2
16.980,4.060E-2,-7.466E-2
16.997,4.521E-2,-7.403E-2
17.014,4.881E-2,-7.340E-2
17.030,5.139E-2,-7.294E-2
17.047,5.282E-2,-7.266E-2
17.064,5.301E-2,-7.258E-2
17.081,5.193E-2,-7.284E-2
17.098,4.965E-2,-7.318E-2
17.115,4.635E-2,-7.366E-2
17.131,4.202E-2,-7.436E-2
17.148,3.693E-2,-7.488E-2
17.165,3.096E-2,-7.546E-2
17.182,2.469E-2,-7.573E-2
17.199,1.821E-2,-7.597E-2
17.216,1.195E-2,-7.596E-2
17.233,5.861E-3,-7.587E-2
17.249,2.416E-4,-7.558E-2
17.266,-4.799E-3,-7.530E-2
17.283,-8.850E-3,-7.490E-2
17.300,-1.200E-2,-7.461E-2
17.317,-1.413E-2,-7.433E-2
17.334,-1.498E-2,-7.414E-2
17.350,-1.460E-2,-7.420E-2
17.367,-1.308E-2,-7.443E-2
17.384,-1.025E-2,-7.473E-2
17.401,-6.517E-3,-7.511E-2
17.418,-1.869E-3,-7.551E-2
17.435,3.657E-3,-7.580E-2
17.452,9.494E-3,-7.597E-2
17.468,1.586E-2,-7.603E-2
17.485,2.225E-2,-7.593E-2
17.502,2.863E-2,-7.570E-2
17.519,3.458E-2,-7.522E-2
17.536,3.996E-2,-7.462E-2
17.553,4.464E-2,-7.402E-2
17.569,4.826E-2,-7.350E-2
17.586,5.091E-2,-7.302E-2
17.603,5.244E-2,-7.278E-2
17.620,5.271E-2,-7.272E-2
17.637,5.181E-2,-7.290E-2
17.654,4.966E-2,-7.326E-2
17.670,4.651E-2,-7.373E-2
17.687,4.230E-2,-7.429E-2
17.704,3.723E-2,-7.487E-2
17.721,3.149E-2,-7.543E-2
17.738,2.535E-2,-7.578E-2
17.755,1.893E-2,-7.602E-2
17.772,1.272E-2,-7.599E-2
17.788,6.519E-3,-7.585E-2
17.805,8.797E-4,-7.564E-2
17.822,-4.073E-3,-7.529E-2
17.839,-8.329E-3,-7.498E-2
17.856,-1.155E-2,-7.462E-2
17.873,-1.363E-2,-7.428E-2
17.889,-1.464E-2,-7.419E-2
17.906,-1.444E-2,-7.421E-2
17.923,-1.298E-2,-7.440E-2
17.940,-1.042E-2,-7.474E-2
17.957,-6.827E-3,-7.513E-2
17.974,-2.193E-3,-7.556E-2
17.991,3.145E-3,-7.580E-2
18.007,8.972E-3,-7.607E-2
18.024,1.524E-2,-7.608E-2
18.041,2.149E-2,-7.601E-2
18.058,2.790E-2,-7.574E-2
18.075,3.373E-2,-7.532E-2
18.092,3.925E-2,-7.475E-2
18.108,4.390E-2,-7.418E-2
18.125,4.773E-2,-7.356E-2
18.142,5.045E-2,-7.311E-2
18.159,5.204E-2,-7.282E-2
18.176,5.244E-2,-7.275E-2
18.193,5.168E-2,-7.288E-2
18.210,4.969E-2,-7.325E-2
18.226,4.658E-2,-7.378E-2
18.243,4.248E-2,-7.433E-2
18.260,3.759E-2,-7.490E-2
18.277,3.203E-2,-7.543E-2
18.294,2.598E-2,-7.581E-2
18.311,1.956E-2,-7.613E-2
18.327,1.327E-2,-7.617E-2
18.344,7.122E-3,-7.597E-2
18.361,1.528E-3,-7.576E-2
18.378,-3.460E-3,-7.542E-2
18.395,-7.740E-3,-7.503E-2
18.412,-1.099E-2,-7.460E-2
18.429,-1.327E-2,-7.443E-2
18.445,-1.433E-2,-7.434E-2
18.462,-1.422E-2,-7.425E-2
18.479,-1.292E-2,-7.452E-2
18.496,-1.044E-2,-7.484E-2
18.513,-6.939E-3,-7.510E-2
18.530,-2.438E-3,-7.547E-2
18.546,2.764E-3,-7.583E-2
18.563,8.556E-3,-7.603E-2
18.580,1.457E-2,-7.610E-2
18.597,2.089E-2,-7.605E-2
18.614,2.727E-2,-7.585E-2
18.631,3.310E-2,-7.545E-2
18.648,3.856E-2,-7.493E-2
18.664,4.338E-2,-7.432E-2
18.681,4.716E-2,-7.376E-2
18.698,5.000E-2,-7.330E-2
18.715,5.172E-2,-7.293E-2
18.732,5.225E-2,-7.290E-2
18.749,5.160E-2,-7.296E-2
18.765,4.973E-2,-7.327E-2
18.782,4.679E-2,-7.379E-2
18.799,4.277E-2,-7.430E-2
18.816,3.795E-2,-7.495E-2
18.833,3.261E-2,-7.542E-2
18.850,2.676E-2,-7.582E-2
18.866,2.051E-2,-7.610E-2
18.883,1.421E-2,-7.611E-2
18.900,8.156E-3,-7.609E-2
18.917,2.532E-3,-7.590E-2
18.934,-2.515E-3,-7.556E-2
18.951,-6.880E-3,-7.522E-2
18.968,-1.028E-2,-7.480E-2
18.984,-1.258E-2,-7.452E-2
19.001,-1.381E-2,-7.435E-2
19.018,-1.387E-2,-7.435E-2
19.035,-1.269E-2,-7.448E-2
19.052,-1.038E-2,-7.480E-2
19.069,-6.999E-3,-7.512E-2
19.085,-2.658E-3,-7.553E-2
19.102,2.289E-3,-7.583E-2
19.119,8.040E-3,-7.603E-2
19.136,1.387E-2,-7.617E-2
19.153,2.027E-2,-7.611E-2
19.170,2.637E-2,-7.590E-2
19.187,3.238E-2,-7.550E-2
19.203,3.788E-2,-7.497E-2
19.220,4.269E-2,-7.435E-2
19.237,4.656E-2,-7.381E-2
19.254,4.945E-2,-7.330E-2
19.271,5.123E-2,-7.298E-2
19.288,5.191E-2,-7.289E-2
19.304,5.133E-2,-7.294E-2
19.321,4.959E-2,-7.321E-2
19.338,4.690E-2,-7.371E-2
19.355,4.298E-2,-7.431E-2
19.372,3.826E-2,-7.486E-2
19.389,3.296E-2,-7.537E-2
19.406,2.711E-2,-7.574E-2
19.422,2.101E-2,-7.600E-2
19.439,1.482E-2,-7.606E-2
19.456,8.780E-3,-7.606E-2
19.473,3.077E-3,-7.585E-2
19.490,-2.038E-3,-7.550E-2
19.507,-6.350E-3,-7.519E-2
19.523,-9.846E-3,-7.482E-2
19.540,-1.228E-2,-7.454E-2
19.557,-1.362E-2,-7.437E-2
19.574,-1.378E-2,-7.433E-2
19.591,-1.273E-2,-7.454E-2
19.608,-1.054E-2,-7.476E-2
19.625,-7.407E-3,-7.509E-2
19.641,-3.152E-3,-7.544E-2
19.658,1.812E-3,-7.576E-2
19.675,7.379E-3,-7.595E-2
19.692,1.344E-2,-7.609E-2
19.709,1.947E-2,-7.609E-2
19.726,2.572E-2,-7.588E-2
19.742,3.170E-2,-7.551E-2
19.759,3.709E-2,-7.507E-2
19.776,4.194E-2,-7.445E-2
19.793,4.595E-2,-7.394E-2
19.810,4.890E-2,-7.346E-2
19.827,5.086E-2,-7.312E-2
19.844,5.160E-2,-7.298E-2
19.860,5.122E-2,-7.300E-2
19.877,4.968E-2,-7.330E-2
19.894,4.701E-2,-7.374E-2
19.911,4.333E-2,-7.419E-2
19.928,3.883E-2,-7.481E-2
19.945,3.355E-2,-7.532E-2
19.961,2.776E-2,-7.570E-2
19.978,2.172E-2,-7.594E-2
19.995,1.563E-2,-7.611E-2
20.012,9.599E-3,-7.610E-2
20.029,3.946E-3,-7.591E-2
20.046,-1.188E-3,-7.561E-2
20.062,-5.631E-3,-7.524E-2
20.079,-9.233E-3,-7.494E-2
20.096,-1.175E-2,-7.463E-2
20.113,-1.316E-2,-7.454E-2
20.130,-1.343E-2,-7.443E-2
20.147,-1.249E-2,-7.452E-2
20.164,-1.047E-2,-7.478E-2
20.180,-7.359E-3,-7.514E-2
20.197,-3.290E-3,-7.548E-2
20.214,1.459E-3,-7.580E-2
