,mass A,,
t,x,y,
0.000,-7.227E-3,-8.356E-2
0.017,-7.144E-3,-8.373E-2
0.034,-7.132E-3,-8.392E-2
0.051,-7.504E-3,-8.383E-2
0.067,-7.794E-3,-8.358E-2
0.084,-7.934E-3,-8.353E-2
0.101,-7.852E-3,-8.374E-2
0.118,-7.626E-3,-8.393E-2
0.135,-7.816E-3,-8.378E-2
0.152,-7.857E-3,-8.357E-2
0.168,-7.602E-3,-8.354E-2
0.185,-7.681E-3,-8.361E-2
0.202,-7.360E-3,-8.374E-2
0.219,-7.228E-3,-8.376E-2
0.236,-7.349E-3,-8.354E-2
0.253,-7.357E-3,-8.353E-2
0.269,-7.594E-3,-8.355E-2
0.286,-7.560E-3,-8.375E-2
0.303,-7.674E-3,-8.377E-2
0.320,-7.936E-3,-8.354E-2
0.337,-8.063E-3,-8.341E-2
0.354,-7.712E-3,-8.360E-2
0.371,-7.333E-3,-8.369E-2
0.387,-7.343E-3,-8.370E-2
0.404,-7.478E-3,-8.360E-2
0.421,-7.438E-3,-8.356E-2
0.438,-7.451E-3,-8.358E-2
0.455,-7.506E-3,-8.361E-2
0.472,-7.500E-3,-8.360E-2
0.488,-7.600E-3,-8.356E-2
0.505,-7.577E-3,-8.354E-2
0.522,-7.759E-3,-8.357E-2
0.539,-7.562E-3,-8.372E-2
0.556,-7.604E-3,-8.373E-2
0.573,-7.712E-3,-8.362E-2
0.589,-7.593E-3,-8.356E-2
0.606,-7.597E-3,-8.358E-2
0.623,-7.346E-3,-8.372E-2
0.640,-7.518E-3,-8.362E-2
0.657,-7.561E-3,-8.357E-2
0.674,-7.434E-3,-8.354E-2
0.691,-7.409E-3,-8.355E-2
0.707,-7.622E-3,-8.359E-2
0.724,-7.674E-3,-8.359E-2
0.741,-7.616E-3,-8.358E-2
0.758,-7.497E-3,-8.360E-2
0.775,-7.360E-3,-8.358E-2
0.792,-6.926E-3,-8.370E-2
0.808,-6.729E-3,-8.372E-2
0.825,-6.593E-3,-8.375E-2
0.842,-6.455E-3,-8.375E-2
0.859,-6.406E-3,-8.373E-2
0.876,-6.440E-3,-8.376E-2
0.893,-6.597E-3,-8.372E-2
0.909,-7.056E-3,-8.360E-2
0.926,-7.231E-3,-8.360E-2
0.943,-7.213E-3,-8.359E-2
0.960,-7.022E-3,-8.372E-2
0.977,-6.984E-3,-8.372E-2
0.994,-7.264E-3,-8.362E-2
1.011,-7.116E-3,-8.363E-2
1.027,-6.689E-3,-8.377E-2
1.044,-6.629E-3,-8.377E-2
1.061,-6.504E-3,-8.377E-2
1.078,-6.363E-3,-8.373E-2
1.095,-6.364E-3,-8.374E-2
1.112,-6.445E-3,-8.377E-2
1.128,-6.341E-3,-8.373E-2
1.145,-6.448E-3,-8.374E-2
1.162,-6.518E-3,-8.379E-2
1.179,-6.540E-3,-8.371E-2
1.196,-6.642E-3,-8.375E-2
1.213,-6.832E-3,-8.376E-2
1.229,-7.025E-3,-8.377E-2
1.246,-7.183E-3,-8.373E-2
1.263,-7.319E-3,-8.380E-2
1.280,-7.316E-3,-8.376E-2
1.297,-7.346E-3,-8.370E-2
1.314,-7.395E-3,-8.373E-2
1.331,-7.346E-3,-8.370E-2
1.347,-7.288E-3,-8.376E-2
1.364,-7.144E-3,-8.372E-2
1.381,-7.205E-3,-8.371E-2
1.398,-7.511E-3,-8.362E-2
1.415,-7.496E-3,-8.362E-2
1.432,-7.078E-3,-8.375E-2
1.448,-7.059E-3,-8.375E-2
1.465,-7.172E-3,-8.373E-2
1.482,-7.228E-3,-8.373E-2
1.499,-7.275E-3,-8.377E-2
1.516,-7.239E-3,-8.375E-2
1.533,-7.294E-3,-8.377E-2
1.549,-7.414E-3,-8.375E-2
1.566,-7.423E-3,-8.373E-2
1.583,-7.464E-3,-8.376E-2
1.600,-7.435E-3,-8.374E-2
1.617,-7.690E-3,-8.363E-2
1.634,-7.624E-3,-8.359E-2
1.651,-7.579E-3,-8.356E-2
1.667,-7.665E-3,-8.361E-2
1.684,-7.688E-3,-8.362E-2
1.701,-7.653E-3,-8.359E-2
1.718,-7.695E-3,-8.360E-2
1.735,-7.762E-3,-8.359E-2
1.752,-7.751E-3,-8.357E-2
1.768,-7.759E-3,-8.357E-2
1.785,-7.852E-3,-8.356E-2
1.802,-7.925E-3,-8.356E-2
1.819,-8.454E-3,-8.340E-2
1.836,-8.923E-3,-8.341E-2
1.853,-9.214E-3,-8.333E-2
1.869,-9.744E-3,-8.314E-2
1.886,-1.033E-2,-8.318E-2
1.903,-1.055E-2,-8.312E-2
1.920,-1.061E-2,-8.313E-2
1.937,-1.060E-2,-8.316E-2
1.954,-1.054E-2,-8.322E-2
1.971,-1.042E-2,-8.316E-2
1.987,-1.015E-2,-8.316E-2
2.004,-1.006E-2,-8.321E-2
2.021,-9.609E-3,-8.334E-2
2.038,-9.488E-3,-8.335E-2
2.055,-9.833E-3,-8.318E-2
2.072,-1.010E-2,-8.320E-2
2.088,-1.019E-2,-8.312E-2
2.105,-1.030E-2,-8.318E-2
2.122,-1.028E-2,-8.317E-2
2.139,-1.015E-2,-8.312E-2
2.156,-1.004E-2,-8.317E-2
2.173,-9.887E-3,-8.321E-2
2.189,-9.830E-3,-8.320E-2
2.206,-9.492E-3,-8.336E-2
2.223,-9.738E-3,-8.320E-2
2.240,-9.890E-3,-8.321E-2
2.257,-9.955E-3,-8.316E-2
2.274,-1.012E-2,-8.319E-2
2.291,-1.019E-2,-8.317E-2
2.307,-1.024E-2,-8.316E-2
2.324,-1.021E-2,-8.314E-2
2.341,-1.022E-2,-8.313E-2
2.358,-1.015E-2,-8.312E-2
2.375,-1.022E-2,-8.316E-2
2.392,-1.011E-2,-8.319E-2
2.408,-9.961E-3,-8.314E-2
2.425,-9.956E-3,-8.315E-2
2.442,-9.977E-3,-8.316E-2
2.459,-1.009E-2,-8.319E-2
2.476,-1.007E-2,-8.317E-2
2.493,-1.018E-2,-8.315E-2
2.509,-1.017E-2,-8.314E-2
2.526,-1.013E-2,-8.318E-2
2.543,-1.014E-2,-8.321E-2
2.560,-1.014E-2,-8.321E-2
2.577,-1.005E-2,-8.318E-2
2.594,-1.004E-2,-8.315E-2
2.611,-9.966E-3,-8.314E-2
2.627,-1.005E-2,-8.319E-2
2.644,-9.865E-3,-8.318E-2
2.661,-9.803E-3,-8.316E-2
2.678,-9.841E-3,-8.317E-2
2.695,-9.835E-3,-8.317E-2
2.712,-9.773E-3,-8.314E-2
2.728,-9.824E-3,-8.317E-2
2.745,-9.864E-3,-8.317E-2
2.762,-9.858E-3,-8.316E-2
2.779,-9.749E-3,-8.314E-2
2.796,-9.764E-3,-8.316E-2
2.813,-9.551E-3,-8.312E-2
2.829,-9.478E-3,-8.321E-2
2.846,-9.181E-3,-8.317E-2
2.863,-8.627E-3,-8.333E-2
2.880,-8.461E-3,-8.337E-2
2.897,-8.344E-3,-8.334E-2
2.914,-8.082E-3,-8.340E-2
2.931,-7.877E-3,-8.342E-2
2.947,-7.446E-3,-8.354E-2
2.964,-7.344E-3,-8.349E-2
2.981,-7.374E-3,-8.352E-2
2.998,-7.377E-3,-8.350E-2
3.015,-7.549E-3,-8.355E-2
3.032,-7.466E-3,-8.358E-2
3.048,-7.528E-3,-8.360E-2
3.065,-7.572E-3,-8.355E-2
3.082,-7.582E-3,-8.352E-2
3.099,-7.389E-3,-8.353E-2
3.116,-7.347E-3,-8.351E-2
3.133,-7.331E-3,-8.356E-2
3.149,-7.136E-3,-8.355E-2
3.166,-7.125E-3,-8.361E-2
3.183,-7.079E-3,-8.358E-2
3.200,-7.153E-3,-8.354E-2
3.217,-7.481E-3,-8.358E-2
3.234,-7.557E-3,-8.351E-2
3.251,-7.727E-3,-8.356E-2
3.267,-7.745E-3,-8.351E-2
3.284,-7.757E-3,-8.349E-2
3.301,-7.635E-3,-8.356E-2
3.318,-7.615E-3,-8.357E-2
3.335,-7.344E-3,-8.354E-2
3.352,-7.043E-3,-8.359E-2
3.368,-7.072E-3,-8.361E-2
3.385,-6.778E-3,-8.358E-2
3.402,-6.692E-3,-8.363E-2
3.419,-6.710E-3,-8.361E-2
3.436,-6.787E-3,-8.358E-2
3.453,-6.937E-3,-8.357E-2
3.469,-7.060E-3,-8.356E-2
3.486,-7.217E-3,-8.355E-2
3.503,-7.336E-3,-8.354E-2
3.520,-7.345E-3,-8.355E-2
3.537,-7.395E-3,-8.355E-2
3.554,-7.185E-3,-8.353E-2
3.571,-7.205E-3,-8.356E-2
3.587,-7.110E-3,-8.359E-2
3.604,-7.008E-3,-8.356E-2
3.621,-7.022E-3,-8.357E-2
3.638,-6.956E-3,-8.359E-2
3.655,-6.875E-3,-8.359E-2
3.672,-6.826E-3,-8.356E-2
3.688,-6.755E-3,-8.355E-2
3.705,-6.807E-3,-8.357E-2
3.722,-6.835E-3,-8.358E-2
3.739,-6.876E-3,-8.362E-2
3.756,-6.843E-3,-8.361E-2
3.773,-6.903E-3,-8.359E-2
3.789,-6.887E-3,-8.363E-2
3.806,-6.917E-3,-8.363E-2
3.823,-6.947E-3,-8.358E-2
3.840,-6.951E-3,-8.356E-2
3.857,-7.013E-3,-8.358E-2
3.874,-7.009E-3,-8.358E-2
3.891,-7.011E-3,-8.355E-2
3.907,-6.952E-3,-8.354E-2
3.924,-6.969E-3,-8.357E-2
3.941,-6.864E-3,-8.361E-2
3.958,-6.803E-3,-8.359E-2
3.975,-6.825E-3,-8.362E-2
3.992,-6.770E-3,-8.359E-2
4.008,-6.791E-3,-8.359E-2
4.025,-6.860E-3,-8.362E-2
4.042,-6.860E-3,-8.359E-2
4.059,-6.867E-3,-8.357E-2
4.076,-6.867E-3,-8.359E-2
4.093,-6.874E-3,-8.358E-2
4.109,-6.892E-3,-8.358E-2
4.126,-6.890E-3,-8.359E-2
4.143,-7.017E-3,-8.359E-2
4.160,-6.988E-3,-8.355E-2
4.177,-7.174E-3,-8.356E-2
4.194,-7.148E-3,-8.356E-2
4.211,-7.242E-3,-8.357E-2
4.227,-7.356E-3,-8.357E-2
4.244,-7.418E-3,-8.356E-2
4.261,-7.518E-3,-8.358E-2
4.278,-7.726E-3,-8.361E-2
4.295,-7.673E-3,-8.359E-2
4.312,-7.697E-3,-8.357E-2
4.328,-7.845E-3,-8.355E-2
4.345,-7.838E-3,-8.355E-2
4.362,-7.811E-3,-8.353E-2
4.379,-7.782E-3,-8.357E-2
4.396,-7.657E-3,-8.355E-2
4.413,-7.616E-3,-8.356E-2
4.429,-7.704E-3,-8.357E-2
4.446,-7.685E-3,-8.354E-2
4.463,-7.721E-3,-8.359E-2
4.480,-7.688E-3,-8.356E-2
4.497,-7.628E-3,-8.354E-2
4.514,-7.570E-3,-8.354E-2
4.531,-7.614E-3,-8.358E-2
4.547,-7.663E-3,-8.360E-2
4.564,-7.673E-3,-8.356E-2
4.581,-7.714E-3,-8.362E-2
4.598,-7.733E-3,-8.356E-2
4.615,-7.767E-3,-8.358E-2
4.632,-7.751E-3,-8.354E-2
4.648,-7.790E-3,-8.355E-2
4.665,-7.814E-3,-8.353E-2
4.682,-7.830E-3,-8.356E-2
4.699,-7.867E-3,-8.358E-2
4.716,-7.845E-3,-8.356E-2
4.733,-7.722E-3,-8.359E-2
4.749,-7.606E-3,-8.356E-2
4.766,-7.597E-3,-8.356E-2
4.783,-7.573E-3,-8.357E-2
4.800,-7.549E-3,-8.356E-2
4.817,-7.636E-3,-8.354E-2
4.834,-7.626E-3,-8.357E-2
4.851,-7.628E-3,-8.358E-2
4.867,-7.716E-3,-8.359E-2
4.884,-7.697E-3,-8.360E-2
4.901,-7.721E-3,-8.360E-2
4.918,-7.692E-3,-8.359E-2
4.935,-7.684E-3,-8.357E-2
4.952,-7.688E-3,-8.359E-2
4.968,-7.697E-3,-8.360E-2
4.985,-7.624E-3,-8.358E-2
5.002,-7.579E-3,-8.357E-2
5.019,-7.614E-3,-8.358E-2
5.036,-7.658E-3,-8.359E-2
5.053,-7.625E-3,-8.360E-2
5.069,-7.598E-3,-8.355E-2
5.086,-7.666E-3,-8.352E-2
5.103,-7.595E-3,-8.354E-2
5.120,-7.654E-3,-8.356E-2
5.137,-7.695E-3,-8.358E-2
5.154,-7.648E-3,-8.357E-2
5.171,-7.537E-3,-8.353E-2
5.187,-7.714E-3,-8.363E-2
5.204,-7.537E-3,-8.352E-2
5.221,-7.638E-3,-8.357E-2
5.238,-7.583E-3,-8.353E-2
5.255,-7.731E-3,-8.355E-2
5.272,-7.793E-3,-8.357E-2
5.288,-7.789E-3,-8.356E-2
5.305,-7.660E-3,-8.359E-2
5.322,-7.428E-3,-8.359E-2
5.339,-6.969E-3,-8.358E-2
5.356,-5.909E-3,-8.377E-2
5.373,-4.241E-3,-8.397E-2
5.389,-1.949E-3,-8.417E-2
5.406,2.005E-3,-8.459E-2
5.423,6.703E-3,-8.478E-2
5.440,1.280E-2,-8.518E-2
5.457,1.903E-2,-8.517E-2
5.474,2.532E-2,-8.517E-2
5.491,3.025E-2,-8.473E-2
5.507,3.321E-2,-8.417E-2
5.524,3.487E-2,-8.396E-2
5.541,3.437E-2,-8.398E-2
5.558,3.169E-2,-8.415E-2
5.575,2.757E-2,-8.459E-2
5.592,2.222E-2,-8.490E-2
5.608,1.602E-2,-8.503E-2
5.625,9.723E-3,-8.480E-2
5.642,4.663E-3,-8.470E-2
5.659,4.315E-4,-8.437E-2
5.676,-1.553E-3,-8.430E-2
5.693,-1.938E-3,-8.414E-2
5.709,6.283E-5,-8.438E-2
5.726,4.208E-3,-8.472E-2
5.743,9.026E-3,-8.485E-2
5.760,1.521E-2,-8.496E-2
5.777,2.099E-2,-8.479E-2
5.794,2.827E-2,-8.210E-2
5.811,3.228E-2,-8.172E-2
5.827,3.328E-2,-8.375E-2
5.844,3.405E-2,-8.372E-2
5.861,3.274E-2,-8.393E-2
5.878,3.100E-2,-8.195E-2
5.895,2.666E-2,-8.227E-2
5.912,2.110E-2,-8.256E-2
5.928,1.553E-2,-8.254E-2
5.945,1.027E-2,-8.250E-2
5.962,5.827E-3,-8.235E-2
5.979,2.924E-3,-8.209E-2
5.996,1.552E-3,-8.199E-2
6.013,2.284E-3,-8.194E-2
6.029,4.915E-3,-8.210E-2
6.046,9.120E-3,-8.232E-2
6.063,1.467E-2,-8.257E-2
6.080,2.046E-2,-8.256E-2
6.097,2.592E-2,-8.232E-2
6.114,3.026E-2,-8.190E-2
6.131,3.362E-2,-8.157E-2
6.147,3.526E-2,-8.132E-2
6.164,3.495E-2,-8.137E-2
6.181,3.271E-2,-8.161E-2
6.198,2.904E-2,-8.195E-2
6.215,2.422E-2,-8.230E-2
6.232,1.868E-2,-8.254E-2
6.248,1.318E-2,-8.252E-2
6.265,8.193E-3,-8.237E-2
6.282,4.041E-3,-8.199E-2
6.299,2.173E-3,-8.194E-2
6.316,1.946E-3,-8.195E-2
6.333,3.540E-3,-8.202E-2
6.350,7.237E-3,-8.232E-2
6.366,1.172E-2,-8.237E-2
6.383,1.749E-2,-8.253E-2
6.400,2.314E-2,-8.253E-2
6.417,2.814E-2,-8.215E-2
6.434,3.204E-2,-8.171E-2
6.451,3.433E-2,-8.139E-2
6.467,3.521E-2,-8.132E-2
6.484,3.388E-2,-8.137E-2
6.501,3.110E-2,-8.175E-2
6.518,2.685E-2,-8.209E-2
6.535,2.188E-2,-8.256E-2
6.552,1.652E-2,-8.273E-2
6.568,1.093E-2,-8.254E-2
6.585,6.483E-3,-8.232E-2
6.602,3.183E-3,-8.199E-2
6.619,-8.753E-4,-8.443E-2
6.636,3.286E-5,-8.453E-2
6.653,2.721E-3,-8.471E-2
6.670,6.907E-3,-8.495E-2
6.686,1.469E-2,-8.277E-2
6.703,2.035E-2,-8.274E-2
6.720,2.580E-2,-8.252E-2
6.737,3.027E-2,-8.211E-2
6.754,3.344E-2,-8.175E-2
6.771,3.512E-2,-8.148E-2
6.787,3.494E-2,-8.157E-2
6.804,3.298E-2,-8.178E-2
6.821,2.946E-2,-8.211E-2
6.838,2.478E-2,-8.254E-2
6.855,1.945E-2,-8.278E-2
6.872,1.390E-2,-8.274E-2
6.888,9.043E-3,-8.259E-2
6.905,5.275E-3,-8.235E-2
6.922,2.955E-3,-8.217E-2
6.939,2.584E-3,-8.213E-2
6.956,4.008E-3,-8.219E-2
6.973,7.247E-3,-8.237E-2
6.990,1.180E-2,-8.260E-2
7.006,1.728E-2,-8.276E-2
7.023,2.251E-2,-8.257E-2
7.040,2.789E-2,-8.234E-2
7.057,3.183E-2,-8.194E-2
7.074,3.416E-2,-8.157E-2
7.091,3.490E-2,-8.133E-2
7.107,3.398E-2,-8.154E-2
7.124,3.121E-2,-8.176E-2
7.141,2.718E-2,-8.217E-2
7.158,2.231E-2,-8.257E-2
7.175,1.726E-2,-8.276E-2
7.192,1.173E-2,-8.252E-2
7.208,7.235E-3,-8.233E-2
7.225,4.086E-3,-8.210E-2
7.242,2.852E-3,-8.210E-2
7.259,3.133E-3,-8.210E-2
7.276,5.467E-3,-8.231E-2
7.293,9.138E-3,-8.252E-2
7.310,1.428E-2,-8.275E-2
7.326,1.999E-2,-8.292E-2
7.343,2.477E-2,-8.253E-2
7.360,2.963E-2,-8.232E-2
7.377,3.461E-2,-8.256E-2
7.394,3.639E-2,-8.237E-2
7.411,3.647E-2,-8.236E-2
7.427,3.472E-2,-8.255E-2
7.444,3.145E-2,-8.294E-2
7.461,2.701E-2,-8.335E-2
7.478,2.169E-2,-8.355E-2
7.495,1.640E-2,-8.354E-2
7.512,1.152E-2,-8.351E-2
7.528,7.730E-3,-8.332E-2
7.545,1.109E-3,-8.498E-2
7.562,9.830E-4,-8.519E-2
7.579,2.133E-3,-8.523E-2
7.596,5.203E-3,-8.539E-2
7.613,9.846E-3,-8.558E-2
7.630,1.501E-2,-8.563E-2
7.646,2.037E-2,-8.538E-2
7.663,2.850E-2,-8.315E-2
7.680,3.242E-2,-8.279E-2
7.697,3.300E-2,-8.459E-2
7.714,3.429E-2,-8.454E-2
7.731,3.337E-2,-8.460E-2
7.747,3.098E-2,-8.496E-2
7.764,2.935E-2,-8.315E-2
7.781,2.406E-2,-8.335E-2
7.798,1.896E-2,-8.356E-2
7.815,1.402E-2,-8.357E-2
7.832,7.044E-3,-8.576E-2
7.848,3.165E-3,-8.538E-2
7.865,1.255E-3,-8.516E-2
7.882,1.410E-3,-8.517E-2
7.899,3.712E-3,-8.534E-2
7.916,7.393E-3,-8.557E-2
7.933,1.264E-2,-8.578E-2
7.950,1.802E-2,-8.572E-2
7.966,2.325E-2,-8.550E-2
7.983,3.224E-2,-8.654E-2
8.000,3.147E-2,-8.473E-2
8.017,3.366E-2,-8.455E-2
8.034,3.400E-2,-8.457E-2
8.051,3.257E-2,-8.479E-2
8.067,3.304E-2,-8.636E-2
8.084,2.890E-2,-8.679E-2
8.101,2.340E-2,-8.696E-2
8.118,1.462E-2,-8.596E-2
8.135,9.370E-3,-8.573E-2
8.152,5.130E-3,-8.555E-2
8.168,2.961E-3,-8.557E-2
8.185,2.298E-3,-8.553E-2
8.202,3.125E-3,-8.552E-2
8.219,6.072E-3,-8.575E-2
8.236,9.922E-3,-8.576E-2
8.253,1.532E-2,-8.596E-2
8.270,2.357E-2,-8.678E-2
8.286,2.907E-2,-8.656E-2
8.303,2.989E-2,-8.511E-2
8.320,3.271E-2,-8.474E-2
8.337,3.437E-2,-8.478E-2
8.354,3.374E-2,-8.480E-2
8.371,3.127E-2,-8.493E-2
8.387,2.699E-2,-8.515E-2
8.404,2.634E-2,-8.679E-2
8.421,2.094E-2,-8.696E-2
8.438,1.576E-2,-8.696E-2
8.455,1.145E-2,-8.696E-2
8.472,4.201E-3,-8.559E-2
8.488,2.582E-3,-8.556E-2
8.505,2.653E-3,-8.554E-2
8.522,4.188E-3,-8.559E-2
8.539,7.717E-3,-8.573E-2
8.556,1.194E-2,-8.575E-2
8.573,2.077E-2,-8.694E-2
8.590,2.807E-2,-8.735E-2
8.606,3.124E-2,-8.656E-2
8.623,3.495E-2,-8.621E-2
8.640,3.455E-2,-8.516E-2
8.657,3.418E-2,-8.477E-2
8.674,3.303E-2,-8.495E-2
8.691,3.048E-2,-8.534E-2
8.707,2.581E-2,-8.555E-2
8.724,2.055E-2,-8.575E-2
8.741,1.675E-2,-8.635E-2
8.758,1.398E-2,-8.695E-2
8.775,8.451E-3,-8.637E-2
8.792,6.852E-3,-8.655E-2
8.808,5.931E-3,-8.652E-2
8.825,6.455E-3,-8.657E-2
8.842,9.230E-3,-8.678E-2
8.859,1.285E-2,-8.679E-2
8.876,1.523E-2,-8.617E-2
8.893,2.026E-2,-8.597E-2
8.910,2.884E-2,-8.675E-2
8.926,2.914E-2,-8.517E-2
8.943,3.200E-2,-8.477E-2
8.960,3.338E-2,-8.456E-2
8.977,3.314E-2,-8.458E-2
8.994,3.120E-2,-8.478E-2
9.011,2.856E-2,-8.535E-2
9.027,2.344E-2,-8.554E-2
9.044,1.830E-2,-8.576E-2
9.061,1.370E-2,-8.595E-2
9.078,9.329E-3,-8.594E-2
9.095,4.232E-3,-8.538E-2
9.112,2.639E-3,-8.536E-2
9.128,2.427E-3,-8.536E-2
9.145,3.722E-3,-8.534E-2
9.162,6.905E-3,-8.554E-2
9.179,1.151E-2,-8.576E-2
9.196,1.647E-2,-8.578E-2
9.213,2.158E-2,-8.557E-2
9.230,2.612E-2,-8.520E-2
9.246,2.971E-2,-8.479E-2
9.263,3.238E-2,-8.456E-2
9.280,3.319E-2,-8.455E-2
9.297,3.246E-2,-8.472E-2
9.314,2.968E-2,-8.493E-2
9.331,2.585E-2,-8.533E-2
9.347,2.081E-2,-8.552E-2
9.364,1.545E-2,-8.560E-2
9.381,1.096E-2,-8.573E-2
9.398,6.625E-3,-8.556E-2
9.415,3.659E-3,-8.538E-2
9.432,2.037E-3,-8.517E-2
9.448,2.415E-3,-8.520E-2
9.465,4.652E-3,-8.536E-2
9.482,8.514E-3,-8.554E-2
9.499,1.288E-2,-8.553E-2
9.516,1.799E-2,-8.552E-2
9.533,2.646E-2,-8.655E-2
9.550,2.779E-2,-8.518E-2
9.566,3.500E-2,-8.617E-2
9.583,3.668E-2,-8.596E-2
9.600,3.668E-2,-8.596E-2
9.617,3.506E-2,-8.616E-2
9.634,2.801E-2,-8.516E-2
9.651,2.755E-2,-8.678E-2
9.667,1.940E-2,-8.592E-2
9.684,1.435E-2,-8.593E-2
9.701,9.949E-3,-8.593E-2
9.718,6.209E-3,-8.578E-2
9.735,3.136E-3,-8.540E-2
9.752,2.553E-3,-8.538E-2
9.768,3.556E-3,-8.539E-2
9.785,6.507E-3,-8.555E-2
9.802,1.086E-2,-8.576E-2
9.819,1.593E-2,-8.593E-2
9.836,2.072E-2,-8.576E-2
9.853,2.872E-2,-8.661E-2
9.870,3.303E-2,-8.637E-2
9.886,3.168E-2,-8.472E-2
9.903,3.298E-2,-8.477E-2
9.920,3.274E-2,-8.498E-2
9.937,2.987E-2,-8.493E-2
9.954,2.642E-2,-8.534E-2
9.971,2.224E-2,-8.576E-2
9.987,1.732E-2,-8.595E-2
10.004,1.235E-2,-8.596E-2
10.021,7.896E-3,-8.573E-2
10.038,4.710E-3,-8.555E-2
10.055,2.858E-3,-8.538E-2
10.072,2.977E-3,-8.538E-2
10.088,4.990E-3,-8.558E-2
10.105,8.447E-3,-8.576E-2
10.122,1.260E-2,-8.580E-2
10.139,1.762E-2,-8.572E-2
10.156,2.247E-2,-8.557E-2
10.173,2.660E-2,-8.516E-2
10.190,3.021E-2,-8.494E-2
10.206,3.220E-2,-8.478E-2
10.223,3.269E-2,-8.472E-2
10.240,3.244E-2,-8.535E-2
10.257,2.860E-2,-8.518E-2
10.274,2.472E-2,-8.557E-2
10.291,1.995E-2,-8.576E-2
10.307,1.487E-2,-8.576E-2
10.324,1.021E-2,-8.578E-2
10.341,6.852E-3,-8.574E-2
10.358,4.250E-3,-8.556E-2
10.375,3.479E-3,-8.555E-2
10.392,4.104E-3,-8.554E-2
10.408,6.570E-3,-8.578E-2
10.425,1.008E-2,-8.579E-2
10.442,1.455E-2,-8.574E-2
10.459,2.077E-2,-8.614E-2
10.476,2.483E-2,-8.574E-2
10.493,3.232E-2,-8.658E-2
10.510,3.076E-2,-8.480E-2
10.526,3.679E-2,-8.617E-2
10.543,3.209E-2,-8.471E-2
10.560,3.431E-2,-8.634E-2
10.577,3.072E-2,-8.662E-2
10.594,2.612E-2,-8.681E-2
10.611,1.839E-2,-8.593E-2
10.627,1.357E-2,-8.594E-2
10.644,9.384E-3,-8.599E-2
10.661,5.829E-3,-8.576E-2
10.678,3.757E-3,-8.560E-2
10.695,3.599E-3,-8.558E-2
10.712,4.867E-3,-8.556E-2
10.728,7.536E-3,-8.555E-2
10.745,1.181E-2,-8.580E-2
10.762,1.654E-2,-8.577E-2
10.779,2.131E-2,-8.559E-2
10.796,2.570E-2,-8.539E-2
10.813,2.954E-2,-8.518E-2
10.830,3.180E-2,-8.495E-2
10.846,3.226E-2,-8.474E-2
10.863,3.114E-2,-8.478E-2
10.880,2.897E-2,-8.517E-2
10.897,2.844E-2,-8.657E-2
10.914,2.389E-2,-8.681E-2
10.931,1.584E-2,-8.580E-2
10.947,1.241E-2,-8.619E-2
10.964,8.378E-3,-8.598E-2
10.981,6.097E-3,-8.595E-2
10.998,3.328E-3,-8.533E-2
11.015,4.091E-3,-8.555E-2
11.032,5.947E-3,-8.554E-2
11.048,9.419E-3,-8.576E-2
11.065,1.404E-2,-8.597E-2
11.082,2.214E-2,-8.698E-2
11.099,2.322E-2,-8.553E-2
11.116,2.854E-2,-8.577E-2
11.133,3.022E-2,-8.497E-2
11.150,3.266E-2,-8.514E-2
11.166,3.283E-2,-8.516E-2
11.183,3.077E-2,-8.517E-2
11.200,2.864E-2,-8.573E-2
11.217,2.398E-2,-8.574E-2
11.234,1.934E-2,-8.597E-2
11.251,1.497E-2,-8.614E-2
11.267,1.157E-2,-8.634E-2
11.284,6.549E-3,-8.574E-2
11.301,4.272E-3,-8.557E-2
11.318,3.857E-3,-8.556E-2
11.335,4.843E-3,-8.558E-2
11.352,7.601E-3,-8.578E-2
11.368,1.101E-2,-8.579E-2
11.385,1.598E-2,-8.592E-2
11.402,2.340E-2,-8.675E-2
11.419,2.496E-2,-8.555E-2
11.436,2.887E-2,-8.531E-2
11.453,3.096E-2,-8.500E-2
11.470,3.224E-2,-8.493E-2
11.486,3.160E-2,-8.497E-2
11.503,3.299E-2,-8.639E-2
11.520,2.994E-2,-8.677E-2
11.537,2.496E-2,-8.677E-2
11.554,2.052E-2,-8.700E-2
11.571,1.589E-2,-8.699E-2
11.587,9.899E-3,-8.615E-2
11.604,6.670E-3,-8.596E-2
11.621,7.432E-3,-8.658E-2
11.638,7.412E-3,-8.660E-2
11.655,8.720E-3,-8.656E-2
11.672,1.266E-2,-8.697E-2
11.688,1.629E-2,-8.696E-2
11.705,1.904E-2,-8.638E-2
11.722,2.543E-2,-8.676E-2
11.739,2.992E-2,-8.661E-2
11.756,3.330E-2,-8.635E-2
11.773,3.534E-2,-8.621E-2
11.790,3.577E-2,-8.617E-2
11.806,3.433E-2,-8.622E-2
11.823,3.207E-2,-8.656E-2
11.840,2.826E-2,-8.677E-2
11.857,2.356E-2,-8.696E-2
11.874,1.865E-2,-8.700E-2
11.891,1.446E-2,-8.699E-2
11.907,1.132E-2,-8.696E-2
11.924,8.758E-3,-8.676E-2
11.941,8.029E-3,-8.679E-2
11.958,8.612E-3,-8.681E-2
11.975,1.051E-2,-8.678E-2
11.992,1.406E-2,-8.700E-2
12.008,1.834E-2,-8.698E-2
12.025,2.239E-2,-8.679E-2
12.042,2.738E-2,-8.675E-2
12.059,3.143E-2,-8.654E-2
12.076,3.436E-2,-8.637E-2
12.093,3.545E-2,-8.619E-2
12.110,3.586E-2,-8.634E-2
12.126,3.352E-2,-8.640E-2
12.143,3.042E-2,-8.658E-2
12.160,2.704E-2,-8.696E-2
12.177,2.188E-2,-8.700E-2
12.194,1.792E-2,-8.716E-2
12.211,1.397E-2,-8.715E-2
12.227,8.043E-3,-8.617E-2
12.244,9.243E-3,-8.700E-2
12.261,9.128E-3,-8.696E-2
12.278,1.008E-2,-8.700E-2
12.295,1.312E-2,-8.717E-2
12.312,1.698E-2,-8.734E-2
12.328,2.138E-2,-8.735E-2
12.345,2.565E-2,-8.717E-2
12.362,2.991E-2,-8.700E-2
12.379,2.954E-2,-8.560E-2
12.396,3.078E-2,-8.496E-2
12.413,3.608E-2,-8.637E-2
12.430,3.173E-2,-8.541E-2
12.446,2.952E-2,-8.562E-2
12.463,2.649E-2,-8.598E-2
12.480,2.492E-2,-8.699E-2
12.497,1.995E-2,-8.698E-2
12.514,1.560E-2,-8.696E-2
12.531,1.230E-2,-8.697E-2
12.547,9.953E-3,-8.693E-2
12.564,8.830E-3,-8.696E-2
12.581,9.122E-3,-8.694E-2
12.598,1.062E-2,-8.700E-2
12.615,1.344E-2,-8.701E-2
12.632,1.718E-2,-8.698E-2
12.648,2.184E-2,-8.694E-2
12.665,2.610E-2,-8.679E-2
12.682,3.082E-2,-8.675E-2
12.699,3.384E-2,-8.654E-2
12.716,3.544E-2,-8.638E-2
12.733,3.560E-2,-8.638E-2
12.750,3.382E-2,-8.637E-2
12.766,3.107E-2,-8.655E-2
12.783,2.722E-2,-8.677E-2
12.800,2.311E-2,-8.699E-2
12.817,1.903E-2,-8.716E-2
12.834,1.515E-2,-8.716E-2
12.851,1.151E-2,-8.698E-2
12.867,9.662E-3,-8.697E-2
12.884,9.072E-3,-8.697E-2
12.901,9.884E-3,-8.698E-2
12.918,1.179E-2,-8.696E-2
12.935,1.542E-2,-8.718E-2
12.952,1.951E-2,-8.717E-2
12.968,2.411E-2,-8.715E-2
12.985,2.773E-2,-8.682E-2
13.002,3.141E-2,-8.656E-2
13.019,3.392E-2,-8.638E-2
13.036,3.491E-2,-8.616E-2
13.053,3.437E-2,-8.621E-2
13.070,3.274E-2,-8.641E-2
13.086,3.004E-2,-8.675E-2
13.103,2.613E-2,-8.699E-2
13.120,2.195E-2,-8.716E-2
13.137,1.431E-2,-8.615E-2
13.154,1.006E-2,-8.596E-2
13.171,1.094E-2,-8.696E-2
13.187,9.462E-3,-8.696E-2
13.204,9.444E-3,-8.699E-2
13.221,1.058E-2,-8.698E-2
13.238,1.279E-2,-8.698E-2
13.255,1.686E-2,-8.718E-2
13.272,2.176E-2,-8.736E-2
13.288,2.615E-2,-8.717E-2
13.305,3.025E-2,-8.696E-2
13.322,3.265E-2,-8.654E-2
13.339,3.083E-2,-8.514E-2
13.356,3.527E-2,-8.634E-2
13.373,3.091E-2,-8.540E-2
13.390,3.188E-2,-8.655E-2
13.406,2.565E-2,-8.593E-2
13.423,2.415E-2,-8.699E-2
13.440,2.032E-2,-8.719E-2
13.457,1.624E-2,-8.719E-2
13.474,1.290E-2,-8.716E-2
13.491,1.020E-2,-8.697E-2
13.507,9.289E-3,-8.695E-2
13.524,9.662E-3,-8.698E-2
13.541,1.140E-2,-8.702E-2
13.558,1.462E-2,-8.717E-2
13.575,1.839E-2,-8.715E-2
13.592,2.211E-2,-8.700E-2
13.608,2.303E-2,-8.573E-2
13.625,3.004E-2,-8.657E-2
13.642,2.913E-2,-8.520E-2
13.659,3.055E-2,-8.499E-2
13.676,3.065E-2,-8.495E-2
13.693,3.378E-2,-8.657E-2
13.710,3.105E-2,-8.676E-2
13.726,2.755E-2,-8.700E-2
13.743,2.318E-2,-8.716E-2
13.760,1.954E-2,-8.736E-2
13.777,1.522E-2,-8.722E-2
13.794,1.164E-2,-8.700E-2
13.811,9.976E-3,-8.700E-2
13.827,9.586E-3,-8.699E-2
13.844,1.047E-2,-8.699E-2
13.861,1.286E-2,-8.716E-2
13.878,1.592E-2,-8.719E-2
13.895,1.991E-2,-8.720E-2
13.912,2.382E-2,-8.697E-2
13.928,2.835E-2,-8.697E-2
13.945,3.131E-2,-8.661E-2
13.962,3.435E-2,-8.656E-2
13.979,3.491E-2,-8.636E-2
13.996,3.435E-2,-8.641E-2
14.013,3.265E-2,-8.657E-2
14.030,3.016E-2,-8.696E-2
14.046,2.573E-2,-8.696E-2
14.063,2.101E-2,-8.698E-2
14.080,1.611E-2,-8.678E-2
14.097,1.090E-2,-8.617E-2
14.114,1.190E-2,-8.717E-2
14.131,1.040E-2,-8.715E-2
14.147,1.049E-2,-8.715E-2
14.164,1.182E-2,-8.721E-2
14.181,1.409E-2,-8.719E-2
14.198,1.738E-2,-8.717E-2
14.215,2.148E-2,-8.720E-2
14.232,2.616E-2,-8.717E-2
14.248,3.016E-2,-8.698E-2
14.265,3.224E-2,-8.656E-2
14.282,3.403E-2,-8.636E-2
14.299,3.467E-2,-8.636E-2
14.316,3.360E-2,-8.638E-2
14.333,3.132E-2,-8.662E-2
14.350,2.856E-2,-8.695E-2
14.366,2.408E-2,-8.700E-2
14.383,2.015E-2,-8.717E-2
14.400,1.628E-2,-8.718E-2
14.417,1.334E-2,-8.714E-2
14.434,1.134E-2,-8.713E-2
14.451,9.993E-3,-8.701E-2
14.467,1.015E-2,-8.696E-2
14.484,1.244E-2,-8.716E-2
14.501,1.509E-2,-8.719E-2
14.518,1.872E-2,-8.718E-2
14.535,2.316E-2,-8.718E-2
14.552,2.714E-2,-8.700E-2
14.568,2.782E-2,-8.595E-2
14.585,3.032E-2,-8.578E-2
14.602,3.164E-2,-8.557E-2
14.619,3.160E-2,-8.557E-2
14.636,2.991E-2,-8.563E-2
14.653,2.778E-2,-8.595E-2
14.670,2.377E-2,-8.597E-2
14.686,1.991E-2,-8.619E-2
14.703,1.550E-2,-8.617E-2
14.720,1.230E-2,-8.634E-2
14.737,9.244E-3,-8.616E-2
14.754,7.119E-3,-8.594E-2
14.771,6.719E-3,-8.593E-2
14.787,7.522E-3,-8.594E-2
14.804,9.466E-3,-8.597E-2
14.821,1.304E-2,-8.617E-2
14.838,1.924E-2,-8.698E-2
14.855,2.366E-2,-8.693E-2
14.872,2.510E-2,-8.600E-2
14.888,3.100E-2,-8.658E-2
14.905,2.994E-2,-8.538E-2
14.922,3.100E-2,-8.536E-2
14.939,3.051E-2,-8.542E-2
14.956,2.886E-2,-8.555E-2
14.973,2.826E-2,-8.656E-2
14.990,2.169E-2,-8.577E-2
15.006,1.784E-2,-8.600E-2
15.023,1.377E-2,-8.593E-2
15.040,1.056E-2,-8.593E-2
15.057,8.140E-3,-8.593E-2
15.074,6.398E-3,-8.578E-2
15.091,6.244E-3,-8.577E-2
15.107,7.438E-3,-8.579E-2
15.124,9.854E-3,-8.578E-2
15.141,1.314E-2,-8.577E-2
15.158,1.841E-2,-8.613E-2
15.175,2.208E-2,-8.598E-2
15.192,2.534E-2,-8.558E-2
15.208,2.812E-2,-8.539E-2
15.225,2.988E-2,-8.513E-2
15.242,2.988E-2,-8.494E-2
15.259,2.871E-2,-8.501E-2
15.276,2.710E-2,-8.539E-2
15.293,2.381E-2,-8.553E-2
15.310,2.018E-2,-8.574E-2
15.326,1.627E-2,-8.596E-2
15.343,1.272E-2,-8.596E-2
15.360,8.903E-3,-8.575E-2
15.377,6.497E-3,-8.556E-2
15.394,5.749E-3,-8.556E-2
15.411,6.183E-3,-8.561E-2
15.427,8.233E-3,-8.575E-2
15.444,1.099E-2,-8.580E-2
15.461,1.498E-2,-8.592E-2
15.478,1.867E-2,-8.576E-2
15.495,2.290E-2,-8.576E-2
15.512,2.583E-2,-8.535E-2
15.528,2.875E-2,-8.536E-2
15.545,2.945E-2,-8.496E-2
15.562,2.993E-2,-8.517E-2
15.579,2.833E-2,-8.519E-2
15.596,2.584E-2,-8.535E-2
15.613,2.289E-2,-8.578E-2
15.630,1.830E-2,-8.559E-2
15.646,1.522E-2,-8.600E-2
15.663,1.213E-2,-8.615E-2
15.680,9.459E-3,-8.616E-2
15.697,7.559E-3,-8.594E-2
15.714,7.032E-3,-8.598E-2
15.731,7.785E-3,-8.599E-2
15.747,9.162E-3,-8.573E-2
15.764,1.266E-2,-8.597E-2
15.781,1.645E-2,-8.597E-2
15.798,2.315E-2,-8.678E-2
15.815,2.676E-2,-8.661E-2
15.832,3.044E-2,-8.656E-2
15.848,2.939E-2,-8.536E-2
15.865,2.996E-2,-8.518E-2
15.882,2.954E-2,-8.519E-2
15.899,3.144E-2,-8.656E-2
15.916,2.863E-2,-8.675E-2
15.933,2.168E-2,-8.580E-2
15.950,1.752E-2,-8.578E-2
15.966,1.407E-2,-8.597E-2
15.983,1.074E-2,-8.596E-2
16.000,8.038E-3,-8.578E-2
16.017,6.836E-3,-8.577E-2
16.034,6.813E-3,-8.579E-2
16.051,8.476E-3,-8.595E-2
16.067,1.083E-2,-8.599E-2
16.084,1.405E-2,-8.599E-2
16.101,1.785E-2,-8.598E-2
16.118,2.190E-2,-8.597E-2
16.135,2.498E-2,-8.557E-2
16.152,2.771E-2,-8.540E-2
16.168,2.980E-2,-8.536E-2
16.185,3.021E-2,-8.536E-2
16.202,2.967E-2,-8.553E-2
16.219,2.773E-2,-8.577E-2
16.236,2.417E-2,-8.575E-2
16.253,2.061E-2,-8.592E-2
16.270,1.668E-2,-8.598E-2
16.286,1.293E-2,-8.596E-2
16.303,9.394E-3,-8.580E-2
16.320,7.587E-3,-8.577E-2
16.337,6.666E-3,-8.578E-2
16.354,7.047E-3,-8.577E-2
16.371,8.566E-3,-8.574E-2
16.387,1.114E-2,-8.576E-2
16.404,1.459E-2,-8.573E-2
16.421,2.017E-2,-8.635E-2
16.438,2.637E-2,-8.697E-2
16.455,2.947E-2,-8.672E-2
16.472,3.197E-2,-8.656E-2
16.488,3.303E-2,-8.638E-2
16.505,3.306E-2,-8.637E-2
16.522,3.205E-2,-8.654E-2
16.539,2.969E-2,-8.673E-2
16.556,2.660E-2,-8.697E-2
16.573,2.232E-2,-8.699E-2
16.590,1.909E-2,-8.716E-2
16.606,1.493E-2,-8.697E-2
16.623,1.236E-2,-8.696E-2
16.640,1.077E-2,-8.693E-2
16.657,1.036E-2,-8.694E-2
16.674,1.100E-2,-8.698E-2
16.691,1.303E-2,-8.698E-2
16.707,1.582E-2,-8.701E-2
16.724,1.936E-2,-8.699E-2
16.741,2.343E-2,-8.694E-2
16.758,2.697E-2,-8.676E-2
16.775,2.989E-2,-8.654E-2
16.792,3.182E-2,-8.637E-2
16.808,3.297E-2,-8.638E-2
16.825,3.256E-2,-8.639E-2
16.842,3.105E-2,-8.655E-2
16.859,2.849E-2,-8.681E-2
16.876,2.520E-2,-8.696E-2
16.893,2.108E-2,-8.700E-2
16.910,1.731E-2,-8.698E-2
16.926,1.428E-2,-8.697E-2
16.943,1.192E-2,-8.695E-2
16.960,1.077E-2,-8.692E-2
16.977,1.065E-2,-8.695E-2
16.994,1.185E-2,-8.698E-2
17.011,1.385E-2,-8.698E-2
17.027,1.750E-2,-8.717E-2
17.044,2.052E-2,-8.697E-2
17.061,2.222E-2,-8.614E-2
17.078,2.747E-2,-8.656E-2
17.095,3.078E-2,-8.657E-2
17.112,3.229E-2,-8.637E-2
17.128,3.281E-2,-8.636E-2
17.145,3.198E-2,-8.638E-2
17.162,2.752E-2,-8.578E-2
17.179,2.722E-2,-8.676E-2
17.196,2.377E-2,-8.698E-2
17.213,2.043E-2,-8.716E-2
17.230,1.706E-2,-8.720E-2
17.246,1.419E-2,-8.714E-2
17.263,1.158E-2,-8.694E-2
17.280,1.071E-2,-8.697E-2
17.297,1.100E-2,-8.699E-2
17.314,1.252E-2,-8.699E-2
17.331,1.495E-2,-8.699E-2
17.347,1.797E-2,-8.699E-2
17.364,2.191E-2,-8.700E-2
17.381,2.592E-2,-8.699E-2
17.398,2.841E-2,-8.655E-2
17.415,3.068E-2,-8.636E-2
17.432,3.237E-2,-8.639E-2
17.448,3.250E-2,-8.635E-2
17.465,3.107E-2,-8.637E-2
17.482,2.959E-2,-8.675E-2
17.499,2.654E-2,-8.697E-2
17.516,2.264E-2,-8.695E-2
17.533,1.873E-2,-8.699E-2
17.550,1.469E-2,-8.678E-2
17.566,1.288E-2,-8.697E-2
17.583,1.132E-2,-8.695E-2
17.600,1.087E-2,-8.695E-2
17.617,1.137E-2,-8.694E-2
17.634,1.318E-2,-8.694E-2
17.651,1.595E-2,-8.698E-2
17.667,1.914E-2,-8.698E-2
17.684,2.321E-2,-8.696E-2
17.701,2.718E-2,-8.695E-2
17.718,2.992E-2,-8.676E-2
17.735,3.137E-2,-8.640E-2
17.752,3.261E-2,-8.638E-2
17.768,3.271E-2,-8.657E-2
17.785,3.094E-2,-8.660E-2
17.802,2.856E-2,-8.679E-2
17.819,2.557E-2,-8.697E-2
17.836,2.219E-2,-8.714E-2
17.853,1.834E-2,-8.717E-2
17.870,1.550E-2,-8.717E-2
17.886,1.304E-2,-8.718E-2
17.903,1.189E-2,-8.715E-2
17.920,1.179E-2,-8.719E-2
17.937,1.286E-2,-8.718E-2
17.954,1.490E-2,-8.719E-2
17.971,1.753E-2,-8.716E-2
17.987,2.111E-2,-8.717E-2
18.004,2.518E-2,-8.716E-2
18.021,2.840E-2,-8.697E-2
18.038,3.105E-2,-8.677E-2
18.055,3.296E-2,-8.676E-2
18.072,2.933E-2,-8.538E-2
18.088,2.949E-2,-8.572E-2
18.105,3.045E-2,-8.674E-2
18.122,2.791E-2,-8.696E-2
18.139,2.495E-2,-8.716E-2
18.156,2.108E-2,-8.720E-2
18.173,1.747E-2,-8.721E-2
18.190,1.527E-2,-8.738E-2
18.206,1.338E-2,-8.733E-2
18.223,1.197E-2,-8.716E-2
18.240,1.205E-2,-8.718E-2
18.257,1.395E-2,-8.734E-2
18.274,1.620E-2,-8.736E-2
18.291,1.927E-2,-8.736E-2
18.307,2.306E-2,-8.737E-2
18.324,2.616E-2,-8.718E-2
18.341,2.914E-2,-8.701E-2
18.358,3.067E-2,-8.655E-2
18.375,3.244E-2,-8.655E-2
18.392,3.272E-2,-8.656E-2
18.409,3.154E-2,-8.661E-2
18.425,3.049E-2,-8.695E-2
18.442,2.681E-2,-8.697E-2
18.459,2.348E-2,-8.716E-2
18.476,2.066E-2,-8.739E-2
18.493,1.740E-2,-8.737E-2
18.510,1.479E-2,-8.733E-2
18.526,1.252E-2,-8.717E-2
18.543,1.184E-2,-8.718E-2
18.560,1.235E-2,-8.714E-2
18.577,1.390E-2,-8.718E-2
18.594,1.640E-2,-8.716E-2
18.611,1.976E-2,-8.718E-2
18.627,2.341E-2,-8.717E-2
18.644,2.715E-2,-8.716E-2
18.661,3.008E-2,-8.694E-2
18.678,3.200E-2,-8.678E-2
18.695,3.254E-2,-8.659E-2
18.712,3.229E-2,-8.656E-2
18.729,3.072E-2,-8.660E-2
18.745,2.845E-2,-8.674E-2
18.762,2.555E-2,-8.698E-2
18.779,2.244E-2,-8.714E-2
18.796,1.861E-2,-8.715E-2
18.813,1.559E-2,-8.714E-2
18.830,1.335E-2,-8.714E-2
18.846,1.147E-2,-8.698E-2
18.863,1.122E-2,-8.700E-2
18.880,1.219E-2,-8.695E-2
18.897,1.387E-2,-8.701E-2
18.914,1.712E-2,-8.715E-2
18.931,2.068E-2,-8.717E-2
18.947,2.380E-2,-8.696E-2
18.964,2.675E-2,-8.679E-2
18.981,2.995E-2,-8.675E-2
18.998,3.173E-2,-8.661E-2
19.015,2.993E-2,-8.578E-2
19.032,3.205E-2,-8.657E-2
19.049,3.052E-2,-8.679E-2
19.065,2.764E-2,-8.676E-2
19.082,2.457E-2,-8.697E-2
19.099,2.076E-2,-8.697E-2
19.116,1.726E-2,-8.701E-2
19.133,1.435E-2,-8.696E-2
19.150,1.223E-2,-8.698E-2
19.166,1.136E-2,-8.693E-2
19.183,1.145E-2,-8.694E-2
19.200,1.266E-2,-8.699E-2
19.217,1.532E-2,-8.716E-2
19.234,1.831E-2,-8.718E-2
19.251,2.102E-2,-8.697E-2
19.267,2.486E-2,-8.694E-2
19.284,2.777E-2,-8.677E-2
19.301,2.994E-2,-8.659E-2
19.318,3.178E-2,-8.657E-2
19.335,3.229E-2,-8.653E-2
19.352,3.131E-2,-8.659E-2
19.369,2.963E-2,-8.674E-2
19.385,2.691E-2,-8.695E-2
19.402,2.336E-2,-8.699E-2
19.419,2.045E-2,-8.720E-2
19.436,1.730E-2,-8.720E-2
19.453,1.458E-2,-8.716E-2
19.470,1.276E-2,-8.716E-2
19.486,1.211E-2,-8.714E-2
19.503,1.250E-2,-8.714E-2
19.520,1.400E-2,-8.713E-2
19.537,1.620E-2,-8.714E-2
19.554,1.934E-2,-8.716E-2
19.571,2.274E-2,-8.714E-2
19.587,2.588E-2,-8.702E-2
19.604,2.856E-2,-8.679E-2
19.621,3.052E-2,-8.662E-2
19.638,3.208E-2,-8.654E-2
19.655,3.204E-2,-8.656E-2
19.672,3.116E-2,-8.676E-2
19.689,2.868E-2,-8.675E-2
19.705,2.591E-2,-8.700E-2
19.722,2.237E-2,-8.699E-2
19.739,1.894E-2,-8.700E-2
19.756,1.642E-2,-8.720E-2
19.773,1.429E-2,-8.717E-2
19.790,1.285E-2,-8.717E-2
19.806,1.244E-2,-8.716E-2
19.823,1.308E-2,-8.717E-2
19.840,1.465E-2,-8.718E-2
19.857,1.723E-2,-8.719E-2
19.874,2.035E-2,-8.717E-2
19.891,2.383E-2,-8.714E-2
19.907,2.697E-2,-8.698E-2
19.924,2.932E-2,-8.680E-2
19.941,3.109E-2,-8.657E-2
19.958,3.208E-2,-8.655E-2
19.975,3.174E-2,-8.659E-2
19.992,3.060E-2,-8.678E-2
20.009,2.787E-2,-8.676E-2
20.025,2.513E-2,-8.698E-2
20.042,2.210E-2,-8.718E-2
20.059,1.939E-2,-8.735E-2
20.076,1.639E-2,-8.734E-2
20.093,1.439E-2,-8.732E-2
20.110,1.257E-2,-8.714E-2
20.126,1.248E-2,-8.716E-2
20.143,1.330E-2,-8.716E-2
20.160,1.524E-2,-8.719E-2
20.177,1.865E-2,-8.737E-2
20.194,2.128E-2,-8.719E-2
20.211,2.480E-2,-8.715E-2
20.227,2.754E-2,-8.699E-2
20.244,2.995E-2,-8.678E-2
20.261,3.186E-2,-8.675E-2
20.278,3.252E-2,-8.678E-2
20.295,3.183E-2,-8.678E-2
20.312,3.062E-2,-8.697E-2
20.329,2.820E-2,-8.716E-2
20.345,2.468E-2,-8.721E-2
20.362,2.177E-2,-8.734E-2
20.379,1.836E-2,-8.735E-2
20.396,1.579E-2,-8.733E-2
20.413,1.349E-2,-8.719E-2
20.430,1.256E-2,-8.714E-2
20.446,1.268E-2,-8.718E-2
20.463,1.383E-2,-8.722E-2
20.480,1.605E-2,-8.721E-2
20.497,1.885E-2,-8.720E-2
20.514,2.218E-2,-8.716E-2
20.531,2.512E-2,-8.700E-2
20.547,2.775E-2,-8.679E-2
20.564,2.991E-2,-8.661E-2
20.581,3.146E-2,-8.656E-2
20.598,3.174E-2,-8.659E-2
20.615,3.067E-2,-8.657E-2
20.632,2.893E-2,-8.678E-2
20.649,2.655E-2,-8.697E-2
20.665,2.298E-2,-8.697E-2
20.682,2.014E-2,-8.717E-2
20.699,1.701E-2,-8.715E-2
20.716,1.467E-2,-8.717E-2
20.733,1.313E-2,-8.714E-2
20.750,1.248E-2,-8.716E-2
20.766,1.294E-2,-8.714E-2
20.783,1.435E-2,-8.715E-2
20.800,1.665E-2,-8.719E-2
20.817,1.974E-2,-8.717E-2
20.834,2.317E-2,-8.715E-2
20.851,2.609E-2,-8.700E-2
20.867,2.920E-2,-8.696E-2
20.884,3.090E-2,-8.675E-2
20.901,3.211E-2,-8.676E-2
20.918,3.201E-2,-8.673E-2
20.935,3.066E-2,-8.674E-2
20.952,2.871E-2,-8.697E-2
20.969,2.547E-2,-8.699E-2
20.985,2.263E-2,-8.713E-2
21.002,1.933E-2,-8.718E-2
21.019,1.635E-2,-8.716E-2
21.036,1.435E-2,-8.716E-2
21.053,1.300E-2,-8.718E-2
21.070,1.273E-2,-8.715E-2
21.086,1.343E-2,-8.718E-2
21.103,1.508E-2,-8.717E-2
21.120,1.760E-2,-8.717E-2
21.137,2.058E-2,-8.715E-2
21.154,2.399E-2,-8.715E-2
21.171,2.682E-2,-8.696E-2
21.187,2.983E-2,-8.694E-2
21.204,3.144E-2,-8.677E-2
21.221,3.125E-2,-8.654E-2
21.238,3.081E-2,-8.657E-2
21.255,2.981E-2,-8.673E-2
21.272,2.713E-2,-8.678E-2
21.289,2.433E-2,-8.697E-2
21.305,2.090E-2,-8.699E-2
21.322,1.856E-2,-8.714E-2
21.339,1.575E-2,-8.715E-2
21.356,1.390E-2,-8.716E-2
21.373,1.297E-2,-8.713E-2
21.390,1.290E-2,-8.714E-2
21.406,1.373E-2,-8.715E-2
21.423,1.570E-2,-8.717E-2
21.440,1.831E-2,-8.716E-2
21.457,2.146E-2,-8.717E-2
21.474,2.414E-2,-8.698E-2
21.491,2.748E-2,-8.699E-2
21.507,2.962E-2,-8.678E-2
21.524,3.077E-2,-8.659E-2
21.541,3.136E-2,-8.658E-2
21.558,3.125E-2,-8.674E-2
21.575,2.992E-2,-8.696E-2
21.592,2.685E-2,-8.695E-2
21.609,2.432E-2,-8.717E-2
21.625,2.078E-2,-8.715E-2
21.642,1.574E-2,-8.656E-2
21.659,1.338E-2,-8.654E-2
21.676,1.374E-2,-8.715E-2
21.693,1.287E-2,-8.717E-2
21.710,1.325E-2,-8.717E-2
21.726,1.451E-2,-8.717E-2
21.743,1.617E-2,-8.715E-2
21.760,1.893E-2,-8.716E-2
21.777,2.152E-2,-8.698E-2
21.794,2.500E-2,-8.696E-2
21.811,2.751E-2,-8.679E-2
21.827,3.026E-2,-8.676E-2
21.844,3.093E-2,-8.659E-2
21.861,3.113E-2,-8.661E-2
21.878,3.069E-2,-8.673E-2
21.895,2.907E-2,-8.694E-2
21.912,2.607E-2,-8.694E-2
21.929,2.339E-2,-8.715E-2
21.945,2.005E-2,-8.719E-2
21.962,1.459E-2,-8.635E-2
21.979,1.502E-2,-8.719E-2
21.996,1.361E-2,-8.719E-2
22.013,1.315E-2,-8.715E-2
22.030,1.370E-2,-8.717E-2
22.046,1.486E-2,-8.719E-2
22.063,1.718E-2,-8.715E-2
22.080,1.989E-2,-8.718E-2
22.097,2.251E-2,-8.701E-2
22.114,2.587E-2,-8.695E-2
22.131,2.820E-2,-8.678E-2
22.147,3.040E-2,-8.676E-2
22.164,3.173E-2,-8.678E-2
22.181,3.067E-2,-8.655E-2
22.198,3.007E-2,-8.676E-2
22.215,2.830E-2,-8.697E-2
22.232,2.524E-2,-8.696E-2
22.249,2.235E-2,-8.716E-2
22.265,1.933E-2,-8.718E-2
22.282,1.660E-2,-8.716E-2
22.299,1.449E-2,-8.717E-2
22.316,1.330E-2,-8.716E-2
22.333,1.302E-2,-8.719E-2
22.350,1.382E-2,-8.720E-2
22.366,1.540E-2,-8.716E-2
22.383,1.774E-2,-8.718E-2
22.400,2.069E-2,-8.717E-2
22.417,2.315E-2,-8.698E-2
22.434,2.660E-2,-8.697E-2
22.451,2.881E-2,-8.679E-2
22.467,3.061E-2,-8.675E-2
22.484,3.143E-2,-8.674E-2
22.501,3.106E-2,-8.674E-2
22.518,2.945E-2,-8.678E-2
22.535,2.756E-2,-8.697E-2
22.552,2.426E-2,-8.700E-2
22.569,2.169E-2,-8.718E-2
22.585,1.874E-2,-8.718E-2
22.602,1.621E-2,-8.717E-2
22.619,1.435E-2,-8.715E-2
22.636,1.340E-2,-8.719E-2
22.653,1.344E-2,-8.719E-2
22.670,1.433E-2,-8.718E-2
22.686,1.595E-2,-8.718E-2
22.703,1.855E-2,-8.718E-2
22.720,2.165E-2,-8.720E-2
22.737,2.481E-2,-8.714E-2
22.754,2.725E-2,-8.696E-2
22.771,2.921E-2,-8.678E-2
22.787,3.091E-2,-8.677E-2
22.804,3.140E-2,-8.675E-2
22.821,3.071E-2,-8.678E-2
22.838,2.935E-2,-8.697E-2
22.855,2.668E-2,-8.701E-2
22.872,2.406E-2,-8.718E-2
22.889,2.102E-2,-8.717E-2
22.905,1.799E-2,-8.716E-2
22.922,1.577E-2,-8.716E-2
22.939,1.411E-2,-8.717E-2
22.956,1.326E-2,-8.717E-2
22.973,1.356E-2,-8.715E-2
22.990,1.465E-2,-8.719E-2
23.006,1.656E-2,-8.716E-2
23.023,1.933E-2,-8.718E-2
23.040,2.224E-2,-8.715E-2
23.057,2.570E-2,-8.716E-2
23.074,2.800E-2,-8.697E-2
23.091,2.955E-2,-8.680E-2
23.107,3.096E-2,-8.675E-2
23.124,3.106E-2,-8.673E-2
23.141,3.019E-2,-8.678E-2
23.158,2.872E-2,-8.697E-2
23.175,2.588E-2,-8.702E-2
23.192,2.341E-2,-8.714E-2
23.209,2.018E-2,-8.716E-2
23.225,1.732E-2,-8.718E-2
23.242,1.458E-2,-8.696E-2
23.259,1.322E-2,-8.700E-2
23.276,1.273E-2,-8.696E-2
23.293,1.314E-2,-8.697E-2
23.310,1.445E-2,-8.701E-2
23.326,1.655E-2,-8.700E-2
23.343,1.948E-2,-8.701E-2
23.360,2.253E-2,-8.698E-2
23.377,2.510E-2,-8.681E-2
23.394,2.784E-2,-8.675E-2
23.411,2.946E-2,-8.656E-2
23.427,3.038E-2,-8.656E-2
23.444,2.714E-2,-8.557E-2
23.461,2.599E-2,-8.555E-2
23.478,2.740E-2,-8.677E-2
