,mass A,,
t,x,y,
0.000,-3.224E-2,-7.266E-2
0.017,-3.205E-2,-7.265E-2
0.034,-3.186E-2,-7.271E-2
0.051,-3.165E-2,-7.274E-2
0.067,-3.150E-2,-7.278E-2
0.084,-3.135E-2,-7.285E-2
0.101,-3.122E-2,-7.288E-2
0.118,-3.102E-2,-7.291E-2
0.135,-3.076E-2,-7.296E-2
0.152,-3.041E-2,-7.300E-2
0.168,-2.990E-2,-7.307E-2
0.185,-2.919E-2,-7.322E-2
0.202,-2.822E-2,-7.336E-2
0.219,-2.699E-2,-7.356E-2
0.236,-2.539E-2,-7.376E-2
0.253,-2.329E-2,-7.405E-2
0.269,-2.064E-2,-7.445E-2
0.286,-1.740E-2,-7.487E-2
0.303,-1.352E-2,-7.531E-2
0.320,-8.878E-3,-7.581E-2
0.337,-3.172E-3,-7.630E-2
0.354,3.383E-3,-7.667E-2
0.371,1.041E-2,-7.681E-2
0.387,1.753E-2,-7.709E-2
0.404,2.483E-2,-7.696E-2
0.421,3.204E-2,-7.654E-2
0.438,3.895E-2,-7.592E-2
0.455,4.515E-2,-7.515E-2
0.472,5.045E-2,-7.449E-2
0.488,5.466E-2,-7.383E-2
0.505,5.756E-2,-7.338E-2
0.522,5.914E-2,-7.305E-2
0.539,5.925E-2,-7.303E-2
0.556,5.796E-2,-7.328E-2
0.573,5.531E-2,-7.372E-2
0.589,5.146E-2,-7.429E-2
0.606,4.645E-2,-7.498E-2
0.623,4.051E-2,-7.565E-2
0.640,3.372E-2,-7.627E-2
0.657,2.655E-2,-7.664E-2
0.674,1.924E-2,-7.694E-2
0.691,1.190E-2,-7.691E-2
0.707,4.968E-3,-7.669E-2
0.724,-1.581E-3,-7.632E-2
0.741,-7.194E-3,-7.590E-2
0.758,-1.187E-2,-7.543E-2
0.775,-1.540E-2,-7.518E-2
0.792,-1.761E-2,-7.493E-2
0.808,-1.853E-2,-7.485E-2
0.825,-1.794E-2,-7.488E-2
0.842,-1.602E-2,-7.515E-2
0.859,-1.279E-2,-7.555E-2
0.876,-8.402E-3,-7.599E-2
0.893,-2.835E-3,-7.638E-2
0.909,3.474E-3,-7.668E-2
0.926,1.038E-2,-7.694E-2
0.943,1.768E-2,-7.690E-2
0.960,2.504E-2,-7.676E-2
0.977,3.226E-2,-7.636E-2
0.994,3.912E-2,-7.576E-2
1.011,4.517E-2,-7.506E-2
1.027,5.033E-2,-7.446E-2
1.044,5.442E-2,-7.387E-2
1.061,5.732E-2,-7.336E-2
1.078,5.887E-2,-7.313E-2
1.095,5.902E-2,-7.311E-2
1.112,5.777E-2,-7.331E-2
1.128,5.518E-2,-7.373E-2
1.145,5.135E-2,-7.430E-2
1.162,4.646E-2,-7.493E-2
1.179,4.058E-2,-7.556E-2
1.196,3.392E-2,-7.612E-2
1.213,2.681E-2,-7.653E-2
1.229,1.946E-2,-7.671E-2
1.246,1.220E-2,-7.668E-2
1.263,5.310E-3,-7.655E-2
1.280,-1.080E-3,-7.629E-2
1.297,-6.685E-3,-7.592E-2
1.314,-1.134E-2,-7.549E-2
1.331,-1.482E-2,-7.517E-2
1.347,-1.698E-2,-7.494E-2
1.364,-1.794E-2,-7.483E-2
1.381,-1.741E-2,-7.492E-2
1.398,-1.555E-2,-7.511E-2
1.415,-1.236E-2,-7.550E-2
1.432,-8.094E-3,-7.590E-2
1.448,-2.641E-3,-7.635E-2
1.465,3.513E-3,-7.667E-2
1.482,1.031E-2,-7.698E-2
1.499,1.750E-2,-7.694E-2
1.516,2.487E-2,-7.674E-2
1.533,3.204E-2,-7.632E-2
1.549,3.888E-2,-7.572E-2
1.566,4.488E-2,-7.511E-2
1.583,4.999E-2,-7.458E-2
1.600,5.401E-2,-7.398E-2
1.617,5.687E-2,-7.340E-2
1.634,5.840E-2,-7.320E-2
1.651,5.861E-2,-7.314E-2
1.667,5.741E-2,-7.333E-2
1.684,5.484E-2,-7.376E-2
1.701,5.105E-2,-7.425E-2
1.718,4.625E-2,-7.492E-2
1.735,4.048E-2,-7.560E-2
1.752,3.386E-2,-7.612E-2
1.768,2.689E-2,-7.656E-2
1.785,1.958E-2,-7.684E-2
1.802,1.241E-2,-7.678E-2
1.819,5.577E-3,-7.659E-2
1.836,-8.748E-4,-7.633E-2
1.853,-6.394E-3,-7.592E-2
1.869,-1.092E-2,-7.551E-2
1.886,-1.443E-2,-7.518E-2
1.903,-1.666E-2,-7.491E-2
1.920,-1.758E-2,-7.492E-2
1.937,-1.709E-2,-7.490E-2
1.954,-1.527E-2,-7.511E-2
1.971,-1.224E-2,-7.547E-2
1.987,-7.918E-3,-7.583E-2
2.004,-2.644E-3,-7.634E-2
2.021,3.519E-3,-7.666E-2
2.038,1.023E-2,-7.691E-2
2.055,1.745E-2,-7.691E-2
2.072,2.471E-2,-7.672E-2
2.088,3.185E-2,-7.638E-2
2.105,3.843E-2,-7.586E-2
2.122,4.445E-2,-7.519E-2
2.139,4.953E-2,-7.460E-2
2.156,5.360E-2,-7.402E-2
2.173,5.645E-2,-7.356E-2
2.189,5.801E-2,-7.327E-2
2.206,5.821E-2,-7.325E-2
2.223,5.702E-2,-7.347E-2
2.240,5.454E-2,-7.385E-2
2.257,5.089E-2,-7.438E-2
2.274,4.606E-2,-7.497E-2
2.291,4.036E-2,-7.559E-2
2.307,3.393E-2,-7.613E-2
2.324,2.693E-2,-7.649E-2
2.341,1.977E-2,-7.679E-2
2.358,1.263E-2,-7.679E-2
2.375,5.806E-3,-7.665E-2
2.392,-4.636E-4,-7.635E-2
2.408,-6.036E-3,-7.591E-2
2.425,-1.054E-2,-7.556E-2
2.442,-1.405E-2,-7.523E-2
2.459,-1.624E-2,-7.497E-2
2.476,-1.722E-2,-7.489E-2
2.493,-1.670E-2,-7.490E-2
2.509,-1.492E-2,-7.512E-2
2.526,-1.189E-2,-7.548E-2
2.543,-7.628E-3,-7.587E-2
2.560,-2.477E-3,-7.633E-2
2.577,3.571E-3,-7.665E-2
2.594,1.030E-2,-7.692E-2
2.611,1.725E-2,-7.686E-2
2.627,2.448E-2,-7.676E-2
2.644,3.151E-2,-7.639E-2
2.661,3.815E-2,-7.583E-2
2.678,4.422E-2,-7.519E-2
2.695,4.926E-2,-7.455E-2
2.712,5.322E-2,-7.406E-2
2.728,5.611E-2,-7.358E-2
2.745,5.772E-2,-7.333E-2
2.762,5.799E-2,-7.330E-2
2.779,5.687E-2,-7.354E-2
2.796,5.439E-2,-7.389E-2
2.813,5.074E-2,-7.443E-2
2.829,4.604E-2,-7.501E-2
2.846,4.044E-2,-7.556E-2
2.863,3.401E-2,-7.613E-2
2.880,2.708E-2,-7.662E-2
2.897,2.000E-2,-7.690E-2
2.914,1.293E-2,-7.688E-2
2.931,6.154E-3,-7.666E-2
2.947,-1.307E-4,-7.642E-2
2.964,-5.608E-3,-7.605E-2
2.981,-1.011E-2,-7.566E-2
2.998,-1.360E-2,-7.533E-2
3.015,-1.591E-2,-7.502E-2
3.032,-1.688E-2,-7.502E-2
3.048,-1.651E-2,-7.506E-2
3.065,-1.475E-2,-7.532E-2
3.082,-1.185E-2,-7.560E-2
3.099,-7.697E-3,-7.599E-2
3.116,-2.593E-3,-7.641E-2
3.133,3.387E-3,-7.675E-2
3.149,9.941E-3,-7.696E-2
3.166,1.689E-2,-7.700E-2
3.183,2.390E-2,-7.685E-2
3.200,3.093E-2,-7.654E-2
3.217,3.748E-2,-7.601E-2
3.234,4.343E-2,-7.540E-2
3.251,4.852E-2,-7.478E-2
3.267,5.255E-2,-7.418E-2
3.284,5.546E-2,-7.369E-2
3.301,5.715E-2,-7.344E-2
3.318,5.746E-2,-7.346E-2
3.335,5.638E-2,-7.363E-2
3.352,5.397E-2,-7.404E-2
3.368,5.039E-2,-7.457E-2
3.385,4.572E-2,-7.512E-2
3.402,4.007E-2,-7.574E-2
3.419,3.375E-2,-7.637E-2
3.436,2.689E-2,-7.688E-2
3.453,1.996E-2,-7.708E-2
3.469,1.300E-2,-7.705E-2
3.486,6.324E-3,-7.687E-2
3.503,1.135E-4,-7.638E-2
3.520,-5.313E-3,-7.599E-2
3.537,-9.828E-3,-7.568E-2
3.554,-1.327E-2,-7.543E-2
3.571,-1.557E-2,-7.534E-2
3.587,-1.646E-2,-7.516E-2
3.604,-1.623E-2,-7.526E-2
3.621,-1.449E-2,-7.535E-2
3.638,-1.161E-2,-7.563E-2
3.655,-7.496E-3,-7.601E-2
3.672,-2.415E-3,-7.646E-2
3.688,3.527E-3,-7.673E-2
3.705,1.005E-2,-7.702E-2
3.722,1.698E-2,-7.707E-2
3.739,2.400E-2,-7.688E-2
3.756,3.090E-2,-7.648E-2
3.773,3.756E-2,-7.591E-2
3.789,4.350E-2,-7.533E-2
3.806,4.864E-2,-7.469E-2
3.823,5.275E-2,-7.416E-2
3.840,5.563E-2,-7.373E-2
3.857,5.734E-2,-7.332E-2
3.874,5.766E-2,-7.331E-2
3.891,5.672E-2,-7.338E-2
3.907,5.463E-2,-7.375E-2
3.924,5.110E-2,-7.420E-2
3.941,4.661E-2,-7.482E-2
3.958,4.116E-2,-7.545E-2
3.975,3.494E-2,-7.611E-2
3.992,2.824E-2,-7.648E-2
4.008,2.135E-2,-7.669E-2
4.025,1.450E-2,-7.668E-2
4.042,7.855E-3,-7.657E-2
4.059,1.645E-3,-7.624E-2
4.076,-3.789E-3,-7.592E-2
4.093,-8.296E-3,-7.570E-2
4.109,-1.186E-2,-7.526E-2
4.126,-1.401E-2,-7.497E-2
4.143,-1.502E-2,-7.477E-2
4.160,-1.485E-2,-7.479E-2
4.177,-1.339E-2,-7.511E-2
4.194,-1.075E-2,-7.549E-2
4.211,-6.882E-3,-7.593E-2
4.227,-2.018E-3,-7.633E-2
4.244,3.748E-3,-7.661E-2
4.261,1.010E-2,-7.685E-2
4.278,1.685E-2,-7.685E-2
4.295,2.383E-2,-7.677E-2
4.312,3.064E-2,-7.643E-2
4.328,3.721E-2,-7.604E-2
4.345,4.325E-2,-7.539E-2
4.362,4.831E-2,-7.475E-2
4.379,5.238E-2,-7.417E-2
4.396,5.529E-2,-7.368E-2
4.413,5.700E-2,-7.347E-2
4.429,5.740E-2,-7.344E-2
4.446,5.646E-2,-7.369E-2
4.463,5.436E-2,-7.395E-2
4.480,5.092E-2,-7.442E-2
4.497,4.644E-2,-7.499E-2
4.514,4.109E-2,-7.551E-2
4.531,3.499E-2,-7.610E-2
4.547,2.845E-2,-7.653E-2
4.564,2.156E-2,-7.676E-2
4.581,1.461E-2,-7.682E-2
4.598,8.032E-3,-7.679E-2
4.615,1.869E-3,-7.651E-2
4.632,-3.546E-3,-7.616E-2
4.648,-8.106E-3,-7.575E-2
4.665,-1.164E-2,-7.535E-2
4.682,-1.402E-2,-7.517E-2
4.699,-1.517E-2,-7.509E-2
4.716,-1.503E-2,-7.510E-2
4.733,-1.365E-2,-7.526E-2
4.749,-1.086E-2,-7.548E-2
4.766,-7.169E-3,-7.591E-2
4.783,-2.358E-3,-7.627E-2
4.800,3.326E-3,-7.661E-2
4.817,9.600E-3,-7.687E-2
4.834,1.638E-2,-7.696E-2
4.851,2.314E-2,-7.685E-2
4.867,3.004E-2,-7.652E-2
4.884,3.648E-2,-7.595E-2
4.901,4.237E-2,-7.540E-2
4.918,4.743E-2,-7.483E-2
4.935,5.159E-2,-7.432E-2
4.952,5.455E-2,-7.391E-2
4.968,5.631E-2,-7.364E-2
4.985,5.680E-2,-7.358E-2
5.002,5.601E-2,-7.374E-2
5.019,5.389E-2,-7.400E-2
5.036,5.066E-2,-7.447E-2
5.053,4.637E-2,-7.500E-2
5.069,4.121E-2,-7.560E-2
5.086,3.522E-2,-7.610E-2
5.103,2.871E-2,-7.652E-2
5.120,2.180E-2,-7.683E-2
5.137,1.504E-2,-7.688E-2
5.154,8.519E-3,-7.678E-2
5.171,2.395E-3,-7.651E-2
5.187,-3.021E-3,-7.618E-2
5.204,-7.644E-3,-7.575E-2
5.221,-1.125E-2,-7.540E-2
5.238,-1.335E-2,-7.499E-2
5.255,-1.471E-2,-7.486E-2
5.272,-1.455E-2,-7.489E-2
5.288,-1.322E-2,-7.503E-2
5.305,-1.071E-2,-7.536E-2
5.322,-7.064E-3,-7.580E-2
5.339,-2.284E-3,-7.611E-2
5.356,3.235E-3,-7.646E-2
5.373,9.330E-3,-7.668E-2
5.389,1.602E-2,-7.671E-2
5.406,2.282E-2,-7.667E-2
5.423,2.954E-2,-7.640E-2
5.440,3.597E-2,-7.593E-2
5.457,4.197E-2,-7.532E-2
5.474,4.702E-2,-7.473E-2
5.491,5.112E-2,-7.423E-2
5.507,5.425E-2,-7.369E-2
5.524,5.608E-2,-7.343E-2
5.541,5.676E-2,-7.334E-2
5.558,5.603E-2,-7.347E-2
5.575,5.419E-2,-7.370E-2
5.592,5.101E-2,-7.403E-2
5.608,4.689E-2,-7.455E-2
5.625,4.167E-2,-7.524E-2
5.642,3.579E-2,-7.579E-2
5.659,2.943E-2,-7.621E-2
5.676,2.269E-2,-7.650E-2
5.693,1.592E-2,-7.662E-2
5.709,9.362E-3,-7.652E-2
5.726,3.262E-3,-7.628E-2
5.743,-2.073E-3,-7.596E-2
5.760,-6.676E-3,-7.559E-2
5.777,-1.015E-2,-7.517E-2
5.794,-1.263E-2,-7.487E-2
5.811,-1.373E-2,-7.464E-2
5.827,-1.371E-2,-7.463E-2
5.844,-1.241E-2,-7.474E-2
5.861,-1.005E-2,-7.509E-2
5.878,-6.599E-3,-7.544E-2
5.895,-2.016E-3,-7.589E-2
5.912,3.363E-3,-7.629E-2
5.928,9.432E-3,-7.656E-2
5.945,1.596E-2,-7.661E-2
5.962,2.265E-2,-7.654E-2
5.979,2.934E-2,-7.629E-2
5.996,3.568E-2,-7.585E-2
6.013,4.157E-2,-7.535E-2
6.029,4.664E-2,-7.480E-2
6.046,5.084E-2,-7.428E-2
6.063,5.386E-2,-7.389E-2
6.080,5.571E-2,-7.363E-2
6.097,5.643E-2,-7.349E-2
6.114,5.572E-2,-7.358E-2
6.131,5.390E-2,-7.389E-2
6.147,5.097E-2,-7.435E-2
6.164,4.681E-2,-7.483E-2
6.181,4.185E-2,-7.544E-2
6.198,3.624E-2,-7.593E-2
6.215,2.987E-2,-7.638E-2
6.232,2.328E-2,-7.667E-2
6.248,1.665E-2,-7.676E-2
6.265,1.008E-2,-7.672E-2
6.282,3.973E-3,-7.652E-2
6.299,-1.555E-3,-7.624E-2
6.316,-6.154E-3,-7.593E-2
6.333,-9.842E-3,-7.553E-2
6.349,-1.255E-2,-7.532E-2
6.366,-1.399E-2,-7.516E-2
6.383,-1.415E-2,-7.516E-2
6.400,-1.307E-2,-7.521E-2
6.417,-1.068E-2,-7.550E-2
6.434,-7.313E-3,-7.583E-2
6.451,-2.849E-3,-7.625E-2
6.467,2.357E-3,-7.660E-2
6.484,8.325E-3,-7.680E-2
6.501,1.470E-2,-7.689E-2
6.518,2.130E-2,-7.685E-2
6.535,2.792E-2,-7.656E-2
6.552,3.425E-2,-7.612E-2
6.568,4.000E-2,-7.559E-2
6.585,4.504E-2,-7.506E-2
6.602,4.919E-2,-7.451E-2
6.619,5.238E-2,-7.413E-2
6.636,5.435E-2,-7.383E-2
6.653,5.511E-2,-7.371E-2
6.669,5.462E-2,-7.380E-2
6.686,5.296E-2,-7.409E-2
6.703,5.010E-2,-7.448E-2
6.720,4.610E-2,-7.500E-2
6.737,4.138E-2,-7.551E-2
6.754,3.571E-2,-7.606E-2
6.771,2.959E-2,-7.648E-2
6.787,2.315E-2,-7.673E-2
6.804,1.655E-2,-7.689E-2
6.821,1.011E-2,-7.683E-2
6.838,4.065E-3,-7.671E-2
6.855,-1.358E-3,-7.635E-2
6.872,-5.995E-3,-7.596E-2
6.888,-9.707E-3,-7.567E-2
6.905,-1.224E-2,-7.536E-2
6.922,-1.378E-2,-7.528E-2
6.939,-1.404E-2,-7.527E-2
6.956,-1.301E-2,-7.538E-2
6.973,-1.087E-2,-7.561E-2
6.989,-7.490E-3,-7.596E-2
7.006,-3.135E-3,-7.628E-2
7.023,2.018E-3,-7.665E-2
7.040,7.827E-3,-7.688E-2
7.057,1.417E-2,-7.697E-2
7.074,2.069E-2,-7.689E-2
7.091,2.727E-2,-7.664E-2
7.107,3.355E-2,-7.628E-2
7.124,3.926E-2,-7.587E-2
7.141,4.440E-2,-7.532E-2
7.158,4.860E-2,-7.481E-2
7.175,5.188E-2,-7.433E-2
7.192,5.398E-2,-7.398E-2
7.208,5.483E-2,-7.381E-2
7.225,5.448E-2,-7.386E-2
7.242,5.297E-2,-7.413E-2
7.259,5.019E-2,-7.456E-2
7.276,4.639E-2,-7.502E-2
7.293,4.167E-2,-7.565E-2
7.309,3.619E-2,-7.615E-2
7.326,3.004E-2,-7.650E-2
7.343,2.367E-2,-7.688E-2
7.360,1.713E-2,-7.704E-2
7.377,1.071E-2,-7.700E-2
7.394,4.699E-3,-7.674E-2
7.411,-7.428E-4,-7.645E-2
7.427,-5.444E-3,-7.615E-2
7.444,-9.201E-3,-7.584E-2
7.461,-1.185E-2,-7.552E-2
7.478,-1.354E-2,-7.547E-2
7.495,-1.386E-2,-7.539E-2
7.512,-1.304E-2,-7.550E-2
7.528,-1.096E-2,-7.570E-2
7.545,-7.764E-3,-7.603E-2
7.562,-3.591E-3,-7.633E-2
7.579,1.507E-3,-7.665E-2
7.596,7.243E-3,-7.686E-2
7.613,1.335E-2,-7.704E-2
7.629,1.992E-2,-7.699E-2
7.646,2.648E-2,-7.678E-2
7.663,3.273E-2,-7.638E-2
7.680,3.845E-2,-7.594E-2
7.697,4.369E-2,-7.533E-2
7.714,4.796E-2,-7.485E-2
7.731,5.125E-2,-7.440E-2
7.747,5.351E-2,-7.406E-2
7.764,5.456E-2,-7.391E-2
7.781,5.433E-2,-7.394E-2
7.798,5.275E-2,-7.427E-2
7.815,5.014E-2,-7.464E-2
7.832,4.650E-2,-7.507E-2
7.848,4.211E-2,-7.541E-2
7.865,3.685E-2,-7.589E-2
7.882,3.104E-2,-7.622E-2
7.899,2.478E-2,-7.651E-2
7.916,1.822E-2,-7.673E-2
7.933,1.184E-2,-7.685E-2
7.949,5.844E-3,-7.673E-2
7.966,4.185E-4,-7.653E-2
7.983,-4.336E-3,-7.627E-2
8.000,-8.124E-3,-7.605E-2
8.017,-1.083E-2,-7.571E-2
8.034,-1.250E-2,-7.542E-2
8.051,-1.306E-2,-7.541E-2
8.067,-1.237E-2,-7.551E-2
8.084,-1.044E-2,-7.563E-2
8.101,-7.156E-3,-7.594E-2
8.118,-3.166E-3,-7.632E-2
8.135,1.668E-3,-7.665E-2
8.152,7.401E-3,-7.681E-2
8.168,1.341E-2,-7.688E-2
8.185,1.980E-2,-7.693E-2
8.202,2.619E-2,-7.672E-2
8.219,3.245E-2,-7.634E-2
8.236,3.822E-2,-7.586E-2
8.253,4.349E-2,-7.533E-2
8.269,4.778E-2,-7.481E-2
8.286,5.129E-2,-7.436E-2
8.303,5.354E-2,-7.404E-2
8.320,5.460E-2,-7.389E-2
8.337,5.446E-2,-7.386E-2
8.354,5.325E-2,-7.409E-2
8.371,5.084E-2,-7.444E-2
8.387,4.733E-2,-7.494E-2
8.404,4.281E-2,-7.544E-2
8.421,3.762E-2,-7.592E-2
8.438,3.185E-2,-7.633E-2
8.455,2.559E-2,-7.667E-2
8.472,1.924E-2,-7.687E-2
8.488,1.289E-2,-7.691E-2
8.505,6.873E-3,-7.676E-2
8.522,1.450E-3,-7.647E-2
8.539,-3.275E-3,-7.626E-2
8.556,-7.196E-3,-7.590E-2
8.573,-1.008E-2,-7.555E-2
8.589,-1.189E-2,-7.540E-2
8.606,-1.245E-2,-7.532E-2
8.623,-1.192E-2,-7.548E-2
8.640,-1.019E-2,-7.569E-2
8.657,-7.355E-3,-7.595E-2
8.674,-3.521E-3,-7.624E-2
8.691,1.241E-3,-7.656E-2
8.707,6.671E-3,-7.684E-2
8.724,1.263E-2,-7.699E-2
8.741,1.882E-2,-7.696E-2
8.758,2.521E-2,-7.676E-2
8.775,3.143E-2,-7.644E-2
8.792,3.715E-2,-7.606E-2
8.808,4.233E-2,-7.554E-2
8.825,4.664E-2,-7.505E-2
8.842,5.016E-2,-7.457E-2
8.859,5.255E-2,-7.418E-2
8.876,5.369E-2,-7.405E-2
8.893,5.377E-2,-7.405E-2
8.909,5.259E-2,-7.423E-2
8.926,5.032E-2,-7.455E-2
8.943,4.692E-2,-7.503E-2
8.960,4.274E-2,-7.551E-2
8.977,3.761E-2,-7.597E-2
8.994,3.195E-2,-7.640E-2
9.011,2.582E-2,-7.676E-2
9.027,1.950E-2,-7.693E-2
9.044,1.329E-2,-7.698E-2
9.061,7.225E-3,-7.688E-2
9.078,1.662E-3,-7.664E-2
9.095,-3.123E-3,-7.636E-2
9.112,-7.127E-3,-7.604E-2
9.128,-1.014E-2,-7.576E-2
9.145,-1.211E-2,-7.552E-2
9.162,-1.288E-2,-7.546E-2
9.179,-1.240E-2,-7.553E-2
9.196,-1.083E-2,-7.571E-2
9.213,-8.151E-3,-7.601E-2
9.229,-4.405E-3,-7.635E-2
9.246,2.920E-4,-7.656E-2
9.263,5.604E-3,-7.687E-2
9.280,1.147E-2,-7.703E-2
9.297,1.771E-2,-7.709E-2
9.314,2.396E-2,-7.691E-2
9.331,3.011E-2,-7.666E-2
9.347,3.607E-2,-7.613E-2
9.364,4.120E-2,-7.571E-2
9.381,4.570E-2,-7.519E-2
9.398,4.921E-2,-7.472E-2
9.415,5.180E-2,-7.444E-2
9.432,5.318E-2,-7.420E-2
9.448,5.339E-2,-7.418E-2
9.465,5.237E-2,-7.429E-2
9.482,5.024E-2,-7.455E-2
9.499,4.703E-2,-7.502E-2
9.516,4.284E-2,-7.554E-2
9.533,3.778E-2,-7.606E-2
9.549,3.215E-2,-7.651E-2
9.566,2.617E-2,-7.683E-2
9.583,1.991E-2,-7.703E-2
9.600,1.371E-2,-7.709E-2
9.617,7.752E-3,-7.695E-2
9.634,2.164E-3,-7.673E-2
9.651,-2.649E-3,-7.648E-2
9.667,-6.711E-3,-7.619E-2
9.684,-9.751E-3,-7.590E-2
9.701,-1.180E-2,-7.565E-2
9.718,-1.260E-2,-7.557E-2
9.735,-1.237E-2,-7.563E-2
9.752,-1.083E-2,-7.577E-2
9.768,-8.255E-3,-7.601E-2
9.785,-4.565E-3,-7.629E-2
9.802,-1.831E-6,-7.661E-2
9.819,5.225E-3,-7.690E-2
9.836,1.104E-2,-7.700E-2
9.853,1.713E-2,-7.700E-2
9.869,2.334E-2,-7.683E-2
9.886,2.960E-2,-7.658E-2
9.903,3.544E-2,-7.614E-2
9.920,4.060E-2,-7.575E-2
9.937,4.511E-2,-7.532E-2
9.954,4.873E-2,-7.481E-2
9.971,5.136E-2,-7.445E-2
9.987,5.293E-2,-7.418E-2
10.004,5.324E-2,-7.410E-2
10.021,5.244E-2,-7.420E-2
10.038,5.049E-2,-7.454E-2
10.055,4.744E-2,-7.494E-2
10.072,4.345E-2,-7.539E-2
10.088,3.852E-2,-7.589E-2
10.105,3.308E-2,-7.633E-2
10.122,2.711E-2,-7.666E-2
10.139,2.100E-2,-7.688E-2
10.156,1.492E-2,-7.697E-2
10.173,8.964E-3,-7.690E-2
10.189,3.518E-3,-7.669E-2
10.206,-1.468E-3,-7.648E-2
10.223,-5.515E-3,-7.614E-2
10.240,-8.753E-3,-7.587E-2
10.257,-1.099E-2,-7.568E-2
10.274,-1.193E-2,-7.559E-2
10.291,-1.179E-2,-7.558E-2
10.307,-1.059E-2,-7.570E-2
10.324,-8.130E-3,-7.599E-2
10.341,-4.735E-3,-7.627E-2
10.358,-3.540E-4,-7.651E-2
10.375,4.675E-3,-7.681E-2
10.392,1.029E-2,-7.700E-2
10.408,1.618E-2,-7.706E-2
10.425,2.245E-2,-7.695E-2
10.442,2.850E-2,-7.671E-2
10.459,3.436E-2,-7.635E-2
10.476,3.957E-2,-7.586E-2
10.493,4.426E-2,-7.536E-2
10.509,4.799E-2,-7.485E-2
10.526,5.076E-2,-7.449E-2
10.543,5.242E-2,-7.419E-2
10.560,5.299E-2,-7.418E-2
10.577,5.228E-2,-7.427E-2
10.594,5.044E-2,-7.452E-2
10.611,4.756E-2,-7.493E-2
10.627,4.377E-2,-7.532E-2
10.644,3.901E-2,-7.585E-2
10.661,3.366E-2,-7.630E-2
10.678,2.779E-2,-7.665E-2
10.695,2.174E-2,-7.690E-2
10.712,1.561E-2,-7.694E-2
10.728,9.633E-3,-7.695E-2
10.745,4.045E-3,-7.681E-2
10.762,-9.298E-4,-7.646E-2
10.779,-5.177E-3,-7.617E-2
10.796,-8.387E-3,-7.586E-2
10.813,-1.068E-2,-7.566E-2
10.829,-1.180E-2,-7.557E-2
10.846,-1.182E-2,-7.555E-2
10.863,-1.071E-2,-7.570E-2
10.880,-8.439E-3,-7.590E-2
10.897,-5.123E-3,-7.614E-2
10.914,-9.776E-4,-7.649E-2
10.931,4.049E-3,-7.681E-2
10.947,9.530E-3,-7.696E-2
10.964,1.557E-2,-7.699E-2
10.981,2.167E-2,-7.695E-2
10.998,2.779E-2,-7.667E-2
11.015,3.360E-2,-7.634E-2
11.032,3.883E-2,-7.587E-2
11.048,4.356E-2,-7.534E-2
11.065,4.740E-2,-7.488E-2
11.082,5.028E-2,-7.449E-2
11.099,5.203E-2,-7.425E-2
11.116,5.270E-2,-7.415E-2
11.133,5.217E-2,-7.423E-2
11.149,5.046E-2,-7.447E-2
11.166,4.768E-2,-7.488E-2
11.183,4.395E-2,-7.530E-2
11.200,3.936E-2,-7.583E-2
11.217,3.410E-2,-7.627E-2
11.234,2.831E-2,-7.671E-2
11.251,2.229E-2,-7.690E-2
11.267,1.617E-2,-7.706E-2
11.284,1.018E-2,-7.698E-2
11.301,4.592E-3,-7.683E-2
11.318,-4.108E-4,-7.660E-2
11.335,-4.664E-3,-7.630E-2
11.352,-8.062E-3,-7.605E-2
11.368,-1.038E-2,-7.582E-2
11.385,-1.165E-2,-7.569E-2
11.402,-1.178E-2,-7.571E-2
11.419,-1.074E-2,-7.580E-2
11.436,-8.709E-3,-7.602E-2
11.453,-5.634E-3,-7.625E-2
11.469,-1.442E-3,-7.658E-2
11.486,3.320E-3,-7.685E-2
11.503,8.763E-3,-7.705E-2
11.520,1.466E-2,-7.712E-2
11.537,2.074E-2,-7.705E-2
11.554,2.685E-2,-7.681E-2
11.571,3.264E-2,-7.648E-2
11.587,3.804E-2,-7.607E-2
11.604,4.278E-2,-7.562E-2
11.621,4.673E-2,-7.516E-2
11.638,4.970E-2,-7.471E-2
11.655,5.159E-2,-7.443E-2
11.672,5.239E-2,-7.432E-2
11.688,5.199E-2,-7.437E-2
11.705,5.047E-2,-7.458E-2
11.722,4.786E-2,-7.488E-2
11.739,4.426E-2,-7.531E-2
11.756,3.990E-2,-7.574E-2
11.773,3.467E-2,-7.623E-2
11.789,2.906E-2,-7.665E-2
11.806,2.313E-2,-7.690E-2
11.823,1.708E-2,-7.705E-2
11.840,1.125E-2,-7.701E-2
11.857,5.650E-3,-7.691E-2
11.874,4.948E-4,-7.662E-2
11.891,-3.754E-3,-7.636E-2
11.907,-7.174E-3,-7.607E-2
11.924,-9.716E-3,-7.586E-2
11.941,-1.114E-2,-7.578E-2
11.958,-1.147E-2,-7.567E-2
11.975,-1.061E-2,-7.578E-2
11.992,-8.731E-3,-7.595E-2
12.008,-5.810E-3,-7.619E-2
12.025,-1.837E-3,-7.649E-2
12.042,2.893E-3,-7.674E-2
12.059,8.302E-3,-7.693E-2
12.076,1.412E-2,-7.698E-2
12.093,2.017E-2,-7.689E-2
12.110,2.626E-2,-7.675E-2
12.126,3.207E-2,-7.639E-2
12.143,3.745E-2,-7.589E-2
12.160,4.224E-2,-7.548E-2
12.177,4.621E-2,-7.501E-2
12.194,4.934E-2,-7.468E-2
12.211,5.130E-2,-7.442E-2
12.227,5.223E-2,-7.428E-2
12.244,5.208E-2,-7.430E-2
12.261,5.074E-2,-7.452E-2
12.278,4.836E-2,-7.486E-2
12.295,4.490E-2,-7.525E-2
12.312,4.066E-2,-7.573E-2
12.328,3.560E-2,-7.625E-2
12.345,3.009E-2,-7.659E-2
12.362,2.412E-2,-7.682E-2
12.379,1.806E-2,-7.702E-2
12.396,1.218E-2,-7.706E-2
12.413,6.601E-3,-7.688E-2
12.430,1.455E-3,-7.666E-2
12.446,-2.939E-3,-7.642E-2
12.463,-6.497E-3,-7.616E-2
12.480,-9.207E-3,-7.589E-2
12.497,-1.074E-2,-7.578E-2
12.514,-1.127E-2,-7.567E-2
12.531,-1.062E-2,-7.580E-2
12.547,-8.793E-3,-7.598E-2
12.564,-5.988E-3,-7.619E-2
12.581,-2.309E-3,-7.648E-2
12.598,2.274E-3,-7.671E-2
12.615,7.480E-3,-7.696E-2
12.632,1.310E-2,-7.705E-2
12.648,1.902E-2,-7.705E-2
12.665,2.511E-2,-7.682E-2
12.682,3.103E-2,-7.653E-2
12.699,3.634E-2,-7.622E-2
12.716,4.121E-2,-7.575E-2
12.733,4.533E-2,-7.532E-2
12.750,4.849E-2,-7.491E-2
12.766,5.072E-2,-7.456E-2
12.783,5.183E-2,-7.429E-2
12.800,5.179E-2,-7.437E-2
12.817,5.059E-2,-7.452E-2
12.834,4.828E-2,-7.483E-2
12.851,4.510E-2,-7.529E-2
12.867,4.101E-2,-7.570E-2
12.884,3.617E-2,-7.611E-2
12.901,3.076E-2,-7.648E-2
12.918,2.505E-2,-7.674E-2
12.935,1.903E-2,-7.697E-2
12.952,1.317E-2,-7.701E-2
12.968,7.403E-3,-7.687E-2
12.985,2.242E-3,-7.673E-2
13.002,-2.318E-3,-7.643E-2
13.019,-5.989E-3,-7.615E-2
13.036,-8.740E-3,-7.593E-2
13.053,-1.053E-2,-7.581E-2
13.070,-1.115E-2,-7.584E-2
13.086,-1.066E-2,-7.586E-2
13.103,-9.016E-3,-7.599E-2
13.120,-6.380E-3,-7.619E-2
13.137,-2.820E-3,-7.649E-2
13.154,1.676E-3,-7.666E-2
13.171,6.755E-3,-7.686E-2
13.187,1.245E-2,-7.697E-2
13.204,1.826E-2,-7.691E-2
13.221,2.432E-2,-7.675E-2
13.238,3.013E-2,-7.654E-2
13.255,3.552E-2,-7.615E-2
13.272,4.042E-2,-7.571E-2
13.288,4.456E-2,-7.524E-2
13.305,4.787E-2,-7.489E-2
13.322,5.026E-2,-7.452E-2
13.339,5.149E-2,-7.437E-2
13.356,5.160E-2,-7.438E-2
13.373,5.060E-2,-7.452E-2
13.390,4.852E-2,-7.475E-2
13.406,4.545E-2,-7.509E-2
13.423,4.144E-2,-7.563E-2
13.440,3.665E-2,-7.605E-2
13.457,3.140E-2,-7.646E-2
13.474,2.566E-2,-7.687E-2
13.491,1.982E-2,-7.700E-2
13.507,1.388E-2,-7.699E-2
13.524,8.268E-3,-7.692E-2
13.541,3.125E-3,-7.671E-2
13.558,-1.472E-3,-7.650E-2
13.575,-5.176E-3,-7.618E-2
13.592,-8.067E-3,-7.593E-2
13.608,-9.943E-3,-7.585E-2
13.625,-1.076E-2,-7.583E-2
13.642,-1.050E-2,-7.581E-2
13.659,-9.005E-3,-7.594E-2
13.676,-6.483E-3,-7.619E-2
13.693,-3.115E-3,-7.639E-2
13.710,1.145E-3,-7.671E-2
13.726,6.105E-3,-7.682E-2
13.743,1.166E-2,-7.696E-2
13.760,1.753E-2,-7.698E-2
13.777,2.338E-2,-7.685E-2
13.794,2.926E-2,-7.654E-2
13.811,3.473E-2,-7.622E-2
13.827,3.964E-2,-7.582E-2
13.844,4.395E-2,-7.531E-2
13.861,4.741E-2,-7.492E-2
13.878,4.989E-2,-7.456E-2
13.895,5.128E-2,-7.431E-2
13.912,5.159E-2,-7.436E-2
13.928,5.073E-2,-7.447E-2
13.945,4.888E-2,-7.472E-2
13.962,4.591E-2,-7.515E-2
13.979,4.210E-2,-7.549E-2
13.996,3.760E-2,-7.592E-2
14.013,3.239E-2,-7.629E-2
14.030,2.681E-2,-7.665E-2
14.046,2.100E-2,-7.688E-2
14.063,1.521E-2,-7.692E-2
14.080,9.547E-3,-7.688E-2
14.097,4.305E-3,-7.678E-2
14.114,-3.695E-4,-7.647E-2
14.131,-4.289E-3,-7.628E-2
14.147,-7.366E-3,-7.605E-2
14.164,-9.413E-3,-7.587E-2
14.181,-1.042E-2,-7.581E-2
14.198,-1.030E-2,-7.594E-2
14.215,-9.128E-3,-7.604E-2
14.232,-6.894E-3,-7.624E-2
14.248,-3.639E-3,-7.646E-2
14.265,4.900E-4,-7.667E-2
14.282,5.295E-3,-7.687E-2
14.299,1.059E-2,-7.705E-2
14.316,1.634E-2,-7.710E-2
14.333,2.220E-2,-7.700E-2
14.350,2.799E-2,-7.671E-2
14.366,3.353E-2,-7.634E-2
14.383,3.851E-2,-7.589E-2
14.400,4.291E-2,-7.555E-2
14.417,4.647E-2,-7.512E-2
14.434,4.909E-2,-7.473E-2
14.451,5.064E-2,-7.448E-2
14.467,5.114E-2,-7.449E-2
14.484,5.054E-2,-7.455E-2
14.501,4.888E-2,-7.473E-2
14.518,4.615E-2,-7.501E-2
14.535,4.263E-2,-7.548E-2
14.552,3.827E-2,-7.583E-2
14.568,3.329E-2,-7.628E-2
14.585,2.788E-2,-7.661E-2
14.602,2.209E-2,-7.675E-2
14.619,1.630E-2,-7.687E-2
14.636,1.066E-2,-7.686E-2
14.653,5.421E-3,-7.676E-2
14.670,7.001E-4,-7.649E-2
14.686,-3.331E-3,-7.628E-2
14.703,-6.481E-3,-7.608E-2
14.720,-8.693E-3,-7.593E-2
14.737,-9.825E-3,-7.573E-2
14.754,-9.903E-3,-7.577E-2
14.771,-8.951E-3,-7.587E-2
14.787,-6.875E-3,-7.609E-2
14.804,-3.793E-3,-7.629E-2
14.821,2.472E-4,-7.649E-2
14.838,4.885E-3,-7.670E-2
14.855,1.011E-2,-7.691E-2
14.872,1.569E-2,-7.693E-2
14.888,2.148E-2,-7.682E-2
14.905,2.724E-2,-7.664E-2
14.922,3.278E-2,-7.633E-2
14.939,3.789E-2,-7.589E-2
14.956,4.233E-2,-7.544E-2
14.973,4.597E-2,-7.503E-2
14.990,4.875E-2,-7.473E-2
15.006,5.038E-2,-7.452E-2
15.023,5.116E-2,-7.437E-2
15.040,5.064E-2,-7.441E-2
15.057,4.917E-2,-7.469E-2
15.074,4.673E-2,-7.495E-2
15.091,4.332E-2,-7.527E-2
15.107,3.915E-2,-7.573E-2
15.124,3.430E-2,-7.608E-2
15.141,2.886E-2,-7.646E-2
15.158,2.322E-2,-7.673E-2
15.175,1.739E-2,-7.690E-2
15.192,1.185E-2,-7.679E-2
15.208,6.480E-3,-7.676E-2
15.225,1.682E-3,-7.650E-2
15.242,-2.421E-3,-7.630E-2
15.259,-5.823E-3,-7.603E-2
15.276,-8.162E-3,-7.584E-2
15.293,-9.459E-3,-7.570E-2
15.310,-9.726E-3,-7.572E-2
15.326,-8.966E-3,-7.586E-2
15.343,-7.028E-3,-7.596E-2
15.360,-4.135E-3,-7.620E-2
15.377,-4.356E-4,-7.646E-2
15.394,4.059E-3,-7.671E-2
15.411,9.218E-3,-7.685E-2
15.427,1.474E-2,-7.693E-2
15.444,2.045E-2,-7.690E-2
15.461,2.616E-2,-7.663E-2
15.478,3.171E-2,-7.641E-2
15.495,3.690E-2,-7.596E-2
15.512,4.134E-2,-7.553E-2
15.528,4.513E-2,-7.517E-2
15.545,4.797E-2,-7.469E-2
15.562,4.990E-2,-7.446E-2
15.579,5.070E-2,-7.439E-2
15.596,5.048E-2,-7.445E-2
15.613,4.923E-2,-7.459E-2
15.630,4.698E-2,-7.487E-2
15.646,4.381E-2,-7.527E-2
15.663,3.972E-2,-7.570E-2
15.680,3.497E-2,-7.612E-2
15.697,2.968E-2,-7.648E-2
15.714,2.408E-2,-7.676E-2
15.731,1.833E-2,-7.687E-2
15.747,1.267E-2,-7.689E-2
15.764,7.411E-3,-7.680E-2
15.781,2.576E-3,-7.658E-2
15.798,-1.685E-3,-7.636E-2
15.815,-5.079E-3,-7.610E-2
15.832,-7.600E-3,-7.590E-2
15.848,-9.197E-3,-7.581E-2
15.865,-9.559E-3,-7.578E-2
15.882,-9.028E-3,-7.581E-2
15.899,-7.356E-3,-7.603E-2
15.916,-4.645E-3,-7.624E-2
15.933,-1.042E-3,-7.651E-2
15.950,3.306E-3,-7.670E-2
15.966,8.258E-3,-7.689E-2
15.983,1.373E-2,-7.699E-2
16.000,1.940E-2,-7.692E-2
16.017,2.513E-2,-7.672E-2
16.034,3.066E-2,-7.644E-2
16.051,3.579E-2,-7.610E-2
16.067,4.036E-2,-7.569E-2
16.084,4.428E-2,-7.529E-2
16.101,4.734E-2,-7.496E-2
16.118,4.935E-2,-7.465E-2
16.135,5.036E-2,-7.449E-2
16.152,5.035E-2,-7.449E-2
16.168,4.924E-2,-7.462E-2
16.185,4.721E-2,-7.487E-2
16.202,4.418E-2,-7.526E-2
16.219,4.034E-2,-7.568E-2
16.236,3.575E-2,-7.608E-2
16.253,3.052E-2,-7.646E-2
16.270,2.509E-2,-7.673E-2
16.286,1.944E-2,-7.690E-2
16.303,1.383E-2,-7.692E-2
16.320,8.449E-3,-7.689E-2
16.337,3.487E-3,-7.667E-2
16.354,-8.274E-4,-7.647E-2
16.371,-4.404E-3,-7.623E-2
16.387,-7.120E-3,-7.608E-2
16.404,-8.797E-3,-7.589E-2
16.421,-9.425E-3,-7.586E-2
16.438,-8.997E-3,-7.591E-2
16.455,-7.552E-3,-7.606E-2
16.472,-5.065E-3,-7.630E-2
16.488,-1.669E-3,-7.650E-2
16.505,2.471E-3,-7.668E-2
16.522,7.303E-3,-7.691E-2
16.539,1.259E-2,-7.694E-2
16.556,1.822E-2,-7.697E-2
16.573,2.387E-2,-7.685E-2
16.590,2.947E-2,-7.658E-2
16.606,3.458E-2,-7.625E-2
16.623,3.935E-2,-7.578E-2
16.640,4.327E-2,-7.542E-2
16.657,4.648E-2,-7.506E-2
16.674,4.874E-2,-7.476E-2
16.691,5.001E-2,-7.453E-2
16.707,5.018E-2,-7.456E-2
16.724,4.924E-2,-7.461E-2
16.741,4.741E-2,-7.485E-2
16.758,4.450E-2,-7.524E-2
16.775,4.082E-2,-7.565E-2
16.792,3.640E-2,-7.607E-2
16.808,3.149E-2,-7.641E-2
16.825,2.599E-2,-7.668E-2
16.842,2.041E-2,-7.693E-2
16.859,1.479E-2,-7.698E-2
16.876,9.378E-3,-7.690E-2
16.893,4.450E-3,-7.678E-2
16.910,-1.966E-5,-7.653E-2
16.926,-3.755E-3,-7.627E-2
16.943,-6.539E-3,-7.609E-2
16.960,-8.377E-3,-7.593E-2
16.977,-9.251E-3,-7.581E-2
16.994,-8.999E-3,-7.589E-2
17.011,-7.720E-3,-7.599E-2
17.027,-5.453E-3,-7.617E-2
17.044,-2.287E-3,-7.638E-2
17.061,1.771E-3,-7.658E-2
17.078,6.467E-3,-7.679E-2
17.095,1.154E-2,-7.695E-2
17.112,1.708E-2,-7.693E-2
17.128,2.276E-2,-7.679E-2
17.145,2.832E-2,-7.660E-2
17.162,3.345E-2,-7.621E-2
17.179,3.823E-2,-7.586E-2
17.196,4.240E-2,-7.539E-2
17.213,4.566E-2,-7.508E-2
17.230,4.808E-2,-7.479E-2
17.246,4.952E-2,-7.462E-2
17.263,4.998E-2,-7.457E-2
17.280,4.927E-2,-7.464E-2
17.297,4.761E-2,-7.483E-2
17.314,4.500E-2,-7.516E-2
17.331,4.147E-2,-7.559E-2
17.347,3.720E-2,-7.603E-2
17.364,3.238E-2,-7.635E-2
17.381,2.707E-2,-7.667E-2
17.398,2.155E-2,-7.687E-2
17.415,1.601E-2,-7.691E-2
17.432,1.061E-2,-7.689E-2
17.448,5.603E-3,-7.676E-2
17.465,1.089E-3,-7.653E-2
17.482,-2.738E-3,-7.631E-2
17.499,-5.739E-3,-7.608E-2
17.516,-7.799E-3,-7.593E-2
17.533,-8.869E-3,-7.583E-2
17.550,-8.841E-3,-7.583E-2
17.566,-7.741E-3,-7.596E-2
17.583,-5.700E-3,-7.611E-2
17.600,-2.708E-3,-7.636E-2
17.617,1.151E-3,-7.659E-2
17.634,5.681E-3,-7.677E-2
17.651,1.071E-2,-7.689E-2
17.667,1.608E-2,-7.688E-2
17.684,2.174E-2,-7.680E-2
17.701,2.720E-2,-7.662E-2
17.718,3.246E-2,-7.632E-2
17.735,3.733E-2,-7.592E-2
17.752,4.146E-2,-7.559E-2
17.768,4.497E-2,-7.508E-2
17.785,4.752E-2,-7.486E-2
17.802,4.914E-2,-7.464E-2
17.819,4.978E-2,-7.455E-2
17.836,4.929E-2,-7.462E-2
17.853,4.783E-2,-7.482E-2
17.870,4.544E-2,-7.510E-2
17.886,4.218E-2,-7.542E-2
17.903,3.822E-2,-7.588E-2
17.920,3.352E-2,-7.624E-2
17.937,2.842E-2,-7.652E-2
17.954,2.300E-2,-7.674E-2
17.971,1.747E-2,-7.683E-2
17.987,1.220E-2,-7.677E-2
18.004,7.123E-3,-7.667E-2
18.021,2.592E-3,-7.655E-2
18.038,-1.290E-3,-7.624E-2
18.055,-4.282E-3,-7.597E-2
18.072,-6.427E-3,-7.568E-2
18.088,-7.529E-3,-7.555E-2
18.105,-7.727E-3,-7.553E-2
18.122,-6.853E-3,-7.548E-2
18.139,-5.021E-3,-7.569E-2
18.156,-2.381E-3,-7.603E-2
18.173,1.170E-3,-7.634E-2
18.190,5.388E-3,-7.662E-2
18.206,1.028E-2,-7.680E-2
18.223,1.545E-2,-7.682E-2
18.240,2.091E-2,-7.677E-2
18.257,2.629E-2,-7.667E-2
18.274,3.146E-2,-7.641E-2
18.291,3.628E-2,-7.608E-2
18.307,4.053E-2,-7.569E-2
18.324,4.414E-2,-7.532E-2
18.341,4.685E-2,-7.502E-2
18.358,4.868E-2,-7.477E-2
18.375,4.946E-2,-7.463E-2
18.392,4.919E-2,-7.464E-2
18.408,4.796E-2,-7.488E-2
18.425,4.567E-2,-7.512E-2
18.442,4.251E-2,-7.542E-2
18.459,3.858E-2,-7.587E-2
18.476,3.403E-2,-7.625E-2
18.493,2.909E-2,-7.659E-2
18.510,2.363E-2,-7.684E-2
18.526,1.817E-2,-7.696E-2
18.543,1.276E-2,-7.701E-2
18.560,7.584E-3,-7.686E-2
18.577,2.942E-3,-7.671E-2
18.594,-1.096E-3,-7.648E-2
18.611,-4.395E-3,-7.628E-2
18.627,-6.756E-3,-7.608E-2
18.644,-8.145E-3,-7.597E-2
18.661,-8.527E-3,-7.593E-2
18.678,-7.906E-3,-7.598E-2
18.695,-6.309E-3,-7.611E-2
18.712,-3.717E-3,-7.631E-2
18.728,-2.009E-4,-7.653E-2
18.745,4.026E-3,-7.675E-2
18.762,8.817E-3,-7.685E-2
18.779,1.398E-2,-7.689E-2
18.796,1.950E-2,-7.687E-2
18.813,2.499E-2,-7.670E-2
18.830,3.030E-2,-7.649E-2
18.846,3.524E-2,-7.610E-2
18.863,3.969E-2,-7.573E-2
18.880,4.339E-2,-7.532E-2
18.897,4.624E-2,-7.502E-2
18.914,4.830E-2,-7.478E-2
18.931,4.929E-2,-7.461E-2
18.947,4.927E-2,-7.468E-2
18.964,4.818E-2,-7.479E-2
18.981,4.614E-2,-7.512E-2
18.998,4.325E-2,-7.538E-2
19.015,3.948E-2,-7.570E-2
19.032,3.506E-2,-7.610E-2
19.048,3.010E-2,-7.653E-2
19.065,2.481E-2,-7.676E-2
19.082,1.935E-2,-7.693E-2
19.099,1.398E-2,-7.694E-2
19.116,8.817E-3,-7.689E-2
19.133,4.079E-3,-7.669E-2
19.150,-1.358E-4,-7.647E-2
19.166,-3.533E-3,-7.633E-2
19.183,-6.044E-3,-7.608E-2
19.200,-7.708E-3,-7.605E-2
19.217,-8.348E-3,-7.600E-2
19.234,-7.980E-3,-7.606E-2
19.251,-6.532E-3,-7.620E-2
19.267,-4.189E-3,-7.631E-2
19.284,-8.810E-4,-7.651E-2
19.301,3.035E-3,-7.676E-2
19.318,7.677E-3,-7.688E-2
19.335,1.271E-2,-7.699E-2
19.352,1.810E-2,-7.695E-2
19.368,2.356E-2,-7.679E-2
19.385,2.894E-2,-7.658E-2
19.402,3.388E-2,-7.623E-2
19.419,3.848E-2,-7.585E-2
19.436,4.236E-2,-7.546E-2
19.453,4.551E-2,-7.515E-2
19.470,4.770E-2,-7.488E-2
19.486,4.893E-2,-7.474E-2
19.503,4.911E-2,-7.469E-2
19.520,4.827E-2,-7.480E-2
19.537,4.648E-2,-7.505E-2
19.554,4.375E-2,-7.533E-2
19.571,4.024E-2,-7.575E-2
19.587,3.599E-2,-7.613E-2
19.604,3.126E-2,-7.640E-2
19.621,2.604E-2,-7.669E-2
19.638,2.070E-2,-7.682E-2
19.655,1.545E-2,-7.688E-2
19.672,1.030E-2,-7.688E-2
19.688,5.555E-3,-7.673E-2
19.705,1.376E-3,-7.658E-2
19.722,-2.157E-3,-7.633E-2
19.739,-4.872E-3,-7.613E-2
19.756,-6.661E-3,-7.599E-2
19.773,-7.600E-3,-7.586E-2
19.790,-7.392E-3,-7.590E-2
19.806,-6.144E-3,-7.598E-2
19.823,-3.982E-3,-7.608E-2
19.840,-9.236E-4,-7.633E-2
19.857,2.901E-3,-7.650E-2
19.874,7.358E-3,-7.669E-2
19.891,1.226E-2,-7.683E-2
19.907,1.750E-2,-7.684E-2
19.924,2.289E-2,-7.674E-2
19.941,2.819E-2,-7.649E-2
19.958,3.313E-2,-7.623E-2
19.975,3.768E-2,-7.588E-2
19.992,4.166E-2,-7.555E-2
20.008,4.487E-2,-7.517E-2
20.025,4.716E-2,-7.482E-2
20.042,4.860E-2,-7.468E-2
20.059,4.899E-2,-7.461E-2
20.076,4.845E-2,-7.473E-2
20.093,4.684E-2,-7.490E-2
20.110,4.429E-2,-7.526E-2
20.126,4.097E-2,-7.557E-2
20.143,3.684E-2,-7.596E-2
20.160,3.218E-2,-7.633E-2
20.177,2.710E-2,-7.658E-2
20.194,2.177E-2,-7.676E-2
20.211,1.640E-2,-7.688E-2
20.227,1.121E-2,-7.683E-2
20.244,6.398E-3,-7.675E-2
20.261,2.087E-3,-7.654E-2
20.278,-1.622E-3,-7.636E-2
20.295,-4.530E-3,-7.610E-2
20.312,-6.524E-3,-7.595E-2
20.328,-7.674E-3,-7.593E-2
20.345,-7.731E-3,-7.591E-2
20.362,-6.749E-3,-7.598E-2
20.379,-4.805E-3,-7.608E-2
20.396,-1.939E-3,-7.628E-2
20.413,1.738E-3,-7.651E-2
20.430,6.028E-3,-7.671E-2
20.446,1.088E-2,-7.684E-2
