,mass A,,
t,x,y,
0.017,-1.807E-2,-0.104
0.034,-1.816E-2,-0.104
0.051,-1.822E-2,-0.104
0.067,-1.827E-2,-0.104
0.084,-1.833E-2,-0.104
0.101,-1.831E-2,-0.105
0.118,-1.825E-2,-0.105
0.135,-1.820E-2,-0.105
0.152,-1.811E-2,-0.105
0.168,-1.802E-2,-0.105
0.185,-1.798E-2,-0.105
0.202,-1.792E-2,-0.104
0.219,-1.796E-2,-0.104
0.236,-1.805E-2,-0.104
0.253,-1.817E-2,-0.104
0.269,-1.831E-2,-0.104
0.286,-1.839E-2,-0.104
0.303,-1.843E-2,-0.104
0.320,-1.840E-2,-0.104
0.337,-1.830E-2,-0.104
0.354,-1.823E-2,-0.104
0.371,-1.810E-2,-0.105
0.387,-1.799E-2,-0.105
0.404,-1.798E-2,-0.105
0.421,-1.799E-2,-0.105
0.438,-1.803E-2,-0.104
0.455,-1.799E-2,-0.104
0.472,-1.802E-2,-0.104
0.488,-1.805E-2,-0.104
0.505,-1.808E-2,-0.104
0.522,-1.810E-2,-0.104
0.539,-1.807E-2,-0.104
0.556,-1.802E-2,-0.104
0.573,-1.808E-2,-0.104
0.589,-1.805E-2,-0.105
0.606,-1.809E-2,-0.105
0.623,-1.817E-2,-0.105
0.640,-1.827E-2,-0.105
0.657,-1.849E-2,-0.104
0.674,-1.866E-2,-0.104
0.691,-1.881E-2,-0.104
0.707,-1.897E-2,-0.104
0.724,-1.901E-2,-0.104
0.741,-1.897E-2,-0.104
0.758,-1.884E-2,-0.104
0.775,-1.868E-2,-0.104
0.792,-1.857E-2,-0.104
0.808,-1.852E-2,-0.104
0.825,-1.849E-2,-0.104
0.842,-1.861E-2,-0.104
0.859,-1.869E-2,-0.104
0.876,-1.874E-2,-0.104
0.893,-1.875E-2,-0.104
0.909,-1.869E-2,-0.104
0.926,-1.866E-2,-0.104
0.943,-1.861E-2,-0.104
0.960,-1.849E-2,-0.104
0.977,-1.839E-2,-0.104
0.994,-1.828E-2,-0.104
1.011,-1.823E-2,-0.104
1.027,-1.824E-2,-0.104
1.044,-1.828E-2,-0.104
1.061,-1.834E-2,-0.104
1.078,-1.846E-2,-0.104
1.095,-1.853E-2,-0.104
1.112,-1.853E-2,-0.104
1.128,-1.850E-2,-0.104
1.145,-1.839E-2,-0.104
1.162,-1.826E-2,-0.104
1.179,-1.812E-2,-0.104
1.196,-1.802E-2,-0.104
1.213,-1.797E-2,-0.104
1.229,-1.799E-2,-0.104
1.246,-1.803E-2,-0.104
1.263,-1.808E-2,-0.104
1.280,-1.813E-2,-0.104
1.297,-1.811E-2,-0.104
1.314,-1.799E-2,-0.104
1.331,-1.782E-2,-0.104
1.347,-1.729E-2,-0.105
1.364,-1.631E-2,-0.105
1.381,-1.483E-2,-0.105
1.398,-1.249E-2,-0.105
1.415,-9.079E-3,-0.105
1.432,-4.742E-3,-0.105
1.448,3.761E-4,-0.105
1.465,5.623E-3,-0.105
1.482,1.067E-2,-0.105
1.499,1.462E-2,-0.105
1.516,1.715E-2,-0.104
1.533,1.804E-2,-0.104
1.549,1.707E-2,-0.104
1.566,1.449E-2,-0.105
1.583,1.040E-2,-0.105
1.600,5.561E-3,-0.105
1.617,2.537E-4,-0.105
1.634,-4.575E-3,-0.105
1.651,-8.688E-3,-0.105
1.667,-1.120E-2,-0.105
1.684,-1.204E-2,-0.105
1.701,-1.092E-2,-0.105
1.718,-8.151E-3,-0.105
1.735,-3.906E-3,-0.105
1.752,1.103E-3,-0.105
1.768,6.238E-3,-0.105
1.785,1.102E-2,-0.105
1.802,1.487E-2,-0.105
1.819,1.719E-2,-0.105
1.836,1.781E-2,-0.105
1.853,1.668E-2,-0.105
1.869,1.387E-2,-0.105
1.886,9.824E-3,-0.105
1.903,4.931E-3,-0.105
1.920,-3.023E-4,-0.105
1.937,-5.039E-3,-0.105
1.954,-8.780E-3,-0.105
1.971,-1.121E-2,-0.105
1.987,-1.181E-2,-0.105
2.004,-1.049E-2,-0.105
2.021,-7.586E-3,-0.105
2.038,-3.371E-3,-0.105
2.055,1.601E-3,-0.105
2.072,6.764E-3,-0.105
2.088,1.133E-2,-0.105
2.105,1.501E-2,-0.105
2.122,1.709E-2,-0.105
2.139,1.755E-2,-0.105
2.156,1.622E-2,-0.105
2.173,1.334E-2,-0.105
2.189,9.241E-3,-0.105
2.206,4.329E-3,-0.105
2.223,-7.263E-4,-0.105
2.240,-5.418E-3,-0.105
2.257,-9.017E-3,-0.105
2.274,-1.122E-2,-0.105
2.291,-1.160E-2,-0.105
2.307,-1.012E-2,-0.105
2.324,-7.075E-3,-0.105
2.341,-2.829E-3,-0.105
2.358,2.149E-3,-0.105
2.375,7.239E-3,-0.105
2.392,1.174E-2,-0.105
2.408,1.523E-2,-0.105
2.425,1.718E-2,-0.105
2.442,1.744E-2,-0.105
2.459,1.594E-2,-0.105
2.476,1.293E-2,-0.105
2.493,8.826E-3,-0.105
2.509,3.909E-3,-0.105
2.526,-1.135E-3,-0.105
2.543,-5.705E-3,-0.105
2.560,-9.164E-3,-0.105
2.577,-1.119E-2,-0.105
2.594,-1.137E-2,-0.105
2.611,-9.714E-3,-0.105
2.627,-6.559E-3,-0.105
2.644,-2.259E-3,-0.105
2.661,2.704E-3,-0.105
2.678,7.685E-3,-0.105
2.695,1.215E-2,-0.105
2.712,1.538E-2,-0.105
2.728,1.712E-2,-0.105
2.745,1.720E-2,-0.105
2.762,1.552E-2,-0.105
2.779,1.243E-2,-0.105
2.796,8.078E-3,-0.105
2.813,3.265E-3,-0.105
2.829,-1.718E-3,-0.105
2.846,-6.031E-3,-0.105
2.863,-9.254E-3,-0.105
2.880,-1.107E-2,-0.105
2.897,-1.103E-2,-0.105
2.914,-9.222E-3,-0.105
2.931,-5.979E-3,-0.105
2.947,-1.637E-3,-0.105
2.964,3.247E-3,-0.105
2.981,8.106E-3,-0.105
2.998,1.245E-2,-0.105
3.015,1.549E-2,-0.105
3.032,1.708E-2,-0.105
3.048,1.699E-2,-0.105
3.065,1.521E-2,-0.105
3.082,1.193E-2,-0.105
3.099,7.613E-3,-0.105
3.116,2.724E-3,-0.106
3.133,-2.116E-3,-0.106
3.149,-6.268E-3,-0.105
3.166,-9.444E-3,-0.105
3.183,-1.096E-2,-0.105
3.200,-1.079E-2,-0.105
3.217,-8.921E-3,-0.105
3.234,-5.548E-3,-0.105
3.251,-1.213E-3,-0.105
3.267,3.749E-3,-0.105
3.284,8.539E-3,-0.105
3.301,1.256E-2,-0.105
3.318,1.549E-2,-0.105
3.335,1.693E-2,-0.105
3.352,1.669E-2,-0.105
3.368,1.480E-2,-0.105
3.385,1.144E-2,-0.105
3.402,7.146E-3,-0.105
3.419,2.256E-3,-0.105
3.436,-2.503E-3,-0.105
3.453,-6.558E-3,-0.105
3.469,-9.473E-3,-0.105
3.486,-1.091E-2,-0.105
3.503,-1.053E-2,-0.105
3.520,-8.559E-3,-0.105
3.537,-5.064E-3,-0.105
3.554,-6.807E-4,-0.105
3.571,4.204E-3,-0.105
3.587,8.928E-3,-0.105
3.604,1.284E-2,-0.105
3.621,1.559E-2,-0.105
3.638,1.683E-2,-0.105
3.655,1.637E-2,-0.105
3.672,1.433E-2,-0.105
3.688,1.098E-2,-0.105
3.705,6.630E-3,-0.105
3.722,1.800E-3,-0.105
3.739,-2.857E-3,-0.105
3.756,-6.782E-3,-0.105
3.773,-9.535E-3,-0.105
3.789,-1.082E-2,-0.105
3.806,-1.030E-2,-0.105
3.823,-8.154E-3,-0.105
3.840,-4.592E-3,-0.105
3.857,-2.105E-4,-0.105
3.874,4.660E-3,-0.105
3.891,9.230E-3,-0.105
3.907,1.304E-2,-0.105
3.924,1.564E-2,-0.105
3.941,1.675E-2,-0.105
3.958,1.615E-2,-0.105
3.975,1.410E-2,-0.105
3.992,1.061E-2,-0.105
4.008,6.228E-3,-0.105
4.025,1.476E-3,-0.105
4.042,-3.104E-3,-0.105
4.059,-6.929E-3,-0.105
4.076,-9.598E-3,-0.105
4.093,-1.062E-2,-0.105
4.109,-9.983E-3,-0.105
4.126,-7.733E-3,-0.105
4.143,-4.218E-3,-0.105
4.160,2.127E-4,-0.106
4.177,5.021E-3,-0.105
4.194,9.513E-3,-0.105
4.211,1.320E-2,-0.105
4.227,1.559E-2,-0.105
4.244,1.657E-2,-0.105
4.261,1.585E-2,-0.105
4.278,1.363E-2,-0.105
4.295,1.019E-2,-0.105
4.312,5.819E-3,-0.105
4.328,1.073E-3,-0.105
4.345,-3.426E-3,-0.105
4.362,-7.083E-3,-0.105
4.379,-9.592E-3,-0.105
4.396,-1.047E-2,-0.105
4.413,-9.656E-3,-0.105
4.429,-7.335E-3,-0.105
4.446,-3.820E-3,-0.105
4.463,6.530E-4,-0.106
4.480,5.378E-3,-0.105
4.497,9.772E-3,-0.105
4.514,1.333E-2,-0.105
4.531,1.564E-2,-0.105
4.547,1.640E-2,-0.105
4.564,1.564E-2,-0.105
4.581,1.335E-2,-0.105
4.598,9.825E-3,-0.105
4.615,5.475E-3,-0.105
4.632,7.641E-4,-0.105
4.648,-3.608E-3,-0.105
4.665,-7.168E-3,-0.105
4.682,-9.589E-3,-0.105
4.699,-1.033E-2,-0.105
4.716,-9.420E-3,-0.105
4.733,-7.007E-3,-0.105
4.749,-3.262E-3,-0.105
4.766,1.073E-3,-0.105
4.783,5.735E-3,-0.105
4.800,1.001E-2,-0.105
4.817,1.344E-2,-0.105
4.834,1.562E-2,-0.105
4.851,1.625E-2,-0.105
4.867,1.540E-2,-0.105
4.884,1.299E-2,-0.105
4.901,9.429E-3,-0.105
4.918,5.038E-3,-0.105
4.935,4.315E-4,-0.105
4.952,-3.792E-3,-0.105
4.968,-7.304E-3,-0.105
4.985,-9.457E-3,-0.105
5.002,-1.012E-2,-0.105
5.019,-9.073E-3,-0.105
5.036,-6.571E-3,-0.105
5.053,-2.859E-3,-0.105
5.069,1.455E-3,-0.105
5.086,6.052E-3,-0.105
5.103,1.026E-2,-0.105
5.120,1.356E-2,-0.105
5.137,1.559E-2,-0.105
5.154,1.610E-2,-0.105
5.171,1.514E-2,-0.105
5.187,1.270E-2,-0.105
5.204,9.105E-3,-0.105
5.221,4.779E-3,-0.105
5.238,2.078E-4,-0.105
5.255,-3.963E-3,-0.105
5.272,-7.349E-3,-0.105
5.288,-9.401E-3,-0.105
5.305,-9.968E-3,-0.105
5.322,-8.848E-3,-0.105
5.339,-6.332E-3,-0.105
5.356,-2.598E-3,-0.105
5.373,1.783E-3,-0.105
5.389,6.261E-3,-0.105
5.406,1.038E-2,-0.105
5.423,1.356E-2,-0.105
5.440,1.548E-2,-0.105
5.457,1.590E-2,-0.105
5.474,1.487E-2,-0.105
5.491,1.238E-2,-0.105
5.507,8.763E-3,-0.105
5.524,4.426E-3,-0.105
5.541,-3.472E-5,-0.105
5.558,-4.161E-3,-0.105
5.575,-7.428E-3,-0.105
5.592,-9.374E-3,-0.105
5.608,-9.821E-3,-0.105
5.625,-8.584E-3,-0.105
5.642,-6.030E-3,-0.105
5.659,-2.246E-3,-0.105
5.676,2.100E-3,-0.105
5.693,6.524E-3,-0.105
5.709,1.048E-2,-0.105
5.726,1.360E-2,-0.105
5.743,1.542E-2,-0.105
5.760,1.573E-2,-0.105
5.777,1.458E-2,-0.105
5.794,1.203E-2,-0.105
5.811,8.310E-3,-0.105
5.827,4.109E-3,-0.105
5.844,-4.081E-4,-0.105
5.861,-4.430E-3,-0.105
5.878,-7.532E-3,-0.105
5.895,-9.418E-3,-0.105
5.912,-9.732E-3,-0.105
5.928,-8.459E-3,-0.105
5.945,-5.807E-3,-0.105
5.962,-2.025E-3,-0.106
5.979,2.289E-3,-0.106
5.996,6.675E-3,-0.105
6.013,1.062E-2,-0.105
6.029,1.361E-2,-0.105
6.046,1.533E-2,-0.105
6.063,1.556E-2,-0.105
6.080,1.428E-2,-0.105
6.097,1.167E-2,-0.105
6.114,8.016E-3,-0.105
6.131,3.726E-3,-0.106
6.147,-5.822E-4,-0.106
6.164,-4.541E-3,-0.106
6.181,-7.522E-3,-0.105
6.198,-9.307E-3,-0.105
6.215,-9.505E-3,-0.105
6.232,-8.115E-3,-0.105
6.248,-5.486E-3,-0.105
6.265,-1.679E-3,-0.106
6.282,2.572E-3,-0.106
6.299,6.939E-3,-0.105
6.316,1.073E-2,-0.105
6.333,1.363E-2,-0.105
6.349,1.529E-2,-0.105
6.366,1.545E-2,-0.105
6.383,1.411E-2,-0.105
6.400,1.146E-2,-0.105
6.417,7.799E-3,-0.105
6.434,3.566E-3,-0.105
6.451,-6.950E-4,-0.106
6.467,-4.576E-3,-0.105
6.484,-7.499E-3,-0.105
6.501,-9.152E-3,-0.105
6.518,-9.291E-3,-0.105
6.535,-7.855E-3,-0.105
6.552,-5.153E-3,-0.105
6.568,-1.382E-3,-0.106
6.585,2.848E-3,-0.106
6.602,7.158E-3,-0.105
6.619,1.088E-2,-0.105
6.636,1.368E-2,-0.105
6.653,1.525E-2,-0.105
6.669,1.532E-2,-0.105
6.686,1.392E-2,-0.105
6.703,1.122E-2,-0.105
6.720,7.581E-3,-0.105
6.737,3.374E-3,-0.105
6.754,-8.426E-4,-0.106
6.771,-4.658E-3,-0.105
6.787,-7.428E-3,-0.105
6.804,-9.032E-3,-0.105
6.821,-9.063E-3,-0.105
6.838,-7.575E-3,-0.105
6.855,-4.846E-3,-0.105
6.872,-1.090E-3,-0.106
6.888,3.133E-3,-0.106
6.905,7.283E-3,-0.105
6.922,1.096E-2,-0.105
6.939,1.367E-2,-0.105
6.956,1.513E-2,-0.105
6.973,1.513E-2,-0.105
6.989,1.366E-2,-0.105
7.006,1.096E-2,-0.105
7.023,7.298E-3,-0.105
7.040,3.110E-3,-0.105
7.057,-1.054E-3,-0.106
7.074,-4.779E-3,-0.105
7.091,-7.481E-3,-0.105
7.107,-8.965E-3,-0.105
7.124,-8.960E-3,-0.105
7.141,-7.411E-3,-0.105
7.158,-4.667E-3,-0.105
7.175,-8.849E-4,-0.106
7.192,3.216E-3,-0.106
7.208,7.366E-3,-0.105
7.225,1.096E-2,-0.105
7.242,1.359E-2,-0.105
7.259,1.498E-2,-0.105
7.276,1.489E-2,-0.105
7.293,1.338E-2,-0.105
7.309,1.066E-2,-0.105
7.326,7.037E-3,-0.105
7.343,2.911E-3,-0.105
7.360,-1.214E-3,-0.105
7.377,-4.857E-3,-0.105
7.394,-7.461E-3,-0.105
7.411,-8.887E-3,-0.105
7.427,-8.764E-3,-0.105
7.444,-7.205E-3,-0.105
7.461,-4.459E-3,-0.105
7.478,-6.946E-4,-0.106
7.495,3.384E-3,-0.105
7.512,7.503E-3,-0.105
7.528,1.102E-2,-0.105
7.545,1.359E-2,-0.105
7.562,1.488E-2,-0.105
7.579,1.470E-2,-0.105
7.596,1.325E-2,-0.105
7.613,1.054E-2,-0.105
7.630,6.859E-3,-0.105
7.646,2.800E-3,-0.105
7.663,-1.283E-3,-0.106
7.680,-4.874E-3,-0.105
7.697,-7.398E-3,-0.105
7.714,-8.759E-3,-0.105
7.731,-8.626E-3,-0.105
7.747,-7.006E-3,-0.105
7.764,-4.222E-3,-0.105
7.781,-4.880E-4,-0.106
7.798,3.560E-3,-0.105
7.815,7.602E-3,-0.105
7.832,1.104E-2,-0.105
7.848,1.355E-2,-0.105
7.865,1.473E-2,-0.105
7.882,1.454E-2,-0.105
7.899,1.297E-2,-0.105
7.916,1.034E-2,-0.105
7.933,6.714E-3,-0.105
7.950,2.597E-3,-0.106
7.966,-1.363E-3,-0.106
7.983,-4.868E-3,-0.105
8.000,-7.361E-3,-0.105
8.017,-8.647E-3,-0.105
8.034,-8.434E-3,-0.105
8.051,-6.793E-3,-0.105
8.067,-4.023E-3,-0.105
8.084,-3.459E-4,-0.106
8.101,3.704E-3,-0.106
8.118,7.661E-3,-0.105
8.135,1.101E-2,-0.105
8.152,1.348E-2,-0.105
8.168,1.461E-2,-0.105
8.185,1.437E-2,-0.105
8.202,1.286E-2,-0.105
8.219,1.014E-2,-0.105
8.236,6.505E-3,-0.105
8.253,2.477E-3,-0.105
8.270,-1.469E-3,-0.105
8.286,-4.905E-3,-0.105
8.303,-7.322E-3,-0.105
8.320,-8.558E-3,-0.105
8.337,-8.321E-3,-0.105
8.354,-6.678E-3,-0.105
8.371,-3.890E-3,-0.106
8.387,-2.429E-4,-0.106
8.404,3.757E-3,-0.105
8.421,7.680E-3,-0.105
8.438,1.099E-2,-0.105
8.455,1.336E-2,-0.105
8.472,1.439E-2,-0.105
8.488,1.417E-2,-0.105
8.505,1.257E-2,-0.105
8.522,9.881E-3,-0.105
8.539,6.307E-3,-0.105
8.556,2.306E-3,-0.106
8.573,-1.555E-3,-0.106
8.590,-4.944E-3,-0.105
8.606,-7.313E-3,-0.105
8.623,-8.511E-3,-0.105
8.640,-8.175E-3,-0.105
8.657,-6.501E-3,-0.105
8.674,-3.704E-3,-0.106
8.691,-1.182E-4,-0.106
8.707,3.827E-3,-0.105
8.724,7.716E-3,-0.105
8.741,1.097E-2,-0.105
8.758,1.328E-2,-0.105
8.775,1.430E-2,-0.105
8.792,1.403E-2,-0.105
8.808,1.246E-2,-0.105
8.825,9.708E-3,-0.105
8.842,6.219E-3,-0.105
8.859,2.275E-3,-0.106
8.876,-1.535E-3,-0.106
8.893,-4.878E-3,-0.105
8.910,-7.156E-3,-0.105
8.926,-8.296E-3,-0.105
8.943,-7.975E-3,-0.105
8.960,-6.292E-3,-0.105
8.977,-3.464E-3,-0.105
8.994,1.379E-4,-0.106
9.011,4.040E-3,-0.105
9.027,7.831E-3,-0.105
9.044,1.105E-2,-0.105
9.061,1.329E-2,-0.105
9.078,1.427E-2,-0.105
9.095,1.398E-2,-0.105
9.112,1.235E-2,-0.105
9.128,9.624E-3,-0.105
9.145,6.196E-3,-0.105
9.162,2.267E-3,-0.106
9.179,-1.527E-3,-0.106
9.196,-4.795E-3,-0.105
9.213,-7.052E-3,-0.105
9.230,-8.120E-3,-0.105
9.246,-7.804E-3,-0.105
9.263,-6.125E-3,-0.105
9.280,-3.388E-3,-0.105
9.297,2.171E-4,-0.106
9.314,4.013E-3,-0.105
9.331,7.797E-3,-0.105
9.347,1.096E-2,-0.105
9.364,1.318E-2,-0.105
9.381,1.410E-2,-0.105
9.398,1.379E-2,-0.105
9.415,1.215E-2,-0.105
9.432,9.440E-3,-0.105
9.448,6.040E-3,-0.105
9.465,2.172E-3,-0.105
9.482,-1.557E-3,-0.106
9.499,-4.789E-3,-0.105
9.516,-6.999E-3,-0.105
9.533,-8.053E-3,-0.105
9.550,-7.679E-3,-0.105
9.566,-5.973E-3,-0.105
9.583,-3.276E-3,-0.105
9.600,2.481E-4,-0.106
9.617,4.045E-3,-0.105
9.634,7.783E-3,-0.105
9.651,1.091E-2,-0.105
9.667,1.309E-2,-0.105
9.684,1.401E-2,-0.105
9.701,1.368E-2,-0.105
9.718,1.204E-2,-0.105
9.735,9.356E-3,-0.105
9.752,5.986E-3,-0.105
9.768,2.161E-3,-0.106
9.785,-1.520E-3,-0.106
9.802,-4.703E-3,-0.105
9.819,-6.884E-3,-0.105
9.836,-7.886E-3,-0.105
9.853,-7.488E-3,-0.105
9.870,-5.809E-3,-0.105
9.886,-3.095E-3,-0.105
9.903,3.704E-4,-0.106
9.920,4.136E-3,-0.105
9.937,7.788E-3,-0.105
9.954,1.088E-2,-0.105
9.971,1.301E-2,-0.105
9.987,1.388E-2,-0.105
10.004,1.356E-2,-0.105
10.021,1.192E-2,-0.105
10.038,9.239E-3,-0.105
10.055,5.921E-3,-0.105
10.072,2.109E-3,-0.106
10.088,-1.538E-3,-0.106
10.105,-4.658E-3,-0.105
10.122,-6.772E-3,-0.105
10.139,-7.793E-3,-0.105
10.156,-7.403E-3,-0.105
10.173,-5.743E-3,-0.105
10.190,-3.067E-3,-0.105
10.206,3.920E-4,-0.106
10.223,4.118E-3,-0.105
10.240,7.751E-3,-0.105
10.257,1.076E-2,-0.105
10.274,1.281E-2,-0.105
10.291,1.375E-2,-0.105
10.307,1.340E-2,-0.105
10.324,1.176E-2,-0.105
10.341,9.139E-3,-0.105
10.358,5.787E-3,-0.105
10.375,2.054E-3,-0.105
10.392,-1.531E-3,-0.106
10.408,-4.616E-3,-0.105
10.425,-6.785E-3,-0.105
10.442,-7.695E-3,-0.105
10.459,-7.286E-3,-0.105
10.476,-5.606E-3,-0.105
10.493,-2.961E-3,-0.105
10.510,4.259E-4,-0.106
10.526,4.094E-3,-0.105
10.543,7.675E-3,-0.105
10.560,1.067E-2,-0.105
10.577,1.274E-2,-0.105
10.594,1.361E-2,-0.105
10.611,1.326E-2,-0.105
10.627,1.168E-2,-0.105
10.644,9.077E-3,-0.105
10.661,5.851E-3,-0.105
10.678,2.120E-3,-0.106
10.695,-1.473E-3,-0.106
10.712,-4.490E-3,-0.105
10.728,-6.551E-3,-0.105
10.745,-7.529E-3,-0.105
10.762,-7.182E-3,-0.105
10.779,-5.537E-3,-0.105
10.796,-2.958E-3,-0.105
10.813,4.502E-4,-0.106
10.830,4.066E-3,-0.105
10.846,7.605E-3,-0.105
10.863,1.056E-2,-0.105
10.880,1.262E-2,-0.105
10.897,1.349E-2,-0.105
10.914,1.316E-2,-0.105
10.931,1.157E-2,-0.105
10.947,8.965E-3,-0.105
10.964,5.740E-3,-0.105
10.981,2.085E-3,-0.106
10.998,-1.448E-3,-0.106
11.015,-4.463E-3,-0.105
11.032,-6.462E-3,-0.105
11.048,-7.398E-3,-0.105
11.065,-7.047E-3,-0.105
11.082,-5.408E-3,-0.105
11.099,-2.827E-3,-0.105
11.116,4.919E-4,-0.106
11.133,4.052E-3,-0.105
11.150,7.564E-3,-0.105
11.166,1.048E-2,-0.105
11.183,1.252E-2,-0.105
11.200,1.335E-2,-0.105
11.217,1.304E-2,-0.105
11.234,1.149E-2,-0.105
11.251,9.048E-3,-0.105
11.267,5.752E-3,-0.105
11.284,2.141E-3,-0.105
11.301,-1.372E-3,-0.105
11.318,-4.330E-3,-0.105
11.335,-6.372E-3,-0.105
11.352,-7.326E-3,-0.105
11.368,-6.986E-3,-0.105
11.385,-5.393E-3,-0.105
11.402,-2.762E-3,-0.105
11.419,4.307E-4,-0.105
11.436,4.049E-3,-0.105
11.453,7.418E-3,-0.105
11.470,1.035E-2,-0.105
11.486,1.236E-2,-0.105
11.503,1.321E-2,-0.105
11.520,1.288E-2,-0.105
11.537,1.138E-2,-0.105
11.554,8.862E-3,-0.105
11.571,5.702E-3,-0.105
11.587,2.118E-3,-0.105
11.604,-1.304E-3,-0.106
11.621,-4.280E-3,-0.105
11.638,-6.248E-3,-0.105
11.655,-7.200E-3,-0.105
11.672,-6.856E-3,-0.105
11.688,-5.307E-3,-0.105
11.705,-2.809E-3,-0.105
11.722,4.071E-4,-0.105
11.739,3.924E-3,-0.105
11.756,7.305E-3,-0.105
11.773,1.023E-2,-0.105
11.790,1.227E-2,-0.105
11.806,1.312E-2,-0.105
11.823,1.283E-2,-0.105
11.840,1.135E-2,-0.105
11.857,8.863E-3,-0.105
11.874,5.774E-3,-0.105
11.891,2.265E-3,-0.105
11.907,-1.147E-3,-0.106
11.924,-4.062E-3,-0.105
11.941,-6.061E-3,-0.105
11.958,-7.005E-3,-0.105
11.975,-6.715E-3,-0.105
11.992,-5.217E-3,-0.105
12.008,-2.728E-3,-0.105
12.025,4.421E-4,-0.106
12.042,3.884E-3,-0.105
12.059,7.273E-3,-0.105
12.076,1.015E-2,-0.105
12.093,1.206E-2,-0.105
12.110,1.302E-2,-0.105
12.126,1.269E-2,-0.105
12.143,1.132E-2,-0.105
12.160,8.863E-3,-0.105
12.177,5.821E-3,-0.105
12.194,2.339E-3,-0.106
12.211,-1.018E-3,-0.106
12.227,-3.932E-3,-0.106
12.244,-6.019E-3,-0.105
12.261,-6.983E-3,-0.105
12.278,-6.689E-3,-0.105
12.295,-5.196E-3,-0.106
12.312,-2.721E-3,-0.106
12.328,4.164E-4,-0.106
12.345,3.828E-3,-0.106
12.362,7.195E-3,-0.105
12.379,9.964E-3,-0.105
12.396,1.195E-2,-0.105
12.413,1.282E-2,-0.105
12.430,1.260E-2,-0.105
12.446,1.123E-2,-0.105
12.463,8.866E-3,-0.105
12.480,5.787E-3,-0.105
12.497,2.403E-3,-0.106
12.514,-8.861E-4,-0.106
12.531,-3.783E-3,-0.106
12.547,-5.852E-3,-0.105
12.564,-6.826E-3,-0.105
12.581,-6.570E-3,-0.106
12.598,-5.142E-3,-0.106
12.615,-2.708E-3,-0.106
12.632,3.735E-4,-0.106
12.648,3.762E-3,-0.106
12.665,7.078E-3,-0.105
12.682,9.831E-3,-0.105
12.699,1.183E-2,-0.105
12.716,1.274E-2,-0.105
12.733,1.253E-2,-0.105
12.750,1.121E-2,-0.105
12.766,8.891E-3,-0.105
12.783,5.831E-3,-0.105
12.800,2.540E-3,-0.106
12.817,-7.903E-4,-0.106
12.834,-3.634E-3,-0.106
12.851,-5.715E-3,-0.106
12.867,-6.728E-3,-0.105
12.884,-6.530E-3,-0.106
12.901,-5.123E-3,-0.106
12.918,-2.790E-3,-0.106
12.935,2.985E-4,-0.106
12.952,3.593E-3,-0.106
12.968,6.937E-3,-0.105
12.985,9.638E-3,-0.105
13.002,1.166E-2,-0.105
13.019,1.258E-2,-0.105
13.036,1.240E-2,-0.105
13.053,1.112E-2,-0.105
13.070,8.797E-3,-0.105
13.086,5.819E-3,-0.105
13.103,2.566E-3,-0.106
13.120,-6.866E-4,-0.106
13.137,-3.530E-3,-0.106
13.154,-5.613E-3,-0.105
13.171,-6.636E-3,-0.105
13.187,-6.428E-3,-0.105
13.204,-5.072E-3,-0.106
13.221,-2.734E-3,-0.106
13.238,2.577E-4,-0.106
13.255,3.549E-3,-0.106
13.272,6.792E-3,-0.105
13.288,9.523E-3,-0.105
13.305,1.153E-2,-0.105
13.322,1.246E-2,-0.105
13.339,1.232E-2,-0.105
13.356,1.110E-2,-0.105
13.373,8.860E-3,-0.105
13.390,6.009E-3,-0.105
13.406,2.709E-3,-0.106
13.423,-5.223E-4,-0.106
13.440,-3.360E-3,-0.106
13.457,-5.451E-3,-0.105
13.474,-6.415E-3,-0.105
13.491,-6.268E-3,-0.105
13.507,-5.027E-3,-0.105
13.524,-2.741E-3,-0.106
13.541,1.759E-4,-0.106
13.558,3.435E-3,-0.106
13.575,6.687E-3,-0.105
13.592,9.462E-3,-0.105
13.608,1.141E-2,-0.105
13.625,1.247E-2,-0.105
13.642,1.231E-2,-0.105
13.659,1.113E-2,-0.105
13.676,8.913E-3,-0.105
13.693,6.083E-3,-0.105
13.710,2.819E-3,-0.106
13.726,-3.550E-4,-0.106
13.743,-3.188E-3,-0.106
13.760,-5.268E-3,-0.105
13.777,-6.237E-3,-0.105
13.794,-6.145E-3,-0.105
13.811,-4.986E-3,-0.105
13.827,-2.760E-3,-0.106
13.844,1.303E-4,-0.106
13.861,3.319E-3,-0.106
13.878,6.503E-3,-0.105
13.895,9.276E-3,-0.105
13.912,1.125E-2,-0.105
13.928,1.229E-2,-0.105
13.945,1.225E-2,-0.105
13.962,1.107E-2,-0.105
13.979,8.931E-3,-0.105
13.996,6.177E-3,-0.105
14.013,2.955E-3,-0.105
14.030,-1.768E-4,-0.106
14.046,-2.994E-3,-0.105
14.063,-5.075E-3,-0.105
14.080,-6.168E-3,-0.105
14.097,-6.133E-3,-0.105
14.114,-4.959E-3,-0.106
14.131,-2.797E-3,-0.106
14.147,5.159E-5,-0.106
14.164,3.211E-3,-0.106
14.181,6.308E-3,-0.105
14.198,9.070E-3,-0.105
14.215,1.111E-2,-0.105
14.232,1.212E-2,-0.105
14.248,1.210E-2,-0.105
14.265,1.104E-2,-0.105
14.282,8.978E-3,-0.105
14.299,6.256E-3,-0.105
14.316,3.089E-3,-0.106
14.333,-4.758E-5,-0.106
14.350,-2.825E-3,-0.106
14.366,-4.917E-3,-0.106
14.383,-6.076E-3,-0.105
14.400,-6.069E-3,-0.105
14.417,-4.922E-3,-0.106
14.434,-2.819E-3,-0.106
14.451,-3.865E-5,-0.106
14.467,3.086E-3,-0.106
14.484,6.215E-3,-0.105
14.501,8.907E-3,-0.105
14.518,1.094E-2,-0.105
14.535,1.200E-2,-0.105
14.552,1.200E-2,-0.105
14.568,1.097E-2,-0.105
14.585,8.946E-3,-0.105
14.602,6.311E-3,-0.105
14.619,3.149E-3,-0.106
14.636,5.593E-5,-0.106
14.653,-2.733E-3,-0.106
14.670,-4.837E-3,-0.105
14.686,-6.008E-3,-0.105
14.703,-6.046E-3,-0.105
14.720,-4.964E-3,-0.106
14.737,-2.953E-3,-0.106
14.754,-1.889E-4,-0.106
14.771,2.880E-3,-0.106
14.787,5.999E-3,-0.105
14.804,8.698E-3,-0.105
14.821,1.076E-2,-0.105
14.838,1.181E-2,-0.105
14.855,1.193E-2,-0.105
14.872,1.097E-2,-0.105
14.888,9.009E-3,-0.105
14.905,6.434E-3,-0.105
14.922,3.336E-3,-0.106
14.939,2.749E-4,-0.106
14.956,-2.509E-3,-0.106
14.973,-4.627E-3,-0.105
14.990,-5.829E-3,-0.105
15.006,-5.932E-3,-0.105
15.023,-4.950E-3,-0.106
15.040,-2.985E-3,-0.106
15.057,-3.252E-4,-0.106
15.074,2.703E-3,-0.106
15.091,5.733E-3,-0.105
15.107,8.462E-3,-0.105
15.124,1.055E-2,-0.105
15.141,1.168E-2,-0.105
15.158,1.180E-2,-0.105
15.175,1.091E-2,-0.105
15.192,9.010E-3,-0.105
15.208,6.510E-3,-0.105
15.225,3.450E-3,-0.105
15.242,4.052E-4,-0.106
15.259,-2.330E-3,-0.106
15.276,-4.462E-3,-0.105
15.293,-5.691E-3,-0.105
15.310,-5.844E-3,-0.105
15.326,-4.904E-3,-0.106
15.343,-3.027E-3,-0.106
15.360,-3.966E-4,-0.106
15.377,2.596E-3,-0.106
15.394,5.572E-3,-0.105
15.411,8.351E-3,-0.105
15.427,1.044E-2,-0.105
15.444,1.162E-2,-0.105
15.461,1.180E-2,-0.105
15.478,1.095E-2,-0.105
15.495,9.130E-3,-0.105
15.512,6.678E-3,-0.105
15.528,3.672E-3,-0.106
15.545,6.745E-4,-0.106
15.562,-2.091E-3,-0.106
15.579,-4.269E-3,-0.105
15.596,-5.538E-3,-0.106
15.613,-5.780E-3,-0.106
15.630,-4.912E-3,-0.106
15.646,-3.105E-3,-0.106
15.663,-5.407E-4,-0.106
15.680,2.388E-3,-0.106
15.697,5.351E-3,-0.105
15.714,8.086E-3,-0.105
15.731,1.021E-2,-0.105
15.747,1.143E-2,-0.105
15.764,1.168E-2,-0.105
15.781,1.092E-2,-0.105
15.798,9.184E-3,-0.105
15.815,6.775E-3,-0.105
15.832,3.847E-3,-0.105
15.848,8.459E-4,-0.106
15.865,-1.891E-3,-0.106
15.882,-4.062E-3,-0.105
15.899,-5.390E-3,-0.105
15.916,-5.671E-3,-0.105
15.933,-4.855E-3,-0.106
15.950,-3.098E-3,-0.106
15.966,-6.265E-4,-0.106
15.983,2.260E-3,-0.106
16.000,5.212E-3,-0.105
16.017,7.952E-3,-0.105
16.034,1.002E-2,-0.105
16.051,1.132E-2,-0.105
16.067,1.162E-2,-0.105
16.084,1.093E-2,-0.105
16.101,9.260E-3,-0.105
16.118,6.933E-3,-0.105
16.135,4.029E-3,-0.105
16.152,1.076E-3,-0.106
16.168,-1.659E-3,-0.106
16.185,-3.849E-3,-0.106
16.202,-5.191E-3,-0.105
16.219,-5.547E-3,-0.105
16.236,-4.826E-3,-0.105
16.253,-3.140E-3,-0.106
16.270,-7.442E-4,-0.106
16.286,2.089E-3,-0.106
16.303,4.976E-3,-0.105
16.320,7.734E-3,-0.105
16.337,9.834E-3,-0.105
16.354,1.119E-2,-0.105
16.371,1.152E-2,-0.105
16.387,1.087E-2,-0.105
16.404,9.279E-3,-0.105
16.421,7.026E-3,-0.105
16.438,4.190E-3,-0.105
16.455,1.282E-3,-0.106
16.472,-1.436E-3,-0.106
16.488,-3.634E-3,-0.106
16.505,-5.037E-3,-0.105
16.522,-5.442E-3,-0.105
16.539,-4.799E-3,-0.106
16.556,-3.182E-3,-0.106
16.573,-8.468E-4,-0.106
16.590,1.940E-3,-0.106
16.606,4.819E-3,-0.105
16.623,7.557E-3,-0.105
16.640,9.649E-3,-0.105
16.657,1.104E-2,-0.105
16.674,1.147E-2,-0.105
16.691,1.091E-2,-0.105
16.707,9.376E-3,-0.105
16.724,7.158E-3,-0.105
16.741,4.370E-3,-0.105
16.758,1.517E-3,-0.106
16.775,-1.206E-3,-0.106
16.792,-3.426E-3,-0.106
16.808,-4.890E-3,-0.105
16.825,-5.358E-3,-0.106
16.842,-4.792E-3,-0.106
16.859,-3.271E-3,-0.106
16.876,-9.760E-4,-0.106
16.893,1.758E-3,-0.106
16.910,4.629E-3,-0.105
16.926,7.371E-3,-0.105
16.943,9.458E-3,-0.105
16.960,1.090E-2,-0.105
16.977,1.137E-2,-0.105
16.994,1.089E-2,-0.105
17.011,9.494E-3,-0.105
17.027,7.296E-3,-0.105
17.044,4.656E-3,-0.105
17.061,1.733E-3,-0.106
17.078,-9.734E-4,-0.106
17.095,-3.212E-3,-0.105
17.112,-4.724E-3,-0.105
17.128,-5.314E-3,-0.106
17.145,-4.823E-3,-0.106
17.162,-3.383E-3,-0.106
17.179,-1.158E-3,-0.106
17.196,1.514E-3,-0.106
17.213,4.328E-3,-0.106
17.230,7.047E-3,-0.105
17.246,9.186E-3,-0.105
17.263,1.067E-2,-0.105
17.280,1.120E-2,-0.105
17.297,1.077E-2,-0.105
17.314,9.474E-3,-0.105
17.331,7.336E-3,-0.105
17.347,4.672E-3,-0.105
17.364,1.881E-3,-0.106
17.381,-8.225E-4,-0.106
17.398,-3.067E-3,-0.106
17.415,-4.591E-3,-0.105
17.432,-5.197E-3,-0.106
17.448,-4.807E-3,-0.106
17.465,-3.435E-3,-0.106
17.482,-1.287E-3,-0.106
17.499,1.310E-3,-0.106
17.516,4.095E-3,-0.106
17.533,6.816E-3,-0.105
17.550,8.989E-3,-0.105
17.566,1.054E-2,-0.105
17.583,1.113E-2,-0.105
17.600,1.079E-2,-0.105
17.617,9.531E-3,-0.105
17.634,7.474E-3,-0.105
17.651,4.880E-3,-0.105
17.667,2.128E-3,-0.106
17.684,-5.832E-4,-0.106
17.701,-2.851E-3,-0.106
17.718,-4.419E-3,-0.106
17.735,-5.098E-3,-0.106
17.752,-4.798E-3,-0.106
17.768,-3.510E-3,-0.106
17.785,-1.474E-3,-0.106
17.802,1.100E-3,-0.106
17.819,3.861E-3,-0.106
17.836,6.506E-3,-0.105
17.853,8.753E-3,-0.105
17.870,1.032E-2,-0.105
17.886,1.098E-2,-0.105
17.903,1.072E-2,-0.105
17.920,9.502E-3,-0.105
17.937,7.573E-3,-0.105
17.954,5.039E-3,-0.105
17.971,2.305E-3,-0.106
17.987,-3.486E-4,-0.106
18.004,-2.643E-3,-0.106
18.021,-4.266E-3,-0.105
18.038,-5.007E-3,-0.106
18.055,-4.755E-3,-0.106
18.072,-3.574E-3,-0.106
18.088,-1.599E-3,-0.106
18.105,9.145E-4,-0.106
18.122,3.612E-3,-0.106
18.139,6.334E-3,-0.105
18.156,8.538E-3,-0.105
18.173,1.014E-2,-0.105
18.190,1.086E-2,-0.105
18.206,1.069E-2,-0.105
18.223,9.646E-3,-0.105
18.240,7.747E-3,-0.105
18.257,5.339E-3,-0.105
18.274,2.588E-3,-0.105
18.291,-6.558E-5,-0.105
18.307,-2.356E-3,-0.106
18.324,-4.036E-3,-0.105
18.341,-4.838E-3,-0.105
18.358,-4.682E-3,-0.105
18.375,-3.579E-3,-0.106
18.392,-1.682E-3,-0.106
18.408,7.346E-4,-0.106
18.425,3.390E-3,-0.105
18.442,6.016E-3,-0.105
18.459,8.360E-3,-0.105
18.476,9.930E-3,-0.105
18.493,1.078E-2,-0.105
18.510,1.067E-2,-0.105
18.526,9.688E-3,-0.105
18.543,7.866E-3,-0.105
18.560,5.558E-3,-0.105
18.577,2.827E-3,-0.105
18.594,2.045E-4,-0.106
18.611,-2.121E-3,-0.106
18.627,-3.841E-3,-0.106
18.644,-4.723E-3,-0.106
18.661,-4.680E-3,-0.105
18.678,-3.639E-3,-0.106
18.695,-1.829E-3,-0.106
18.712,5.781E-4,-0.106
18.728,3.220E-3,-0.105
18.745,5.820E-3,-0.105
18.762,8.149E-3,-0.105
18.779,9.781E-3,-0.105
18.796,1.068E-2,-0.105
18.813,1.066E-2,-0.105
18.830,9.710E-3,-0.105
18.846,8.042E-3,-0.105
18.863,5.713E-3,-0.105
18.880,3.099E-3,-0.106
18.897,4.843E-4,-0.106
18.914,-1.880E-3,-0.106
18.931,-3.639E-3,-0.106
18.947,-4.600E-3,-0.106
18.964,-4.622E-3,-0.106
18.981,-3.692E-3,-0.106
18.998,-1.986E-3,-0.106
19.015,3.378E-4,-0.106
19.032,2.959E-3,-0.106
19.048,5.554E-3,-0.105
19.065,7.883E-3,-0.105
19.082,9.557E-3,-0.105
19.099,1.053E-2,-0.105
19.116,1.058E-2,-0.105
19.133,9.701E-3,-0.105
19.150,8.098E-3,-0.105
19.166,5.842E-3,-0.105
19.183,3.306E-3,-0.106
19.200,6.991E-4,-0.106
19.217,-1.662E-3,-0.106
19.234,-3.432E-3,-0.106
19.251,-4.459E-3,-0.106
19.267,-4.556E-3,-0.106
19.284,-3.714E-3,-0.106
19.301,-2.115E-3,-0.106
19.318,1.139E-4,-0.106
19.335,2.680E-3,-0.106
19.352,5.245E-3,-0.105
19.368,7.606E-3,-0.105
19.385,9.335E-3,-0.105
19.402,1.032E-2,-0.105
19.419,1.046E-2,-0.105
19.436,9.735E-3,-0.105
19.453,8.207E-3,-0.105
19.470,6.049E-3,-0.105
19.486,3.567E-3,-0.106
19.503,9.973E-4,-0.106
19.520,-1.334E-3,-0.106
19.537,-3.197E-3,-0.106
19.554,-4.285E-3,-0.106
19.571,-4.463E-3,-0.106
19.587,-3.727E-3,-0.106
19.604,-2.168E-3,-0.106
19.621,-1.670E-5,-0.106
19.638,2.517E-3,-0.106
19.655,5.032E-3,-0.105
19.672,7.421E-3,-0.105
19.688,9.185E-3,-0.105
19.705,1.022E-2,-0.105
19.722,1.052E-2,-0.105
19.739,9.865E-3,-0.105
19.756,8.412E-3,-0.105
19.773,6.386E-3,-0.105
19.790,3.855E-3,-0.105
19.806,1.313E-3,-0.106
19.823,-1.058E-3,-0.106
19.840,-2.910E-3,-0.106
19.857,-4.111E-3,-0.106
19.874,-4.421E-3,-0.106
19.891,-3.772E-3,-0.106
19.907,-2.314E-3,-0.106
19.924,-2.522E-4,-0.106
19.941,2.258E-3,-0.106
19.958,4.766E-3,-0.105
19.975,7.163E-3,-0.105
19.992,8.952E-3,-0.105
20.008,1.005E-2,-0.105
20.025,1.043E-2,-0.105
20.042,9.898E-3,-0.105
20.059,8.494E-3,-0.105
20.076,6.544E-3,-0.105
20.093,4.038E-3,-0.105
20.110,1.518E-3,-0.106
20.126,-8.482E-4,-0.106
20.143,-2.746E-3,-0.106
20.160,-3.980E-3,-0.106
20.177,-4.350E-3,-0.106
20.194,-3.816E-3,-0.106
20.211,-2.437E-3,-0.106
20.227,-4.097E-4,-0.106
20.244,2.008E-3,-0.106
20.261,4.510E-3,-0.105
20.278,6.896E-3,-0.105
20.295,8.719E-3,-0.105
20.312,9.915E-3,-0.105
20.328,1.029E-2,-0.105
20.345,9.817E-3,-0.105
20.362,8.604E-3,-0.105
20.379,6.708E-3,-0.105
20.396,4.317E-3,-0.106
20.413,1.809E-3,-0.106
20.430,-5.525E-4,-0.106
20.446,-2.507E-3,-0.106
20.463,-3.811E-3,-0.106
20.480,-4.252E-3,-0.106
20.497,-3.795E-3,-0.106
20.514,-2.522E-3,-0.106
20.531,-6.201E-4,-0.106
20.547,1.768E-3,-0.106
20.564,4.276E-3,-0.105
20.581,6.643E-3,-0.105
20.598,8.523E-3,-0.105
20.615,9.754E-3,-0.105
20.632,1.019E-2,-0.105
20.648,9.819E-3,-0.105
20.665,8.679E-3,-0.105
20.682,6.861E-3,-0.105
20.699,4.507E-3,-0.106
20.716,2.045E-3,-0.106
20.733,-3.035E-4,-0.106
20.750,-2.314E-3,-0.106
20.766,-3.657E-3,-0.106
20.783,-4.177E-3,-0.106
20.800,-3.834E-3,-0.106
20.817,-2.623E-3,-0.106
20.834,-7.614E-4,-0.106
20.851,1.508E-3,-0.106
20.867,3.928E-3,-0.106
20.884,6.261E-3,-0.105
20.901,8.258E-3,-0.105
20.918,9.561E-3,-0.105
20.935,1.008E-2,-0.105
20.952,9.790E-3,-0.105
20.968,8.727E-3,-0.105
20.985,6.988E-3,-0.105
21.002,4.726E-3,-0.106
21.019,2.276E-3,-0.106
21.036,-6.621E-5,-0.106
21.053,-2.098E-3,-0.106
21.070,-3.497E-3,-0.106
21.086,-4.146E-3,-0.106
21.103,-3.916E-3,-0.106
21.120,-2.816E-3,-0.106
21.137,-1.051E-3,-0.106
21.154,1.208E-3,-0.106
21.171,3.626E-3,-0.105
21.187,6.037E-3,-0.105
21.204,8.008E-3,-0.105
21.221,9.454E-3,-0.105
21.238,1.007E-2,-0.105
21.255,9.875E-3,-0.105
21.272,8.851E-3,-0.105
21.288,7.215E-3,-0.105
21.305,5.081E-3,-0.105
21.322,2.615E-3,-0.105
21.339,2.678E-4,-0.106
21.356,-1.766E-3,-0.106
21.373,-3.237E-3,-0.105
21.390,-3.937E-3,-0.106
21.406,-3.800E-3,-0.106
21.423,-2.824E-3,-0.106
21.440,-1.121E-3,-0.106
21.457,1.036E-3,-0.106
21.474,3.438E-3,-0.105
21.491,5.818E-3,-0.105
21.507,7.799E-3,-0.105
21.524,9.223E-3,-0.105
21.541,9.922E-3,-0.105
21.558,9.820E-3,-0.105
21.575,8.977E-3,-0.105
21.592,7.367E-3,-0.105
21.608,5.207E-3,-0.105
21.625,2.877E-3,-0.106
21.642,5.306E-4,-0.106
21.659,-1.530E-3,-0.106
21.676,-3.064E-3,-0.106
21.693,-3.831E-3,-0.106
21.710,-3.778E-3,-0.106
21.726,-2.913E-3,-0.106
21.743,-1.305E-3,-0.106
21.760,7.795E-4,-0.106
21.777,3.134E-3,-0.106
21.794,5.446E-3,-0.105
21.811,7.530E-3,-0.105
21.827,8.986E-3,-0.105
21.844,9.731E-3,-0.105
21.861,9.724E-3,-0.105
21.878,8.955E-3,-0.105
21.895,7.467E-3,-0.105
21.912,5.391E-3,-0.105
21.928,3.079E-3,-0.106
21.945,7.739E-4,-0.106
21.962,-1.297E-3,-0.106
21.979,-2.883E-3,-0.106
21.996,-3.734E-3,-0.106
22.013,-3.789E-3,-0.106
22.030,-3.014E-3,-0.106
22.046,-1.481E-3,-0.106
22.063,5.471E-4,-0.106
22.080,2.860E-3,-0.106
22.097,5.157E-3,-0.106
22.114,7.246E-3,-0.105
22.131,8.783E-3,-0.105
22.147,9.614E-3,-0.105
22.164,9.695E-3,-0.105
22.181,9.010E-3,-0.105
22.198,7.656E-3,-0.105
22.215,5.652E-3,-0.105
22.232,3.413E-3,-0.106
22.248,1.102E-3,-0.106
22.265,-1.004E-3,-0.106
22.282,-2.631E-3,-0.106
22.299,-3.554E-3,-0.106
22.316,-3.707E-3,-0.106
22.333,-3.032E-3,-0.106
22.350,-1.615E-3,-0.106
22.366,3.592E-4,-0.106
22.383,2.622E-3,-0.106
22.400,4.912E-3,-0.105
22.417,7.028E-3,-0.105
22.434,8.600E-3,-0.105
22.451,9.551E-3,-0.105
22.467,9.705E-3,-0.105
22.484,9.112E-3,-0.105
22.501,7.811E-3,-0.105
22.518,5.906E-3,-0.105
22.535,3.696E-3,-0.106
22.552,1.399E-3,-0.106
22.569,-7.260E-4,-0.106
22.585,-2.387E-3,-0.106
22.602,-3.414E-3,-0.106
22.619,-3.643E-3,-0.106
22.636,-3.063E-3,-0.106
22.653,-1.734E-3,-0.106
22.670,1.689E-4,-0.106
22.686,2.377E-3,-0.106
22.703,4.649E-3,-0.105
22.720,6.721E-3,-0.105
22.737,8.391E-3,-0.105
22.754,9.407E-3,-0.105
22.771,9.689E-3,-0.105
22.787,9.193E-3,-0.105
22.804,8.001E-3,-0.105
22.821,6.246E-3,-0.105
22.838,4.008E-3,-0.105
22.855,1.733E-3,-0.106
22.872,-3.913E-4,-0.106
22.889,-2.110E-3,-0.106
22.905,-3.217E-3,-0.106
22.922,-3.537E-3,-0.106
22.939,-3.084E-3,-0.106
22.956,-1.857E-3,-0.106
22.973,-6.547E-5,-0.106
22.990,2.124E-3,-0.106
23.006,4.352E-3,-0.106
23.023,6.497E-3,-0.105
23.040,8.143E-3,-0.105
23.057,9.221E-3,-0.105
23.074,9.576E-3,-0.105
23.091,9.163E-3,-0.105
23.107,8.039E-3,-0.105
23.124,6.355E-3,-0.105
23.141,4.167E-3,-0.105
23.158,1.948E-3,-0.106
23.175,-1.475E-4,-0.106
23.192,-1.918E-3,-0.106
23.209,-3.103E-3,-0.106
23.225,-3.538E-3,-0.106
23.242,-3.184E-3,-0.106
23.259,-2.039E-3,-0.106
23.276,-2.860E-4,-0.106
23.293,1.794E-3,-0.106
23.310,4.024E-3,-0.105
23.326,6.121E-3,-0.105
23.343,7.888E-3,-0.105
23.360,9.021E-3,-0.105
23.377,9.464E-3,-0.105
23.394,9.173E-3,-0.105
