,mass A,,
t,x,y,
0.000,-1.604E-2,-0.104
0.017,-1.611E-2,-0.104
0.034,-1.689E-2,-0.104
0.051,-1.705E-2,-0.104
0.067,-1.732E-2,-0.104
0.084,-1.750E-2,-0.104
0.101,-1.765E-2,-0.104
0.118,-1.785E-2,-0.104
0.135,-1.788E-2,-0.104
0.152,-1.805E-2,-0.104
0.168,-1.809E-2,-0.104
0.185,-1.793E-2,-0.104
0.202,-1.787E-2,-0.104
0.219,-1.787E-2,-0.104
0.236,-1.804E-2,-0.104
0.253,-1.813E-2,-0.104
0.270,-1.814E-2,-0.104
0.286,-1.821E-2,-0.104
0.303,-1.847E-2,-0.104
0.320,-1.863E-2,-0.104
0.337,-1.883E-2,-0.104
0.354,-1.883E-2,-0.104
0.371,-1.879E-2,-0.104
0.387,-1.875E-2,-0.104
0.404,-1.871E-2,-0.104
0.421,-1.859E-2,-0.104
0.438,-1.833E-2,-0.104
0.455,-1.823E-2,-0.104
0.472,-1.813E-2,-0.104
0.488,-1.814E-2,-0.104
0.505,-1.824E-2,-0.104
0.522,-1.834E-2,-0.104
0.539,-1.849E-2,-0.104
0.556,-1.867E-2,-0.104
0.573,-1.878E-2,-0.104
0.590,-1.887E-2,-0.104
0.606,-1.875E-2,-0.104
0.623,-1.859E-2,-0.104
0.640,-1.851E-2,-0.104
0.657,-1.846E-2,-0.104
0.674,-1.846E-2,-0.104
0.691,-1.841E-2,-0.104
0.707,-1.848E-2,-0.104
0.724,-1.851E-2,-0.104
0.741,-1.855E-2,-0.104
0.758,-1.858E-2,-0.104
0.775,-1.855E-2,-0.104
0.792,-1.850E-2,-0.104
0.809,-1.847E-2,-0.104
0.825,-1.845E-2,-0.104
0.842,-1.832E-2,-0.104
0.859,-1.831E-2,-0.104
0.876,-1.834E-2,-0.104
0.893,-1.844E-2,-0.104
0.910,-1.853E-2,-0.104
0.926,-1.857E-2,-0.104
0.943,-1.863E-2,-0.104
0.960,-1.862E-2,-0.104
0.977,-1.863E-2,-0.104
0.994,-1.863E-2,-0.104
1.011,-1.858E-2,-0.104
1.028,-1.857E-2,-0.104
1.044,-1.857E-2,-0.104
1.061,-1.862E-2,-0.104
1.078,-1.867E-2,-0.104
1.095,-1.867E-2,-0.104
1.112,-1.866E-2,-0.104
1.129,-1.865E-2,-0.104
1.145,-1.866E-2,-0.104
1.162,-1.866E-2,-0.104
1.179,-1.864E-2,-0.104
1.196,-1.856E-2,-0.104
1.213,-1.853E-2,-0.104
1.230,-1.848E-2,-0.104
1.247,-1.843E-2,-0.104
1.263,-1.843E-2,-0.104
1.280,-1.838E-2,-0.104
1.297,-1.839E-2,-0.104
1.314,-1.839E-2,-0.104
1.331,-1.844E-2,-0.104
1.348,-1.844E-2,-0.104
1.364,-1.844E-2,-0.104
1.381,-1.844E-2,-0.104
1.398,-1.839E-2,-0.104
1.415,-1.843E-2,-0.104
1.432,-1.847E-2,-0.104
1.449,-1.846E-2,-0.104
1.465,-1.846E-2,-0.104
1.482,-1.840E-2,-0.104
1.499,-1.835E-2,-0.104
1.516,-1.833E-2,-0.104
1.533,-1.831E-2,-0.104
1.550,-1.833E-2,-0.104
1.567,-1.835E-2,-0.104
1.583,-1.843E-2,-0.104
1.600,-1.842E-2,-0.104
1.617,-1.837E-2,-0.104
1.634,-1.834E-2,-0.104
1.651,-1.826E-2,-0.104
1.668,-1.823E-2,-0.104
1.684,-1.818E-2,-0.104
1.701,-1.817E-2,-0.104
1.718,-1.813E-2,-0.104
1.735,-1.805E-2,-0.104
1.752,-1.794E-2,-0.104
1.769,-1.786E-2,-0.104
1.786,-1.781E-2,-0.104
1.802,-1.782E-2,-0.104
1.819,-1.783E-2,-0.104
1.836,-1.786E-2,-0.104
1.853,-1.786E-2,-0.104
1.870,-1.788E-2,-0.104
1.887,-1.788E-2,-0.104
1.903,-1.785E-2,-0.104
1.920,-1.783E-2,-0.104
1.937,-1.783E-2,-0.104
1.954,-1.784E-2,-0.104
1.971,-1.786E-2,-0.104
1.988,-1.786E-2,-0.104
2.005,-1.786E-2,-0.104
2.021,-1.785E-2,-0.104
2.038,-1.785E-2,-0.104
2.055,-1.779E-2,-0.104
2.072,-1.781E-2,-0.104
2.089,-1.777E-2,-0.104
2.106,-1.778E-2,-0.104
2.122,-1.775E-2,-0.104
2.139,-1.770E-2,-0.104
2.156,-1.765E-2,-0.104
2.173,-1.767E-2,-0.104
2.190,-1.769E-2,-0.104
2.207,-1.778E-2,-0.104
2.223,-1.783E-2,-0.104
2.240,-1.788E-2,-0.104
2.257,-1.791E-2,-0.104
2.274,-1.792E-2,-0.104
2.291,-1.790E-2,-0.104
2.308,-1.784E-2,-0.104
2.325,-1.779E-2,-0.104
2.341,-1.771E-2,-0.104
2.358,-1.766E-2,-0.104
2.375,-1.761E-2,-0.104
2.392,-1.761E-2,-0.104
2.409,-1.765E-2,-0.104
2.426,-1.768E-2,-0.104
2.442,-1.771E-2,-0.104
2.459,-1.772E-2,-0.104
2.476,-1.773E-2,-0.104
2.493,-1.772E-2,-0.104
2.510,-1.771E-2,-0.104
2.527,-1.770E-2,-0.104
2.544,-1.769E-2,-0.104
2.560,-1.768E-2,-0.104
2.577,-1.763E-2,-0.104
2.594,-1.764E-2,-0.104
2.611,-1.762E-2,-0.104
2.628,-1.765E-2,-0.104
2.645,-1.767E-2,-0.104
2.661,-1.767E-2,-0.104
2.678,-1.767E-2,-0.104
2.695,-1.767E-2,-0.104
2.712,-1.764E-2,-0.104
2.729,-1.762E-2,-0.104
2.746,-1.756E-2,-0.104
2.763,-1.751E-2,-0.104
2.779,-1.743E-2,-0.104
2.796,-1.740E-2,-0.104
2.813,-1.741E-2,-0.104
2.830,-1.744E-2,-0.104
2.847,-1.753E-2,-0.104
2.864,-1.762E-2,-0.104
2.880,-1.768E-2,-0.104
2.897,-1.772E-2,-0.104
2.914,-1.773E-2,-0.104
2.931,-1.777E-2,-0.104
2.948,-1.785E-2,-0.104
2.965,-1.802E-2,-0.104
2.982,-1.825E-2,-0.104
2.998,-1.841E-2,-0.104
3.015,-1.856E-2,-0.104
3.032,-1.867E-2,-0.104
3.049,-1.871E-2,-0.104
3.066,-1.870E-2,-0.104
3.083,-1.873E-2,-0.104
3.099,-1.880E-2,-0.104
3.116,-1.888E-2,-0.104
3.133,-1.897E-2,-0.104
3.150,-1.906E-2,-0.104
3.167,-1.910E-2,-0.104
3.184,-1.920E-2,-0.104
3.200,-1.932E-2,-0.104
3.217,-1.934E-2,-0.104
3.234,-1.932E-2,-0.104
3.251,-1.915E-2,-0.104
3.268,-1.901E-2,-0.104
3.285,-1.890E-2,-0.104
3.302,-1.873E-2,-0.104
3.318,-1.867E-2,-0.104
3.335,-1.865E-2,-0.104
3.352,-1.865E-2,-0.104
3.369,-1.865E-2,-0.104
3.386,-1.866E-2,-0.104
3.403,-1.867E-2,-0.104
3.419,-1.868E-2,-0.104
3.436,-1.870E-2,-0.104
3.453,-1.870E-2,-0.104
3.470,-1.871E-2,-0.104
3.487,-1.870E-2,-0.104
3.504,-1.869E-2,-0.104
3.521,-1.866E-2,-0.104
3.537,-1.861E-2,-0.104
3.554,-1.858E-2,-0.104
3.571,-1.855E-2,-0.104
3.588,-1.849E-2,-0.104
3.605,-1.848E-2,-0.104
3.622,-1.846E-2,-0.104
3.638,-1.847E-2,-0.104
3.655,-1.849E-2,-0.104
3.672,-1.849E-2,-0.104
3.689,-1.850E-2,-0.104
3.706,-1.850E-2,-0.104
3.723,-1.850E-2,-0.104
3.740,-1.849E-2,-0.104
3.756,-1.847E-2,-0.104
3.773,-1.842E-2,-0.104
3.790,-1.839E-2,-0.104
3.807,-1.837E-2,-0.104
3.824,-1.839E-2,-0.104
3.841,-1.843E-2,-0.104
3.857,-1.848E-2,-0.104
3.874,-1.850E-2,-0.104
3.891,-1.853E-2,-0.104
3.908,-1.852E-2,-0.104
3.925,-1.850E-2,-0.104
3.942,-1.845E-2,-0.104
3.958,-1.838E-2,-0.104
3.975,-1.834E-2,-0.104
3.992,-1.828E-2,-0.104
4.009,-1.823E-2,-0.104
4.026,-1.824E-2,-0.104
4.043,-1.822E-2,-0.104
4.060,-1.818E-2,-0.104
4.076,-1.793E-2,-0.104
4.093,-1.744E-2,-0.104
4.110,-1.643E-2,-0.104
4.127,-1.455E-2,-0.104
4.144,-1.132E-2,-0.105
4.161,-6.721E-3,-0.105
4.177,-6.569E-4,-0.105
4.194,6.044E-3,-0.105
4.211,1.222E-2,-0.105
4.228,1.691E-2,-0.104
4.245,1.969E-2,-0.104
4.262,1.971E-2,-0.104
4.279,1.728E-2,-0.104
4.295,1.245E-2,-0.104
4.312,6.489E-3,-0.105
4.329,-1.711E-4,-0.105
4.346,-6.185E-3,-0.105
4.363,-1.103E-2,-0.105
4.380,-1.384E-2,-0.104
4.396,-1.422E-2,-0.104
4.413,-1.235E-2,-0.105
4.430,-8.574E-3,-0.105
4.447,-2.881E-3,-0.105
4.464,3.560E-3,-0.105
4.481,1.002E-2,-0.105
4.498,1.530E-2,-0.104
4.514,1.877E-2,-0.104
4.531,1.977E-2,-0.104
4.548,1.820E-2,-0.104
4.565,1.423E-2,-0.104
4.582,8.763E-3,-0.105
4.599,2.129E-3,-0.105
4.615,-4.139E-3,-0.105
4.632,-9.468E-3,-0.105
4.649,-1.275E-2,-0.105
4.666,-1.408E-2,-0.104
4.683,-1.313E-2,-0.105
4.700,-9.947E-3,-0.105
4.716,-4.957E-3,-0.105
4.733,1.090E-3,-0.105
4.750,7.527E-3,-0.105
4.767,1.325E-2,-0.105
4.784,1.737E-2,-0.104
4.801,1.953E-2,-0.104
4.818,1.900E-2,-0.104
4.834,1.590E-2,-0.104
4.851,1.099E-2,-0.105
4.868,4.912E-3,-0.105
4.885,-1.601E-3,-0.105
4.902,-7.252E-3,-0.105
4.919,-1.152E-2,-0.105
4.935,-1.357E-2,-0.104
4.952,-1.350E-2,-0.104
4.969,-1.118E-2,-0.105
4.986,-7.056E-3,-0.105
5.003,-1.392E-3,-0.105
5.020,5.192E-3,-0.105
5.037,1.101E-2,-0.105
5.053,1.606E-2,-0.104
5.070,1.881E-2,-0.104
5.087,1.931E-2,-0.104
5.104,1.733E-2,-0.104
5.121,1.294E-2,-0.104
5.138,7.283E-3,-0.105
5.154,9.821E-4,-0.105
5.171,-5.028E-3,-0.105
5.188,-9.682E-3,-0.105
5.205,-1.276E-2,-0.105
5.222,-1.367E-2,-0.104
5.239,-1.217E-2,-0.105
5.256,-8.841E-3,-0.105
5.272,-3.540E-3,-0.105
5.289,2.601E-3,-0.105
5.306,8.674E-3,-0.105
5.323,1.391E-2,-0.104
5.340,1.770E-2,-0.104
5.357,1.918E-2,-0.104
5.373,1.822E-2,-0.104
5.390,1.479E-2,-0.104
5.407,9.747E-3,-0.105
5.424,3.529E-3,-0.105
5.441,-2.563E-3,-0.105
5.458,-7.860E-3,-0.105
5.475,-1.169E-2,-0.105
5.491,-1.340E-2,-0.105
5.508,-1.283E-2,-0.105
5.525,-1.017E-2,-0.105
5.542,-5.778E-3,-0.105
5.559,1.852E-4,-0.105
5.576,6.453E-3,-0.105
5.592,1.216E-2,-0.105
5.609,1.647E-2,-0.104
5.626,1.880E-2,-0.104
5.643,1.873E-2,-0.104
5.660,1.637E-2,-0.104
5.677,1.204E-2,-0.105
5.693,6.281E-3,-0.105
5.710,9.056E-5,-0.105
5.727,-5.572E-3,-0.105
5.744,-1.009E-2,-0.105
5.761,-1.268E-2,-0.105
5.778,-1.312E-2,-0.104
5.795,-1.130E-2,-0.105
5.811,-7.402E-3,-0.105
5.828,-2.130E-3,-0.105
5.845,3.766E-3,-0.105
5.862,9.932E-3,-0.105
5.879,1.482E-2,-0.104
5.896,1.804E-2,-0.104
5.912,1.887E-2,-0.104
5.929,1.753E-2,-0.104
5.946,1.397E-2,-0.104
5.963,8.783E-3,-0.105
5.980,2.516E-3,-0.105
5.997,-3.482E-3,-0.105
6.014,-8.513E-3,-0.105
6.030,-1.184E-2,-0.105
6.047,-1.309E-2,-0.105
6.064,-1.208E-2,-0.105
6.081,-9.087E-3,-0.105
6.098,-4.473E-3,-0.105
6.115,1.329E-3,-0.105
6.131,7.368E-3,-0.105
6.148,1.279E-2,-0.105
6.165,1.673E-2,-0.104
6.182,1.859E-2,-0.104
6.199,1.813E-2,-0.104
6.216,1.524E-2,-0.104
6.233,1.061E-2,-0.105
6.249,4.771E-3,-0.105
6.266,-1.109E-3,-0.105
6.283,-6.430E-3,-0.105
6.300,-1.051E-2,-0.105
6.317,-1.264E-2,-0.105
6.334,-1.261E-2,-0.105
6.350,-1.051E-2,-0.105
6.367,-6.332E-3,-0.105
6.384,-1.082E-3,-0.105
6.401,5.104E-3,-0.105
6.418,1.055E-2,-0.105
6.435,1.516E-2,-0.104
6.451,1.795E-2,-0.104
6.468,1.841E-2,-0.104
6.485,1.658E-2,-0.104
6.502,1.273E-2,-0.105
6.519,7.338E-3,-0.105
6.536,1.383E-3,-0.105
6.553,-4.369E-3,-0.105
6.569,-8.945E-3,-0.105
6.586,-1.188E-2,-0.105
6.603,-1.269E-2,-0.105
6.620,-1.147E-2,-0.105
6.637,-8.234E-3,-0.105
6.654,-3.339E-3,-0.105
6.670,2.439E-3,-0.105
6.687,8.220E-3,-0.105
6.704,1.330E-2,-0.105
6.721,1.693E-2,-0.104
6.738,1.831E-2,-0.104
6.755,1.747E-2,-0.104
6.772,1.449E-2,-0.104
6.788,9.830E-3,-0.105
6.805,4.005E-3,-0.105
6.822,-1.758E-3,-0.105
6.839,-6.826E-3,-0.105
6.856,-1.055E-2,-0.105
6.873,-1.238E-2,-0.105
6.889,-1.199E-2,-0.105
6.906,-9.560E-3,-0.105
6.923,-5.342E-3,-0.105
6.940,-1.659E-4,-0.105
6.957,5.867E-3,-0.105
6.974,1.116E-2,-0.105
6.991,1.543E-2,-0.104
7.007,1.784E-2,-0.104
7.024,1.792E-2,-0.104
7.041,1.582E-2,-0.104
7.058,1.177E-2,-0.105
7.075,6.368E-3,-0.105
7.092,5.161E-4,-0.105
7.108,-4.756E-3,-0.105
7.125,-9.094E-3,-0.105
7.142,-1.168E-2,-0.105
7.159,-1.229E-2,-0.105
7.176,-1.074E-2,-0.105
7.193,-7.335E-3,-0.105
7.210,-2.537E-3,-0.105
7.226,3.141E-3,-0.105
7.243,8.998E-3,-0.105
7.260,1.358E-2,-0.104
7.277,1.687E-2,-0.104
7.294,1.796E-2,-0.104
7.311,1.679E-2,-0.104
7.327,1.341E-2,-0.104
7.344,8.535E-3,-0.105
7.361,2.986E-3,-0.105
7.378,-2.580E-3,-0.105
7.395,-7.403E-3,-0.105
7.412,-1.074E-2,-0.105
7.428,-1.224E-2,-0.105
7.445,-1.153E-2,-0.105
7.462,-8.985E-3,-0.105
7.479,-4.708E-3,-0.105
7.496,7.401E-4,-0.105
7.513,6.284E-3,-0.105
7.530,1.156E-2,-0.105
7.546,1.553E-2,-0.104
7.563,1.753E-2,-0.104
7.580,1.735E-2,-0.104
7.597,1.502E-2,-0.104
7.614,1.074E-2,-0.105
7.631,5.348E-3,-0.105
7.647,-1.570E-4,-0.105
7.664,-5.532E-3,-0.105
7.681,-9.483E-3,-0.105
7.698,-1.166E-2,-0.105
7.715,-1.190E-2,-0.105
7.732,-9.999E-3,-0.105
7.749,-6.353E-3,-0.105
7.765,-1.533E-3,-0.105
7.782,3.997E-3,-0.105
7.799,9.305E-3,-0.105
7.816,1.389E-2,-0.104
7.833,1.686E-2,-0.104
7.850,1.754E-2,-0.104
7.866,1.611E-2,-0.104
7.883,1.285E-2,-0.105
7.900,7.926E-3,-0.105
7.917,2.372E-3,-0.105
7.934,-3.043E-3,-0.105
7.951,-7.552E-3,-0.105
7.968,-1.064E-2,-0.105
7.984,-1.185E-2,-0.105
8.001,-1.088E-2,-0.105
8.018,-8.060E-3,-0.105
8.035,-3.705E-3,-0.105
8.052,1.702E-3,-0.105
8.069,7.280E-3,-0.105
8.085,1.225E-2,-0.105
8.102,1.567E-2,-0.104
8.119,1.736E-2,-0.104
8.136,1.694E-2,-0.104
8.153,1.441E-2,-0.104
8.170,1.014E-2,-0.105
8.186,4.669E-3,-0.105
8.203,-6.995E-4,-0.105
8.220,-5.555E-3,-0.105
8.237,-9.307E-3,-0.105
8.254,-1.142E-2,-0.105
8.271,-1.142E-2,-0.105
8.288,-9.359E-3,-0.105
8.304,-5.631E-3,-0.105
8.321,-7.875E-4,-0.105
8.338,4.904E-3,-0.105
8.355,1.004E-2,-0.105
8.372,1.427E-2,-0.104
8.389,1.678E-2,-0.104
8.405,1.719E-2,-0.104
8.422,1.553E-2,-0.104
8.439,1.211E-2,-0.105
8.456,7.129E-3,-0.105
8.473,1.711E-3,-0.105
8.490,-3.575E-3,-0.105
8.507,-7.813E-3,-0.105
8.523,-1.060E-2,-0.105
8.540,-1.154E-2,-0.105
8.557,-1.036E-2,-0.105
8.574,-7.424E-3,-0.105
8.591,-3.026E-3,-0.105
8.608,2.287E-3,-0.105
8.624,7.652E-3,-0.105
8.641,1.238E-2,-0.105
8.658,1.561E-2,-0.104
8.675,1.707E-2,-0.104
8.692,1.646E-2,-0.104
8.709,1.359E-2,-0.104
8.726,9.501E-3,-0.105
8.742,4.083E-3,-0.105
8.759,-1.179E-3,-0.105
8.776,-5.864E-3,-0.105
8.793,-9.333E-3,-0.105
8.810,-1.119E-2,-0.105
8.827,-1.095E-2,-0.105
8.843,-8.921E-3,-0.105
8.860,-5.170E-3,-0.105
8.877,-1.566E-4,-0.105
8.894,5.084E-3,-0.105
8.911,1.027E-2,-0.105
8.928,1.413E-2,-0.104
8.945,1.658E-2,-0.104
8.961,1.679E-2,-0.104
8.978,1.495E-2,-0.104
8.995,1.120E-2,-0.105
9.012,6.567E-3,-0.105
9.029,1.129E-3,-0.105
9.046,-3.966E-3,-0.105
9.062,-7.994E-3,-0.105
9.079,-1.050E-2,-0.105
9.096,-1.120E-2,-0.105
9.113,-9.851E-3,-0.105
9.130,-6.826E-3,-0.105
9.147,-2.451E-3,-0.105
9.163,2.718E-3,-0.105
9.180,7.971E-3,-0.105
9.197,1.251E-2,-0.105
9.214,1.554E-2,-0.104
9.231,1.674E-2,-0.104
9.248,1.595E-2,-0.104
9.265,1.305E-2,-0.104
9.281,8.680E-3,-0.105
9.298,3.550E-3,-0.105
9.315,-1.611E-3,-0.105
9.332,-6.027E-3,-0.105
9.349,-9.305E-3,-0.105
9.366,-1.091E-2,-0.105
9.382,-1.048E-2,-0.105
9.399,-8.303E-3,-0.105
9.416,-4.470E-3,-0.105
9.433,3.888E-4,-0.105
9.450,5.845E-3,-0.105
9.467,1.059E-2,-0.105
9.484,1.439E-2,-0.104
9.500,1.637E-2,-0.104
9.517,1.644E-2,-0.104
9.534,1.449E-2,-0.104
9.551,1.071E-2,-0.105
9.568,6.079E-3,-0.105
9.585,7.789E-4,-0.105
9.601,-4.173E-3,-0.105
9.618,-7.940E-3,-0.105
9.635,-1.028E-2,-0.105
9.652,-1.081E-2,-0.105
9.669,-9.312E-3,-0.105
9.686,-6.266E-3,-0.105
9.703,-1.854E-3,-0.105
9.719,3.211E-3,-0.105
9.736,8.247E-3,-0.105
9.753,1.266E-2,-0.105
9.770,1.549E-2,-0.104
9.787,1.650E-2,-0.104
9.804,1.550E-2,-0.104
9.820,1.270E-2,-0.105
9.837,8.283E-3,-0.105
9.854,3.225E-3,-0.105
9.871,-1.794E-3,-0.105
9.888,-6.022E-3,-0.105
9.905,-9.142E-3,-0.105
9.921,-1.059E-2,-0.105
9.938,-1.005E-2,-0.105
9.955,-7.733E-3,-0.105
9.972,-3.975E-3,-0.105
9.989,9.069E-4,-0.105
10.006,6.062E-3,-0.105
10.023,1.071E-2,-0.105
10.039,1.433E-2,-0.104
10.056,1.617E-2,-0.104
10.073,1.608E-2,-0.104
10.090,1.409E-2,-0.104
10.107,1.034E-2,-0.105
10.124,5.687E-3,-0.105
10.140,5.034E-4,-0.105
10.157,-4.320E-3,-0.105
10.174,-7.920E-3,-0.105
10.191,-1.005E-2,-0.105
10.208,-1.043E-2,-0.105
10.225,-8.830E-3,-0.105
10.242,-5.733E-3,-0.105
10.258,-1.367E-3,-0.105
10.275,3.512E-3,-0.105
10.292,8.383E-3,-0.105
10.309,1.263E-2,-0.105
10.326,1.530E-2,-0.104
10.343,1.609E-2,-0.104
10.359,1.507E-2,-0.104
10.376,1.224E-2,-0.105
10.393,7.812E-3,-0.105
10.410,2.884E-3,-0.105
10.427,-1.958E-3,-0.105
10.444,-6.149E-3,-0.105
10.461,-9.019E-3,-0.105
10.477,-1.035E-2,-0.105
10.494,-9.667E-3,-0.105
10.511,-7.331E-3,-0.105
10.528,-3.570E-3,-0.105
10.545,1.235E-3,-0.105
10.562,6.235E-3,-0.105
10.578,1.073E-2,-0.105
10.595,1.423E-2,-0.104
10.612,1.589E-2,-0.104
10.629,1.574E-2,-0.104
10.646,1.365E-2,-0.104
10.663,9.907E-3,-0.105
10.679,5.356E-3,-0.105
10.696,2.007E-4,-0.105
10.713,-4.203E-3,-0.105
10.730,-7.814E-3,-0.105
10.747,-9.795E-3,-0.105
10.764,-1.007E-2,-0.105
10.781,-8.417E-3,-0.105
10.797,-5.258E-3,-0.105
10.814,-1.018E-3,-0.105
10.831,4.072E-3,-0.105
10.848,8.794E-3,-0.105
10.865,1.264E-2,-0.104
10.882,1.516E-2,-0.104
10.898,1.588E-2,-0.104
10.915,1.473E-2,-0.104
10.932,1.185E-2,-0.105
10.949,7.478E-3,-0.105
10.966,2.631E-3,-0.105
10.983,-2.141E-3,-0.105
11.000,-6.082E-3,-0.105
11.016,-8.853E-3,-0.105
11.033,-1.004E-2,-0.105
11.050,-9.262E-3,-0.105
11.067,-6.856E-3,-0.105
11.084,-3.140E-3,-0.105
11.101,1.536E-3,-0.105
11.117,6.466E-3,-0.105
11.134,1.073E-2,-0.105
11.151,1.411E-2,-0.104
11.168,1.559E-2,-0.104
11.185,1.532E-2,-0.104
11.202,1.317E-2,-0.105
11.219,9.643E-3,-0.105
11.235,5.104E-3,-0.105
11.252,1.667E-4,-0.105
11.269,-4.372E-3,-0.105
11.286,-7.640E-3,-0.105
11.303,-9.532E-3,-0.105
11.320,-9.708E-3,-0.105
11.336,-8.205E-3,-0.105
11.353,-5.131E-3,-0.105
11.370,-8.314E-4,-0.105
11.387,3.954E-3,-0.105
11.404,8.557E-3,-0.105
11.421,1.251E-2,-0.105
11.438,1.493E-2,-0.104
11.454,1.551E-2,-0.104
11.471,1.435E-2,-0.104
11.488,1.129E-2,-0.105
11.505,7.287E-3,-0.105
11.522,2.499E-3,-0.105
11.539,-2.141E-3,-0.105
11.555,-5.968E-3,-0.105
11.572,-8.776E-3,-0.105
11.589,-9.740E-3,-0.105
11.606,-8.957E-3,-0.105
11.623,-6.609E-3,-0.105
11.640,-2.914E-3,-0.105
11.656,1.633E-3,-0.105
11.673,6.472E-3,-0.105
11.690,1.065E-2,-0.105
11.707,1.389E-2,-0.104
11.724,1.531E-2,-0.104
11.741,1.502E-2,-0.104
11.758,1.292E-2,-0.105
11.774,9.459E-3,-0.105
11.791,5.004E-3,-0.105
11.808,1.432E-4,-0.105
11.825,-4.312E-3,-0.105
11.842,-7.490E-3,-0.105
11.859,-9.287E-3,-0.105
11.875,-9.408E-3,-0.105
11.892,-7.847E-3,-0.105
11.909,-4.810E-3,-0.105
11.926,-5.476E-4,-0.105
11.943,4.058E-3,-0.105
11.960,8.580E-3,-0.105
11.977,1.238E-2,-0.105
11.993,1.468E-2,-0.104
12.010,1.522E-2,-0.104
12.027,1.406E-2,-0.104
12.044,1.105E-2,-0.105
12.061,7.061E-3,-0.105
12.078,2.410E-3,-0.105
12.094,-2.105E-3,-0.105
12.111,-5.846E-3,-0.105
12.128,-8.500E-3,-0.105
12.145,-9.434E-3,-0.105
12.162,-8.620E-3,-0.105
12.179,-6.226E-3,-0.105
12.196,-2.759E-3,-0.105
12.212,1.784E-3,-0.105
12.229,6.463E-3,-0.105
12.246,1.057E-2,-0.105
12.263,1.358E-2,-0.104
12.280,1.505E-2,-0.104
12.297,1.473E-2,-0.104
12.313,1.268E-2,-0.105
12.330,9.314E-3,-0.105
12.347,4.877E-3,-0.105
12.364,1.155E-4,-0.105
12.381,-4.201E-3,-0.105
12.398,-7.292E-3,-0.105
12.414,-9.018E-3,-0.105
12.431,-9.092E-3,-0.105
12.448,-7.536E-3,-0.105
12.465,-4.401E-3,-0.105
12.482,-3.904E-4,-0.105
12.499,4.062E-3,-0.105
12.516,8.475E-3,-0.105
12.532,1.225E-2,-0.105
12.549,1.449E-2,-0.104
12.566,1.500E-2,-0.104
12.583,1.372E-2,-0.104
12.600,1.087E-2,-0.105
12.617,6.981E-3,-0.105
12.633,2.373E-3,-0.105
12.650,-2.048E-3,-0.105
12.667,-5.666E-3,-0.105
12.684,-8.240E-3,-0.105
12.701,-9.244E-3,-0.105
12.718,-8.413E-3,-0.105
12.735,-6.006E-3,-0.105
12.751,-2.520E-3,-0.105
12.768,1.870E-3,-0.105
12.785,6.494E-3,-0.105
12.802,1.047E-2,-0.105
12.819,1.336E-2,-0.105
12.836,1.478E-2,-0.104
12.852,1.447E-2,-0.104
12.869,1.248E-2,-0.105
12.886,9.152E-3,-0.105
12.903,4.858E-3,-0.105
12.920,2.014E-4,-0.105
12.937,-3.974E-3,-0.105
12.954,-7.014E-3,-0.105
12.970,-8.801E-3,-0.105
12.987,-8.892E-3,-0.105
13.004,-7.251E-3,-0.105
13.021,-4.366E-3,-0.105
13.038,-2.858E-4,-0.105
13.055,4.125E-3,-0.105
13.071,8.381E-3,-0.105
13.088,1.184E-2,-0.105
13.105,1.412E-2,-0.104
13.122,1.465E-2,-0.104
13.139,1.355E-2,-0.105
13.156,1.081E-2,-0.105
13.173,6.749E-3,-0.105
13.189,2.265E-3,-0.105
13.206,-2.038E-3,-0.105
13.223,-5.490E-3,-0.105
13.240,-8.077E-3,-0.105
13.257,-8.908E-3,-0.105
13.274,-8.197E-3,-0.105
13.290,-6.045E-3,-0.105
13.307,-2.448E-3,-0.105
13.324,1.639E-3,-0.105
13.341,6.174E-3,-0.105
13.358,1.014E-2,-0.105
13.375,1.302E-2,-0.105
13.391,1.441E-2,-0.105
13.408,1.411E-2,-0.105
13.425,1.214E-2,-0.105
13.442,8.881E-3,-0.105
13.459,4.713E-3,-0.105
13.476,1.752E-4,-0.105
13.493,-3.659E-3,-0.105
13.509,-6.860E-3,-0.105
13.526,-8.495E-3,-0.105
13.543,-8.657E-3,-0.105
13.560,-7.095E-3,-0.105
13.577,-4.306E-3,-0.105
13.594,-3.435E-4,-0.105
13.610,3.947E-3,-0.105
13.627,8.172E-3,-0.105
13.644,1.158E-2,-0.105
13.661,1.373E-2,-0.104
13.678,1.438E-2,-0.104
13.695,1.324E-2,-0.104
13.712,1.065E-2,-0.105
13.728,6.967E-3,-0.105
13.745,2.593E-3,-0.105
13.762,-1.655E-3,-0.105
13.779,-5.382E-3,-0.105
13.796,-7.687E-3,-0.105
13.813,-8.672E-3,-0.105
13.829,-7.960E-3,-0.105
13.846,-5.913E-3,-0.105
13.863,-2.455E-3,-0.105
13.880,1.725E-3,-0.105
13.897,5.911E-3,-0.105
13.914,9.949E-3,-0.105
13.931,1.274E-2,-0.105
13.947,1.420E-2,-0.104
13.964,1.396E-2,-0.104
13.981,1.213E-2,-0.105
13.998,8.984E-3,-0.105
14.015,4.748E-3,-0.105
14.032,5.343E-4,-0.105
14.048,-3.511E-3,-0.105
14.065,-6.480E-3,-0.105
14.082,-8.253E-3,-0.105
14.099,-8.432E-3,-0.105
14.116,-6.965E-3,-0.105
14.133,-4.325E-3,-0.105
14.149,-4.966E-4,-0.105
14.166,3.710E-3,-0.105
14.183,7.849E-3,-0.105
14.200,1.125E-2,-0.105
14.217,1.347E-2,-0.104
14.234,1.414E-2,-0.104
14.251,1.313E-2,-0.105
14.267,1.062E-2,-0.105
14.284,7.020E-3,-0.105
14.301,2.725E-3,-0.105
14.318,-1.396E-3,-0.105
14.335,-5.026E-3,-0.105
14.352,-7.347E-3,-0.105
14.368,-8.414E-3,-0.105
14.385,-7.782E-3,-0.105
14.402,-5.856E-3,-0.105
14.419,-2.563E-3,-0.105
14.436,1.497E-3,-0.105
14.453,5.615E-3,-0.105
14.470,9.606E-3,-0.105
14.486,1.244E-2,-0.105
14.503,1.386E-2,-0.104
14.520,1.375E-2,-0.104
14.537,1.197E-2,-0.105
14.554,8.899E-3,-0.105
14.571,4.922E-3,-0.105
14.587,7.889E-4,-0.105
14.604,-3.178E-3,-0.105
14.621,-6.149E-3,-0.105
14.638,-7.970E-3,-0.105
14.655,-8.234E-3,-0.105
14.672,-6.855E-3,-0.105
14.689,-4.261E-3,-0.105
14.705,-5.498E-4,-0.105
14.722,3.469E-3,-0.105
14.739,7.578E-3,-0.105
14.756,1.097E-2,-0.105
14.773,1.325E-2,-0.104
14.790,1.390E-2,-0.104
14.806,1.308E-2,-0.105
14.823,1.068E-2,-0.105
14.840,7.153E-3,-0.105
14.857,2.988E-3,-0.105
14.874,-1.078E-3,-0.105
14.891,-4.693E-3,-0.105
14.908,-7.038E-3,-0.105
14.924,-8.144E-3,-0.105
14.941,-7.622E-3,-0.105
14.958,-5.818E-3,-0.105
14.975,-2.591E-3,-0.105
14.992,1.343E-3,-0.105
15.009,5.556E-3,-0.105
15.025,9.304E-3,-0.105
15.042,1.220E-2,-0.105
15.059,1.363E-2,-0.105
15.076,1.351E-2,-0.104
15.093,1.186E-2,-0.105
15.110,9.093E-3,-0.105
15.126,5.268E-3,-0.105
15.143,1.017E-3,-0.105
15.160,-2.827E-3,-0.105
15.177,-5.912E-3,-0.105
15.194,-7.622E-3,-0.105
15.211,-7.990E-3,-0.105
15.228,-6.740E-3,-0.105
15.244,-4.347E-3,-0.105
15.261,-7.495E-4,-0.105
15.278,3.267E-3,-0.105
15.295,7.337E-3,-0.105
15.312,1.067E-2,-0.105
15.329,1.297E-2,-0.105
15.345,1.366E-2,-0.104
15.362,1.293E-2,-0.105
15.379,1.060E-2,-0.105
15.396,7.150E-3,-0.105
15.413,3.124E-3,-0.105
15.430,-8.854E-4,-0.105
15.447,-4.417E-3,-0.105
15.463,-6.739E-3,-0.105
15.480,-7.882E-3,-0.105
15.497,-7.474E-3,-0.105
15.514,-5.601E-3,-0.105
15.531,-2.722E-3,-0.105
15.548,1.060E-3,-0.105
15.564,5.072E-3,-0.105
15.581,8.826E-3,-0.105
15.598,1.177E-2,-0.105
15.615,1.337E-2,-0.105
15.632,1.334E-2,-0.105
15.649,1.189E-2,-0.105
15.666,9.139E-3,-0.105
15.682,5.467E-3,-0.105
15.699,1.321E-3,-0.105
15.716,-2.467E-3,-0.105
15.733,-5.590E-3,-0.105
15.750,-7.346E-3,-0.105
15.767,-7.808E-3,-0.105
15.783,-6.684E-3,-0.105
15.800,-4.390E-3,-0.105
15.817,-9.412E-4,-0.105
15.834,3.026E-3,-0.105
15.851,7.036E-3,-0.105
15.868,1.035E-2,-0.105
15.884,1.263E-2,-0.105
15.901,1.341E-2,-0.105
15.918,1.273E-2,-0.105
15.935,1.058E-2,-0.105
15.952,7.297E-3,-0.105
15.969,3.327E-3,-0.105
15.986,-5.019E-4,-0.105
16.002,-4.015E-3,-0.105
16.019,-6.416E-3,-0.105
16.036,-7.621E-3,-0.105
16.053,-7.357E-3,-0.105
16.070,-5.648E-3,-0.105
16.087,-2.833E-3,-0.105
16.103,8.839E-4,-0.105
16.120,4.765E-3,-0.105
16.137,8.416E-3,-0.105
16.154,1.138E-2,-0.105
16.171,1.304E-2,-0.105
16.188,1.315E-2,-0.105
16.205,1.189E-2,-0.105
16.221,9.257E-3,-0.105
16.238,5.719E-3,-0.105
16.255,1.691E-3,-0.105
16.272,-2.092E-3,-0.105
16.289,-5.185E-3,-0.105
16.306,-6.996E-3,-0.105
16.322,-7.539E-3,-0.105
16.339,-6.584E-3,-0.105
16.356,-4.351E-3,-0.105
16.373,-1.170E-3,-0.105
16.390,2.621E-3,-0.105
16.407,6.577E-3,-0.105
16.424,9.890E-3,-0.105
16.440,1.224E-2,-0.105
16.457,1.313E-2,-0.104
16.474,1.266E-2,-0.105
16.491,1.066E-2,-0.105
16.508,7.582E-3,-0.105
16.525,3.782E-3,-0.105
16.541,-2.650E-5,-0.105
16.558,-3.472E-3,-0.105
16.575,-5.935E-3,-0.105
16.592,-7.280E-3,-0.105
16.609,-7.136E-3,-0.105
16.626,-5.571E-3,-0.105
16.642,-2.986E-3,-0.105
16.659,5.932E-4,-0.105
16.676,4.386E-3,-0.105
16.693,8.078E-3,-0.105
16.710,1.098E-2,-0.105
16.727,1.273E-2,-0.105
16.744,1.303E-2,-0.105
16.760,1.177E-2,-0.105
16.777,9.275E-3,-0.105
16.794,5.800E-3,-0.105
16.811,2.078E-3,-0.105
16.828,-1.573E-3,-0.105
16.845,-4.729E-3,-0.105
16.861,-6.626E-3,-0.105
16.878,-7.327E-3,-0.105
16.895,-6.528E-3,-0.105
16.912,-4.554E-3,-0.105
16.929,-1.473E-3,-0.105
16.946,2.224E-3,-0.105
16.963,6.094E-3,-0.105
16.979,9.450E-3,-0.105
16.996,1.190E-2,-0.105
17.013,1.290E-2,-0.105
17.030,1.257E-2,-0.105
17.047,1.075E-2,-0.105
17.064,7.786E-3,-0.105
17.080,4.106E-3,-0.105
17.097,3.640E-4,-0.105
17.114,-3.081E-3,-0.105
17.131,-5.581E-3,-0.105
17.148,-7.035E-3,-0.105
17.165,-7.052E-3,-0.105
17.182,-5.655E-3,-0.105
17.198,-3.143E-3,-0.105
17.215,2.208E-4,-0.105
17.232,3.905E-3,-0.105
17.249,7.579E-3,-0.105
17.266,1.055E-2,-0.105
17.283,1.242E-2,-0.105
17.299,1.279E-2,-0.105
17.316,1.185E-2,-0.105
17.333,9.560E-3,-0.105
17.350,6.271E-3,-0.105
17.367,2.457E-3,-0.105
17.384,-1.182E-3,-0.105
17.401,-4.274E-3,-0.105
17.417,-6.263E-3,-0.105
17.434,-7.063E-3,-0.105
17.451,-6.456E-3,-0.105
17.468,-4.629E-3,-0.105
17.485,-1.657E-3,-0.105
17.502,1.906E-3,-0.105
17.518,5.703E-3,-0.105
17.535,9.042E-3,-0.105
17.552,1.141E-2,-0.105
17.569,1.268E-2,-0.105
17.586,1.248E-2,-0.105
17.603,1.087E-2,-0.105
17.619,8.084E-3,-0.105
17.636,4.716E-3,-0.105
17.653,8.844E-4,-0.105
17.670,-2.586E-3,-0.105
17.687,-5.240E-3,-0.105
17.704,-6.668E-3,-0.105
17.721,-6.864E-3,-0.105
17.737,-5.617E-3,-0.105
17.754,-3.355E-3,-0.105
17.771,-1.884E-5,-0.105
17.788,3.616E-3,-0.105
17.805,7.213E-3,-0.105
17.822,1.024E-2,-0.105
17.838,1.214E-2,-0.105
17.855,1.267E-2,-0.105
17.872,1.191E-2,-0.105
17.889,9.832E-3,-0.105
17.906,6.715E-3,-0.105
17.923,3.084E-3,-0.105
17.940,-5.362E-4,-0.105
17.956,-3.690E-3,-0.105
17.973,-5.813E-3,-0.105
17.990,-6.823E-3,-0.105
18.007,-6.375E-3,-0.105
18.024,-4.603E-3,-0.105
18.041,-1.973E-3,-0.105
18.057,1.505E-3,-0.105
18.074,5.066E-3,-0.105
18.091,8.427E-3,-0.105
18.108,1.102E-2,-0.105
18.125,1.242E-2,-0.105
18.142,1.235E-2,-0.105
18.159,1.093E-2,-0.105
18.175,8.295E-3,-0.105
18.192,4.930E-3,-0.105
18.209,1.366E-3,-0.105
18.226,-2.006E-3,-0.105
18.243,-4.756E-3,-0.105
18.260,-6.338E-3,-0.105
18.276,-6.730E-3,-0.105
18.293,-5.719E-3,-0.105
18.310,-3.635E-3,-0.105
18.327,-4.880E-4,-0.105
18.344,3.018E-3,-0.105
18.361,6.654E-3,-0.105
18.377,9.661E-3,-0.105
18.394,1.171E-2,-0.105
18.411,1.242E-2,-0.105
18.428,1.184E-2,-0.105
18.445,9.948E-3,-0.105
18.462,6.955E-3,-0.105
18.479,3.409E-3,-0.105
18.495,-9.476E-5,-0.105
18.512,-3.275E-3,-0.105
18.529,-5.423E-3,-0.105
18.546,-6.592E-3,-0.105
18.563,-6.340E-3,-0.105
18.580,-4.836E-3,-0.105
18.596,-2.349E-3,-0.105
18.613,9.215E-4,-0.105
18.630,4.393E-3,-0.105
18.647,7.848E-3,-0.105
18.664,1.051E-2,-0.105
18.681,1.204E-2,-0.105
18.698,1.221E-2,-0.105
18.714,1.111E-2,-0.105
18.731,8.708E-3,-0.105
18.748,5.527E-3,-0.105
18.765,1.889E-3,-0.105
18.782,-1.520E-3,-0.105
18.799,-4.317E-3,-0.105
18.815,-5.992E-3,-0.105
18.832,-6.567E-3,-0.105
18.849,-5.752E-3,-0.105
18.866,-3.741E-3,-0.105
18.883,-1.001E-3,-0.105
18.900,2.420E-3,-0.105
18.917,6.050E-3,-0.105
18.933,9.113E-3,-0.105
18.950,1.115E-2,-0.105
18.967,1.211E-2,-0.105
18.984,1.175E-2,-0.105
19.001,1.000E-2,-0.105
19.018,7.215E-3,-0.105
19.034,3.823E-3,-0.105
19.051,3.923E-4,-0.105
19.068,-2.752E-3,-0.105
19.085,-5.071E-3,-0.105
19.102,-6.246E-3,-0.105
19.119,-6.238E-3,-0.105
19.136,-4.864E-3,-0.105
19.152,-2.632E-3,-0.105
19.169,5.812E-4,-0.105
19.186,3.964E-3,-0.105
19.203,7.373E-3,-0.105
19.220,1.009E-2,-0.105
19.237,1.165E-2,-0.105
19.253,1.199E-2,-0.105
19.270,1.109E-2,-0.105
19.287,8.897E-3,-0.105
19.304,5.869E-3,-0.105
19.321,2.549E-3,-0.105
19.338,-8.364E-4,-0.105
19.354,-3.715E-3,-0.105
19.371,-5.641E-3,-0.105
19.388,-6.380E-3,-0.105
19.405,-5.814E-3,-0.105
19.422,-4.007E-3,-0.105
19.439,-1.236E-3,-0.105
19.456,2.047E-3,-0.105
19.472,5.356E-3,-0.105
19.489,8.483E-3,-0.105
19.506,1.080E-2,-0.105
19.523,1.185E-2,-0.105
19.540,1.166E-2,-0.105
19.557,1.028E-2,-0.105
19.573,7.715E-3,-0.105
19.590,4.447E-3,-0.105
19.607,1.083E-3,-0.105
19.624,-2.081E-3,-0.105
19.641,-4.568E-3,-0.105
19.658,-6.018E-3,-0.105
19.675,-6.210E-3,-0.105
19.691,-5.094E-3,-0.105
19.708,-2.898E-3,-0.105
19.725,1.016E-4,-0.105
19.742,3.418E-3,-0.105
19.759,6.627E-3,-0.105
19.776,9.395E-3,-0.105
19.792,1.124E-2,-0.105
19.809,1.179E-2,-0.105
19.826,1.110E-2,-0.105
19.843,9.169E-3,-0.105
19.860,6.253E-3,-0.105
19.877,3.058E-3,-0.105
19.894,-2.121E-4,-0.105
19.910,-3.114E-3,-0.105
19.927,-5.215E-3,-0.105
19.944,-6.154E-3,-0.105
19.961,-5.808E-3,-0.105
19.978,-4.228E-3,-0.105
19.995,-1.686E-3,-0.105
20.011,1.443E-3,-0.105
20.028,4.789E-3,-0.105
20.045,7.900E-3,-0.105
20.062,1.029E-2,-0.105
20.079,1.154E-2,-0.105
20.096,1.157E-2,-0.105
20.112,1.037E-2,-0.105
20.129,8.041E-3,-0.105
20.146,4.983E-3,-0.105
20.163,1.647E-3,-0.105
20.180,-1.489E-3,-0.105
20.197,-4.074E-3,-0.105
20.214,-5.655E-3,-0.105
20.230,-6.056E-3,-0.105
20.247,-5.174E-3,-0.105
20.264,-3.200E-3,-0.105
20.281,-3.747E-4,-0.105
20.298,2.835E-3,-0.105
20.315,6.061E-3,-0.105
20.331,8.880E-3,-0.105
20.348,1.086E-2,-0.105
20.365,1.164E-2,-0.105
20.382,1.119E-2,-0.105
20.399,9.410E-3,-0.105
20.416,6.857E-3,-0.105
20.433,3.643E-3,-0.105
20.449,4.220E-4,-0.105
20.466,-2.528E-3,-0.105
20.483,-4.748E-3,-0.105
20.500,-5.782E-3,-0.105
20.517,-5.754E-3,-0.105
20.534,-4.436E-3,-0.105
20.550,-2.101E-3,-0.105
20.567,9.138E-4,-0.105
20.584,4.092E-3,-0.105
20.601,7.257E-3,-0.105
20.618,9.783E-3,-0.105
20.635,1.120E-2,-0.105
20.652,1.143E-2,-0.105
20.668,1.053E-2,-0.105
20.685,8.401E-3,-0.105
20.702,5.436E-3,-0.105
20.719,2.278E-3,-0.105
20.736,-8.639E-4,-0.105
20.753,-3.525E-3,-0.105
20.769,-5.277E-3,-0.105
20.786,-5.898E-3,-0.105
20.803,-5.319E-3,-0.105
20.820,-3.600E-3,-0.105
20.837,-9.534E-4,-0.105
20.854,2.213E-3,-0.105
20.871,5.356E-3,-0.105
20.887,8.246E-3,-0.105
20.904,1.039E-2,-0.105
20.921,1.130E-2,-0.105
20.938,1.110E-2,-0.105
20.955,9.732E-3,-0.105
20.972,7.263E-3,-0.105
20.988,4.166E-3,-0.105
21.005,9.726E-4,-0.105
21.022,-1.956E-3,-0.105
21.039,-4.269E-3,-0.105
21.056,-5.556E-3,-0.105
21.073,-5.667E-3,-0.105
21.089,-4.558E-3,-0.105
21.106,-2.492E-3,-0.105
21.123,3.525E-4,-0.105
21.140,3.468E-3,-0.105
21.157,6.615E-3,-0.105
21.174,9.073E-3,-0.105
21.191,1.084E-2,-0.105
21.207,1.132E-2,-0.105
21.224,1.064E-2,-0.105
21.241,8.754E-3,-0.105
21.258,6.169E-3,-0.105
21.275,2.954E-3,-0.105
21.292,-1.789E-4,-0.105
21.308,-2.870E-3,-0.105
21.325,-4.820E-3,-0.105
21.342,-5.636E-3,-0.105
21.359,-5.258E-3,-0.105
21.376,-3.752E-3,-0.105
21.393,-1.334E-3,-0.105
21.410,1.632E-3,-0.105
21.426,4.748E-3,-0.105
21.443,7.690E-3,-0.105
21.460,9.958E-3,-0.105
21.477,1.108E-2,-0.105
21.494,1.108E-2,-0.105
21.511,9.973E-3,-0.105
21.527,7.708E-3,-0.105
21.544,4.749E-3,-0.105
21.561,1.661E-3,-0.105
21.578,-1.289E-3,-0.105
21.595,-3.746E-3,-0.105
21.612,-5.219E-3,-0.105
21.629,-5.587E-3,-0.105
21.645,-4.758E-3,-0.105
21.662,-2.880E-3,-0.105
21.679,-2.293E-4,-0.105
21.696,2.838E-3,-0.105
21.713,5.999E-3,-0.105
21.730,8.564E-3,-0.105
21.746,1.044E-2,-0.105
21.763,1.114E-2,-0.105
21.780,1.068E-2,-0.105
21.797,9.147E-3,-0.105
21.814,6.624E-3,-0.105
21.831,3.591E-3,-0.105
21.847,5.373E-4,-0.105
21.864,-2.258E-3,-0.105
21.881,-4.342E-3,-0.105
21.898,-5.401E-3,-0.105
21.915,-5.264E-3,-0.105
21.932,-4.004E-3,-0.105
21.949,-1.819E-3,-0.105
21.965,1.038E-3,-0.105
21.982,4.085E-3,-0.105
21.999,7.081E-3,-0.105
22.016,9.307E-3,-0.105
22.033,1.077E-2,-0.105
22.050,1.100E-2,-0.105
22.066,1.011E-2,-0.105
22.083,8.087E-3,-0.105
22.100,5.329E-3,-0.105
22.117,2.338E-3,-0.105
22.134,-6.310E-4,-0.105
22.151,-3.098E-3,-0.105
22.168,-4.791E-3,-0.105
22.184,-5.404E-3,-0.105
22.201,-4.833E-3,-0.105
22.218,-3.173E-3,-0.105
22.235,-7.249E-4,-0.105
22.252,2.214E-3,-0.105
22.269,5.180E-3,-0.105
22.285,7.941E-3,-0.105
22.302,9.955E-3,-0.105
22.319,1.087E-2,-0.105
22.336,1.068E-2,-0.105
22.353,9.440E-3,-0.105
22.370,7.097E-3,-0.105
22.387,4.119E-3,-0.105
22.403,1.195E-3,-0.105
22.420,-1.628E-3,-0.105
22.437,-3.796E-3,-0.105
22.454,-5.047E-3,-0.105
22.471,-5.196E-3,-0.105
22.488,-4.173E-3,-0.105
22.504,-2.230E-3,-0.105
22.521,4.216E-4,-0.105
22.538,3.407E-3,-0.105
22.555,6.411E-3,-0.105
22.572,8.747E-3,-0.105
22.589,1.040E-2,-0.105
22.605,1.086E-2,-0.105
22.622,1.025E-2,-0.105
22.639,8.519E-3,-0.105
22.656,6.107E-3,-0.105
22.673,3.047E-3,-0.105
22.690,1.160E-4,-0.105
22.707,-2.494E-3,-0.105
22.723,-4.338E-3,-0.105
22.740,-5.168E-3,-0.105
22.757,-4.863E-3,-0.105
22.774,-3.447E-3,-0.105
22.791,-1.186E-3,-0.105
22.808,1.601E-3,-0.105
22.824,4.535E-3,-0.105
22.841,7.370E-3,-0.105
22.858,9.482E-3,-0.105
22.875,1.062E-2,-0.105
22.892,1.069E-2,-0.105
22.909,9.682E-3,-0.105
22.926,7.596E-3,-0.105
22.942,4.844E-3,-0.105
22.959,1.928E-3,-0.105
22.976,-9.168E-4,-0.105
22.993,-3.207E-3,-0.105
23.010,-4.655E-3,-0.105
23.027,-5.053E-3,-0.105
23.043,-4.313E-3,-0.105
23.060,-2.625E-3,-0.105
23.077,-1.388E-4,-0.105
23.094,2.735E-3,-0.105
23.111,5.558E-3,-0.105
23.128,8.138E-3,-0.105
23.145,9.950E-3,-0.105
23.161,1.066E-2,-0.105
23.178,1.031E-2,-0.105
23.195,8.821E-3,-0.105
23.212,6.606E-3,-0.105
23.229,3.712E-3,-0.105
23.246,8.424E-4,-0.105
23.262,-1.799E-3,-0.105
23.279,-3.789E-3,-0.105
23.296,-4.842E-3,-0.105
23.313,-4.825E-3,-0.105
23.330,-3.683E-3,-0.105
23.347,-1.671E-3,-0.105
23.364,9.500E-4,-0.105
23.380,3.780E-3,-0.105
23.397,6.653E-3,-0.105
23.414,8.824E-3,-0.105
23.431,1.028E-2,-0.105
23.448,1.057E-2,-0.105
23.465,9.840E-3,-0.105
23.481,8.014E-3,-0.105
23.498,5.613E-3,-0.105
23.515,2.632E-3,-0.105
23.532,-1.448E-4,-0.105
23.549,-2.536E-3,-0.105
23.566,-4.215E-3,-0.105
23.582,-4.871E-3,-0.105
23.599,-4.411E-3,-0.105
23.616,-2.905E-3,-0.105
23.633,-6.348E-4,-0.105
23.650,2.073E-3,-0.105
23.667,4.894E-3,-0.105
23.684,7.541E-3,-0.105
23.700,9.487E-3,-0.105
23.717,1.045E-2,-0.105
23.734,1.034E-2,-0.105
23.751,9.241E-3,-0.105
23.768,7.126E-3,-0.105
23.785,4.421E-3,-0.105
23.801,1.591E-3,-0.105
23.818,-1.067E-3,-0.105
23.835,-3.235E-3,-0.105
23.852,-4.489E-3,-0.105
23.869,-4.771E-3,-0.105
23.886,-3.953E-3,-0.105
23.903,-2.173E-3,-0.105
23.919,2.956E-4,-0.105
23.936,3.087E-3,-0.105
23.953,5.919E-3,-0.105
23.970,8.188E-3,-0.105
23.987,9.847E-3,-0.105
24.004,1.042E-2,-0.105
24.020,9.970E-3,-0.105
24.037,8.375E-3,-0.105
24.054,6.165E-3,-0.105
24.071,3.281E-3,-0.105
24.088,5.147E-4,-0.105
24.105,-1.978E-3,-0.105
24.122,-3.821E-3,-0.105
24.138,-4.666E-3,-0.105
24.155,-4.484E-3,-0.105
24.172,-3.326E-3,-0.105
24.189,-1.265E-3,-0.105
24.206,1.296E-3,-0.105
24.223,4.029E-3,-0.105
24.239,6.799E-3,-0.105
24.256,8.929E-3,-0.105
24.273,1.008E-2,-0.105
24.290,1.026E-2,-0.105
24.307,9.436E-3,-0.105
24.324,7.551E-3,-0.105
24.340,5.161E-3,-0.105
24.357,2.237E-3,-0.105
24.374,-4.037E-4,-0.105
24.391,-2.643E-3,-0.105
24.408,-4.122E-3,-0.105
24.425,-4.646E-3,-0.105
24.442,-4.046E-3,-0.105
24.458,-2.535E-3,-0.105
24.475,-2.544E-4,-0.105
24.492,2.411E-3,-0.105
24.509,5.091E-3,-0.105
24.526,7.615E-3,-0.105
24.543,9.297E-3,-0.105
24.559,1.022E-2,-0.105
24.576,1.003E-2,-0.105
24.593,8.755E-3,-0.105
24.610,6.746E-3,-0.105
24.627,3.987E-3,-0.105
24.644,1.325E-3,-0.105
24.661,-1.266E-3,-0.105
24.677,-3.241E-3,-0.105
24.694,-4.358E-3,-0.105
24.711,-4.448E-3,-0.105
24.728,-3.510E-3,-0.105
24.745,-1.753E-3,-0.105
24.762,6.982E-4,-0.105
24.778,3.364E-3,-0.105
24.795,6.106E-3,-0.105
24.812,8.232E-3,-0.105
24.829,9.701E-3,-0.105
24.846,1.012E-2,-0.105
24.863,9.561E-3,-0.105
24.880,7.912E-3,-0.105
24.896,5.718E-3,-0.105
24.913,2.886E-3,-0.105
24.930,2.683E-4,-0.105
24.947,-2.093E-3,-0.105
24.964,-3.746E-3,-0.105
24.981,-4.489E-3,-0.105
24.997,-4.235E-3,-0.105
25.014,-2.957E-3,-0.105
25.031,-9.090E-4,-0.105
25.048,1.660E-3,-0.105
25.065,4.322E-3,-0.105
25.082,6.921E-3,-0.105
25.099,8.788E-3,-0.105
25.115,9.913E-3,-0.105
25.132,9.959E-3,-0.105
25.149,9.012E-3,-0.105
25.166,7.081E-3,-0.105
25.183,4.743E-3,-0.105
25.200,1.940E-3,-0.105
25.216,-6.121E-4,-0.105
25.233,-2.698E-3,-0.105
25.250,-4.024E-3,-0.105
25.267,-4.408E-3,-0.105
25.284,-3.763E-3,-0.105
25.301,-2.225E-3,-0.105
25.317,7.979E-5,-0.105
25.334,2.677E-3,-0.105
25.351,5.269E-3,-0.105
25.368,7.657E-3,-0.105
25.385,9.293E-3,-0.105
25.402,9.982E-3,-0.105
25.419,9.660E-3,-0.105
25.435,8.425E-3,-0.105
25.452,6.338E-3,-0.105
25.469,3.684E-3,-0.105
25.486,1.059E-3,-0.105
25.503,-1.361E-3,-0.105
25.520,-3.194E-3,-0.105
25.536,-4.187E-3,-0.105
25.553,-4.187E-3,-0.105
25.570,-3.182E-3,-0.105
25.587,-1.349E-3,-0.105
25.604,1.063E-3,-0.105
25.621,3.640E-3,-0.105
25.638,6.133E-3,-0.105
25.654,8.239E-3,-0.105
25.671,9.489E-3,-0.105
25.688,9.901E-3,-0.105
25.705,9.170E-3,-0.105
25.722,7.658E-3,-0.105
25.739,5.350E-3,-0.105
25.755,2.787E-3,-0.105
25.772,2.237E-4,-0.105
25.789,-2.013E-3,-0.105
25.806,-3.560E-3,-0.105
25.823,-4.204E-3,-0.105
25.840,-3.827E-3,-0.105
25.857,-2.492E-3,-0.105
25.873,-4.523E-4,-0.105
25.890,1.957E-3,-0.105
25.907,4.516E-3,-0.105
25.924,6.970E-3,-0.105
25.941,8.680E-3,-0.105
25.958,9.710E-3,-0.105
25.974,9.690E-3,-0.105
25.991,8.653E-3,-0.105
26.008,6.877E-3,-0.105
26.025,4.379E-3,-0.105
26.042,1.826E-3,-0.105
26.059,-6.572E-4,-0.105
26.075,-2.638E-3,-0.105
26.092,-3.826E-3,-0.105
26.109,-4.093E-3,-0.105
26.126,-3.398E-3,-0.105
26.143,-1.829E-3,-0.105
26.160,3.515E-4,-0.105
26.177,2.871E-3,-0.105
26.193,5.493E-3,-0.105
26.210,7.589E-3,-0.105
26.227,9.154E-3,-0.105
26.244,9.724E-3,-0.105
26.261,9.363E-3,-0.105
26.278,7.991E-3,-0.105
26.294,6.029E-3,-0.105
26.311,3.586E-3,-0.105
26.328,9.151E-4,-0.105
26.345,-1.423E-3,-0.105
26.362,-3.084E-3,-0.105
26.379,-3.992E-3,-0.105
26.396,-3.929E-3,-0.105
26.412,-2.906E-3,-0.105
26.429,-1.092E-3,-0.105
26.446,1.197E-3,-0.105
26.463,3.701E-3,-0.105
26.480,6.243E-3,-0.105
26.497,8.138E-3,-0.105
26.513,9.288E-3,-0.105
26.530,9.563E-3,-0.105
26.547,8.840E-3,-0.105
26.564,7.298E-3,-0.105
26.581,5.006E-3,-0.105
26.598,2.548E-3,-0.105
26.615,7.492E-5,-0.105
26.631,-2.023E-3,-0.105
26.648,-3.417E-3,-0.105
26.665,-3.953E-3,-0.105
26.682,-3.546E-3,-0.105
26.699,-2.269E-3,-0.105
26.716,-2.687E-4,-0.105
26.732,2.117E-3,-0.105
26.749,4.612E-3,-0.105
26.766,6.983E-3,-0.105
26.783,8.598E-3,-0.105
26.800,9.523E-3,-0.105
26.817,9.422E-3,-0.105
26.834,8.327E-3,-0.105
26.850,6.576E-3,-0.105
26.867,4.255E-3,-0.105
26.884,1.641E-3,-0.105
26.901,-6.833E-4,-0.105
26.918,-2.542E-3,-0.105
26.935,-3.643E-3,-0.105
26.951,-3.865E-3,-0.105
26.968,-3.095E-3,-0.105
26.985,-1.579E-3,-0.105
27.002,5.978E-4,-0.105
27.019,3.055E-3,-0.105
27.036,5.440E-3,-0.105
27.052,7.626E-3,-0.105
27.069,8.984E-3,-0.105
27.086,9.454E-3,-0.105
27.103,9.050E-3,-0.105
27.120,7.788E-3,-0.105
27.137,5.642E-3,-0.105
27.154,3.350E-3,-0.105
27.170,9.048E-4,-0.105
27.187,-1.321E-3,-0.105
27.204,-2.937E-3,-0.105
27.221,-3.751E-3,-0.105
27.238,-3.627E-3,-0.105
27.255,-2.599E-3,-0.105
27.271,-7.962E-4,-0.105
27.288,1.494E-3,-0.105
27.305,3.916E-3,-0.105
27.322,6.323E-3,-0.105
27.339,8.071E-3,-0.105
27.356,9.238E-3,-0.105
27.373,9.392E-3,-0.105
27.389,8.701E-3,-0.105
27.406,7.088E-3,-0.105
27.423,4.996E-3,-0.105
27.440,2.468E-3,-0.105
27.457,1.390E-4,-0.105
27.474,-1.911E-3,-0.105
27.490,-3.228E-3,-0.105
27.507,-3.707E-3,-0.105
27.524,-3.262E-3,-0.105
27.541,-1.951E-3,-0.105
27.558,-7.216E-6,-0.105
27.575,2.345E-3,-0.105
27.592,4.740E-3,-0.105
27.608,6.968E-3,-0.105
27.625,8.465E-3,-0.105
27.642,9.308E-3,-0.105
27.659,9.212E-3,-0.105
27.676,8.103E-3,-0.105
27.693,6.418E-3,-0.105
27.709,4.049E-3,-0.105
27.726,1.660E-3,-0.105
27.743,-5.929E-4,-0.105
27.760,-2.355E-3,-0.105
27.777,-3.426E-3,-0.105
27.794,-3.565E-3,-0.105
27.810,-2.808E-3,-0.105
27.827,-1.243E-3,-0.105
27.844,8.603E-4,-0.105
27.861,3.209E-3,-0.105
27.878,5.506E-3,-0.105
27.895,7.544E-3,-0.105
27.912,8.818E-3,-0.105
27.928,9.258E-3,-0.105
27.945,8.846E-3,-0.105
27.962,7.602E-3,-0.105
27.979,5.588E-3,-0.105
27.996,3.286E-3,-0.105
28.013,9.092E-4,-0.105
28.029,-1.202E-3,-0.105
28.046,-2.708E-3,-0.105
28.063,-3.481E-3,-0.105
28.080,-3.350E-3,-0.105
28.097,-2.324E-3,-0.105
28.114,-5.780E-4,-0.105
28.131,1.608E-3,-0.105
28.147,3.977E-3,-0.105
28.164,6.283E-3,-0.105
28.181,7.972E-3,-0.105
28.198,8.942E-3,-0.105
28.215,9.078E-3,-0.105
28.232,8.395E-3,-0.105
28.248,6.864E-3,-0.105
28.265,4.694E-3,-0.105
28.282,2.373E-3,-0.105
28.299,1.135E-4,-0.105
28.316,-1.814E-3,-0.105
28.333,-3.047E-3,-0.105
28.350,-3.478E-3,-0.105
28.366,-3.037E-3,-0.105
28.383,-1.747E-3,-0.105
28.400,1.856E-4,-0.105
28.417,2.430E-3,-0.105
28.434,4.728E-3,-0.105
28.451,6.885E-3,-0.105
28.467,8.359E-3,-0.105
28.484,9.043E-3,-0.105
28.501,8.888E-3,-0.105
28.518,7.903E-3,-0.105
28.535,6.250E-3,-0.105
28.552,3.968E-3,-0.105
28.568,1.613E-3,-0.105
28.585,-5.383E-4,-0.105
28.602,-2.221E-3,-0.105
28.619,-3.189E-3,-0.105
28.636,-3.344E-3,-0.105
28.653,-2.587E-3,-0.105
28.670,-1.085E-3,-0.105
28.686,9.328E-4,-0.105
28.703,3.200E-3,-0.105
28.720,5.419E-3,-0.105
28.737,7.418E-3,-0.105
28.754,8.633E-3,-0.105
28.771,9.045E-3,-0.105
28.787,8.615E-3,-0.105
28.804,7.421E-3,-0.105
28.821,5.447E-3,-0.105
28.838,3.214E-3,-0.105
28.855,9.798E-4,-0.105
28.872,-1.046E-3,-0.105
28.889,-2.497E-3,-0.105
28.905,-3.222E-3,-0.105
28.922,-3.032E-3,-0.105
28.939,-2.010E-3,-0.105
28.956,-3.271E-4,-0.105
28.973,1.826E-3,-0.105
28.990,4.095E-3,-0.105
29.006,6.300E-3,-0.105
29.023,7.915E-3,-0.105
29.040,8.847E-3,-0.105
29.057,8.945E-3,-0.105
29.074,8.238E-3,-0.105
29.091,6.812E-3,-0.105
29.108,4.718E-3,-0.105
29.124,2.459E-3,-0.105
29.141,2.681E-4,-0.105
29.158,-1.576E-3,-0.105
29.175,-2.798E-3,-0.105
29.192,-3.198E-3,-0.105
29.209,-2.739E-3,-0.105
29.225,-1.509E-3,-0.105
29.242,3.521E-4,-0.105
29.259,2.501E-3,-0.105
29.276,4.746E-3,-0.105
29.293,6.805E-3,-0.105
29.310,8.210E-3,-0.105
29.327,8.879E-3,-0.105
29.343,8.702E-3,-0.105
29.360,7.752E-3,-0.105
29.377,6.100E-3,-0.105
29.394,3.888E-3,-0.105
29.411,1.669E-3,-0.105
29.428,-4.253E-4,-0.105
29.444,-2.032E-3,-0.105
29.461,-2.988E-3,-0.105
29.478,-3.093E-3,-0.105
29.495,-2.388E-3,-0.105
29.512,-9.107E-4,-0.105
29.529,1.033E-3,-0.105
29.545,3.267E-3,-0.105
29.562,5.364E-3,-0.105
29.579,7.268E-3,-0.105
29.596,8.425E-3,-0.105
29.613,8.834E-3,-0.105
29.630,8.430E-3,-0.105
29.647,7.240E-3,-0.105
29.663,5.330E-3,-0.105
29.680,3.183E-3,-0.105
29.697,1.013E-3,-0.105
29.714,-9.321E-4,-0.105
29.731,-2.371E-3,-0.105
29.748,-3.048E-3,-0.105
29.764,-2.855E-3,-0.105
29.781,-1.843E-3,-0.105
29.798,-1.851E-4,-0.105
29.815,1.865E-3,-0.105
29.832,4.037E-3,-0.105
29.849,6.188E-3,-0.105
29.866,7.725E-3,-0.105
29.882,8.621E-3,-0.105
29.899,8.746E-3,-0.105
29.916,8.073E-3,-0.105
29.933,6.659E-3,-0.105
29.950,4.629E-3,-0.105
29.967,2.477E-3,-0.105
29.983,3.747E-4,-0.105
30.000,-1.399E-3,-0.105
30.017,-2.584E-3,-0.105
30.034,-2.988E-3,-0.105
30.051,-2.543E-3,-0.105
30.068,-1.344E-3,-0.105
30.085,4.410E-4,-0.105
30.101,2.542E-3,-0.105
30.118,4.659E-3,-0.105
30.135,6.675E-3,-0.105
30.152,8.035E-3,-0.105
30.169,8.662E-3,-0.105
30.186,8.515E-3,-0.105
30.202,7.612E-3,-0.105
30.219,6.054E-3,-0.105
30.236,3.908E-3,-0.105
30.253,1.783E-3,-0.105
30.270,-2.577E-4,-0.105
30.287,-1.835E-3,-0.105
30.303,-2.760E-3,-0.105
30.320,-2.860E-3,-0.105
30.337,-2.172E-3,-0.105
30.354,-7.473E-4,-0.105
30.371,1.177E-3,-0.105
30.388,3.303E-3,-0.105
30.405,5.337E-3,-0.105
30.421,7.175E-3,-0.105
30.438,8.268E-3,-0.105
30.455,8.631E-3,-0.105
30.472,8.246E-3,-0.105
30.489,7.103E-3,-0.105
30.506,5.254E-3,-0.105
30.522,3.209E-3,-0.105
30.539,1.118E-3,-0.105
30.556,-7.976E-4,-0.105
30.573,-2.160E-3,-0.105
30.590,-2.823E-3,-0.105
30.607,-2.666E-3,-0.105
30.624,-1.739E-3,-0.105
30.640,-1.520E-4,-0.105
30.657,1.822E-3,-0.105
30.674,3.951E-3,-0.105
30.691,5.863E-3,-0.105
30.708,7.522E-3,-0.105
30.725,8.405E-3,-0.105
30.741,8.482E-3,-0.105
30.758,7.847E-3,-0.105
30.775,6.514E-3,-0.105
30.792,4.542E-3,-0.105
30.809,2.462E-3,-0.105
30.826,3.981E-4,-0.105
30.843,-1.299E-3,-0.105
30.859,-2.434E-3,-0.105
30.876,-2.818E-3,-0.105
30.893,-2.399E-3,-0.105
30.910,-1.250E-3,-0.105
30.927,5.057E-4,-0.105
30.944,2.502E-3,-0.105
30.960,4.568E-3,-0.105
30.977,6.511E-3,-0.105
30.994,7.809E-3,-0.105
31.011,8.461E-3,-0.105
31.028,8.330E-3,-0.105
31.045,7.451E-3,-0.105
31.062,5.970E-3,-0.105
31.078,3.862E-3,-0.105
31.095,1.805E-3,-0.105
31.112,-1.510E-4,-0.105
31.129,-1.653E-3,-0.105
31.146,-2.568E-3,-0.105
31.163,-2.682E-3,-0.105
31.179,-2.048E-3,-0.105
31.196,-6.798E-4,-0.105
31.213,1.139E-3,-0.105
31.230,3.201E-3,-0.105
31.247,5.184E-3,-0.105
31.264,6.937E-3,-0.105
31.280,8.042E-3,-0.105
31.297,8.442E-3,-0.105
31.314,8.047E-3,-0.105
31.331,6.987E-3,-0.105
31.348,5.312E-3,-0.105
31.365,3.197E-3,-0.105
31.382,1.178E-3,-0.105
31.398,-6.289E-4,-0.105
31.415,-1.973E-3,-0.105
31.432,-2.628E-3,-0.105
31.449,-2.491E-3,-0.105
31.466,-1.606E-3,-0.105
31.483,-9.582E-5,-0.105
31.499,1.816E-3,-0.105
31.516,3.858E-3,-0.105
31.533,5.718E-3,-0.105
31.550,7.315E-3,-0.105
31.567,8.186E-3,-0.105
31.584,8.307E-3,-0.105
31.601,7.700E-3,-0.105
31.617,6.443E-3,-0.105
31.634,4.522E-3,-0.105
31.651,2.526E-3,-0.105
31.668,5.371E-4,-0.105
31.685,-1.119E-3,-0.105
31.702,-2.248E-3,-0.105
31.718,-2.648E-3,-0.105
31.735,-2.251E-3,-0.105
31.752,-1.156E-3,-0.105
31.769,5.219E-4,-0.105
31.786,2.478E-3,-0.105
31.803,4.442E-3,-0.105
31.820,6.314E-3,-0.105
31.836,7.639E-3,-0.105
31.853,8.247E-3,-0.105
31.870,8.154E-3,-0.105
31.887,7.328E-3,-0.105
31.904,5.886E-3,-0.105
31.921,3.924E-3,-0.105
31.937,1.886E-3,-0.105
31.954,7.971E-7,-0.105
31.971,-1.486E-3,-0.105
31.988,-2.400E-3,-0.105
32.005,-2.548E-3,-0.105
32.022,-1.942E-3,-0.105
32.038,-6.574E-4,-0.105
32.055,1.078E-3,-0.105
32.072,3.043E-3,-0.105
32.089,4.974E-3,-0.105
32.106,6.714E-3,-0.105
32.123,7.788E-3,-0.105
32.140,8.174E-3,-0.105
32.156,7.843E-3,-0.105
32.173,6.805E-3,-0.105
32.190,5.262E-3,-0.105
32.207,3.267E-3,-0.105
32.224,1.261E-3,-0.105
32.241,-5.260E-4,-0.105
32.257,-1.824E-3,-0.105
32.274,-2.439E-3,-0.105
32.291,-2.353E-3,-0.105
32.308,-1.543E-3,-0.105
32.325,-1.016E-4,-0.105
32.342,1.712E-3,-0.105
32.359,3.667E-3,-0.105
32.375,5.626E-3,-0.105
32.392,7.102E-3,-0.105
32.409,7.956E-3,-0.105
32.426,8.102E-3,-0.105
32.443,7.556E-3,-0.105
32.460,6.352E-3,-0.105
32.476,4.648E-3,-0.105
32.493,2.574E-3,-0.105
32.510,6.792E-4,-0.105
32.527,-9.389E-4,-0.105
32.544,-2.035E-3,-0.105
32.561,-2.441E-3,-0.105
32.578,-2.086E-3,-0.105
32.594,-1.098E-3,-0.105
32.611,4.633E-4,-0.105
32.628,2.338E-3,-0.105
32.645,4.238E-3,-0.105
32.662,6.116E-3,-0.105
32.679,7.377E-3,-0.105
32.695,8.019E-3,-0.105
32.712,7.979E-3,-0.105
32.729,7.178E-3,-0.105
32.746,5.798E-3,-0.105
32.763,3.904E-3,-0.105
32.780,1.959E-3,-0.105
32.797,1.286E-4,-0.105
32.813,-1.331E-3,-0.105
32.830,-2.217E-3,-0.105
32.847,-2.407E-3,-0.105
32.864,-1.830E-3,-0.105
32.881,-6.100E-4,-0.105
32.898,1.084E-3,-0.105
32.914,2.991E-3,-0.105
32.931,4.843E-3,-0.105
32.948,6.564E-3,-0.105
32.965,7.627E-3,-0.105
32.982,8.056E-3,-0.105
32.999,7.761E-3,-0.105
33.015,6.815E-3,-0.105
33.032,5.317E-3,-0.105
33.049,3.376E-3,-0.105
33.066,1.437E-3,-0.105
33.083,-2.890E-4,-0.105
33.100,-1.578E-3,-0.105
33.117,-2.247E-3,-0.105
33.133,-2.199E-3,-0.105
33.150,-1.416E-3,-0.105
33.167,-4.647E-5,-0.105
33.184,1.674E-3,-0.105
33.201,3.587E-3,-0.105
33.218,5.478E-3,-0.105
33.234,6.940E-3,-0.105
33.251,7.772E-3,-0.105
33.268,7.964E-3,-0.105
33.285,7.449E-3,-0.105
33.302,6.342E-3,-0.105
33.319,4.700E-3,-0.105
33.336,2.735E-3,-0.105
33.352,8.550E-4,-0.105
33.369,-7.530E-4,-0.105
33.386,-1.829E-3,-0.105
33.403,-2.270E-3,-0.105
33.420,-2.019E-3,-0.105
33.437,-1.036E-3,-0.105
33.453,4.573E-4,-0.105
33.470,2.262E-3,-0.105
33.487,4.127E-3,-0.105
33.504,5.924E-3,-0.105
33.521,7.187E-3,-0.105
33.538,7.831E-3,-0.105
33.555,7.812E-3,-0.105
33.571,7.150E-3,-0.105
33.588,5.843E-3,-0.105
33.605,4.044E-3,-0.105
33.622,2.186E-3,-0.105
33.639,4.112E-4,-0.105
33.656,-1.024E-3,-0.105
33.672,-1.934E-3,-0.105
33.689,-2.179E-3,-0.105
33.706,-1.657E-3,-0.105
33.723,-5.496E-4,-0.105
33.740,1.033E-3,-0.105
33.757,2.885E-3,-0.105
33.773,4.672E-3,-0.105
33.790,6.347E-3,-0.105
33.807,7.420E-3,-0.105
33.824,7.864E-3,-0.105
33.841,7.660E-3,-0.105
33.858,6.775E-3,-0.105
33.875,5.333E-3,-0.105
33.891,3.447E-3,-0.105
33.908,1.622E-3,-0.105
33.925,-5.466E-5,-0.105
33.942,-1.362E-3,-0.105
33.959,-2.029E-3,-0.105
33.976,-2.012E-3,-0.105
33.992,-1.326E-3,-0.105
34.009,-5.866E-5,-0.105
34.026,1.598E-3,-0.105
34.043,3.427E-3,-0.105
34.060,5.300E-3,-0.105
34.077,6.673E-3,-0.105
34.094,7.580E-3,-0.105
34.110,7.789E-3,-0.105
34.127,7.352E-3,-0.105
34.144,6.286E-3,-0.105
34.161,4.750E-3,-0.105
34.178,2.828E-3,-0.105
34.195,1.019E-3,-0.105
34.211,-5.120E-4,-0.105
34.228,-1.616E-3,-0.105
34.245,-2.079E-3,-0.105
34.262,-1.887E-3,-0.105
34.279,-1.017E-3,-0.105
34.296,3.874E-4,-0.105
34.313,2.118E-3,-0.105
34.329,3.923E-3,-0.105
34.346,5.678E-3,-0.105
34.363,6.950E-3,-0.105
34.380,7.624E-3,-0.105
34.397,7.658E-3,-0.105
34.414,7.045E-3,-0.105
34.430,5.855E-3,-0.105
34.447,4.247E-3,-0.105
34.464,2.334E-3,-0.105
34.481,5.995E-4,-0.105
34.498,-8.230E-4,-0.105
34.515,-1.742E-3,-0.105
34.531,-1.999E-3,-0.105
34.548,-1.574E-3,-0.105
34.565,-5.303E-4,-0.105
34.582,9.593E-4,-0.105
34.599,2.698E-3,-0.105
34.616,4.462E-3,-0.105
34.633,6.120E-3,-0.105
34.649,7.203E-3,-0.105
34.666,7.687E-3,-0.105
34.683,7.504E-3,-0.105
34.700,6.710E-3,-0.105
34.717,5.374E-3,-0.105
34.734,3.671E-3,-0.105
34.750,1.767E-3,-0.105
34.767,1.524E-4,-0.105
34.784,-1.144E-3,-0.105
34.801,-1.856E-3,-0.105
34.818,-1.938E-3,-0.105
34.835,-1.326E-3,-0.105
34.852,-1.277E-4,-0.105
34.868,1.429E-3,-0.105
34.885,3.197E-3,-0.105
34.902,4.913E-3,-0.105
34.919,6.431E-3,-0.105
34.936,7.336E-3,-0.105
34.953,7.622E-3,-0.105
34.969,7.272E-3,-0.105
34.986,6.286E-3,-0.105
35.003,4.849E-3,-0.105
35.020,3.032E-3,-0.105
35.037,1.279E-3,-0.105
35.054,-2.643E-4,-0.105
35.071,-1.379E-3,-0.105
35.087,-1.890E-3,-0.105
35.104,-1.763E-3,-0.105
35.121,-9.621E-4,-0.105
35.138,3.489E-4,-0.105
35.155,1.986E-3,-0.105
35.172,3.724E-3,-0.105
35.188,5.330E-3,-0.105
35.205,6.717E-3,-0.105
35.222,7.415E-3,-0.105
35.239,7.521E-3,-0.105
35.256,6.972E-3,-0.105
35.273,5.828E-3,-0.105
35.290,4.308E-3,-0.105
35.306,2.454E-3,-0.105
35.323,7.884E-4,-0.105
35.340,-6.153E-4,-0.105
35.357,-1.537E-3,-0.105
35.374,-1.856E-3,-0.105
35.391,-1.543E-3,-0.105
35.407,-5.647E-4,-0.105
35.424,8.600E-4,-0.105
35.441,2.540E-3,-0.105
35.458,4.242E-3,-0.105
35.475,5.865E-3,-0.105
35.492,6.961E-3,-0.105
35.508,7.444E-3,-0.105
35.525,7.365E-3,-0.105
35.542,6.624E-3,-0.105
35.559,5.390E-3,-0.105
35.576,3.681E-3,-0.105
35.593,1.975E-3,-0.105
35.610,3.835E-4,-0.105
35.626,-8.690E-4,-0.105
35.643,-1.641E-3,-0.105
35.660,-1.748E-3,-0.105
35.677,-1.202E-3,-0.105
35.694,-7.688E-5,-0.105
35.711,1.411E-3,-0.105
35.727,3.110E-3,-0.105
35.744,4.771E-3,-0.105
35.761,6.226E-3,-0.105
35.778,7.166E-3,-0.105
35.795,7.457E-3,-0.105
35.812,7.193E-3,-0.105
35.829,6.280E-3,-0.105
35.845,4.931E-3,-0.105
35.862,3.184E-3,-0.105
35.879,1.495E-3,-0.105
35.896,-4.012E-5,-0.105
35.913,-1.136E-3,-0.105
35.930,-1.674E-3,-0.105
35.946,-1.610E-3,-0.105
35.963,-9.001E-4,-0.105
35.980,3.343E-4,-0.105
35.997,1.869E-3,-0.105
36.014,3.548E-3,-0.105
36.031,5.113E-3,-0.105
36.048,6.496E-3,-0.105
36.064,7.235E-3,-0.105
36.081,7.386E-3,-0.105
36.098,6.879E-3,-0.105
36.115,5.846E-3,-0.105
36.132,4.426E-3,-0.105
36.149,2.683E-3,-0.105
36.165,1.011E-3,-0.105
36.182,-3.815E-4,-0.105
36.199,-1.312E-3,-0.105
36.216,-1.686E-3,-0.105
36.233,-1.432E-3,-0.105
36.250,-5.594E-4,-0.105
36.266,7.906E-4,-0.105
36.283,2.419E-3,-0.105
36.300,4.081E-3,-0.105
36.317,5.675E-3,-0.105
36.334,6.777E-3,-0.105
36.351,7.322E-3,-0.105
36.368,7.267E-3,-0.105
36.384,6.629E-3,-0.105
36.401,5.469E-3,-0.105
36.418,3.844E-3,-0.105
36.435,2.182E-3,-0.105
36.452,6.407E-4,-0.105
36.469,-6.328E-4,-0.105
36.485,-1.401E-3,-0.105
36.502,-1.554E-3,-0.105
36.519,-1.120E-3,-0.105
36.536,-1.296E-4,-0.105
36.553,1.310E-3,-0.105
36.570,2.950E-3,-0.105
36.587,4.513E-3,-0.105
36.603,6.014E-3,-0.105
36.620,6.963E-3,-0.105
36.637,7.306E-3,-0.105
36.654,7.066E-3,-0.105
36.671,6.280E-3,-0.105
36.688,5.014E-3,-0.105
36.704,3.355E-3,-0.105
36.721,1.678E-3,-0.105
36.738,2.140E-4,-0.105
36.755,-9.178E-4,-0.105
36.772,-1.521E-3,-0.105
36.789,-1.514E-3,-0.105
36.806,-8.728E-4,-0.105
36.822,2.282E-4,-0.105
36.839,1.712E-3,-0.105
36.856,3.364E-3,-0.105
36.873,4.858E-3,-0.105
36.890,6.237E-3,-0.105
36.907,7.031E-3,-0.105
36.923,7.248E-3,-0.105
36.940,6.856E-3,-0.105
36.957,5.918E-3,-0.105
36.974,4.558E-3,-0.105
36.991,2.837E-3,-0.105
37.008,1.235E-3,-0.105
37.025,-1.416E-4,-0.105
37.041,-1.118E-3,-0.105
37.058,-1.546E-3,-0.105
37.075,-1.335E-3,-0.105
37.092,-5.797E-4,-0.105
37.109,6.980E-4,-0.105
37.126,2.225E-3,-0.105
37.142,3.819E-3,-0.105
37.159,5.275E-3,-0.105
37.176,6.527E-3,-0.105
37.193,7.106E-3,-0.105
37.210,7.116E-3,-0.105
37.227,6.591E-3,-0.105
37.243,5.469E-3,-0.105
37.260,3.931E-3,-0.105
37.277,2.319E-3,-0.105
37.294,7.914E-4,-0.105
37.311,-4.583E-4,-0.105
37.328,-1.269E-3,-0.105
37.345,-1.542E-3,-0.105
37.361,-1.176E-3,-0.105
37.378,-2.171E-4,-0.105
37.395,1.137E-3,-0.105
37.412,2.656E-3,-0.105
37.429,4.231E-3,-0.105
37.446,5.715E-3,-0.105
37.462,6.692E-3,-0.105
37.479,7.099E-3,-0.105
37.496,6.968E-3,-0.105
37.513,6.232E-3,-0.105
37.530,5.056E-3,-0.105
37.547,3.454E-3,-0.105
37.564,1.872E-3,-0.105
37.580,4.323E-4,-0.105
37.597,-7.179E-4,-0.105
37.614,-1.370E-3,-0.105
37.631,-1.405E-3,-0.105
37.648,-8.426E-4,-0.105
37.665,2.264E-4,-0.105
37.681,1.641E-3,-0.105
37.698,3.211E-3,-0.105
37.715,4.740E-3,-0.105
37.732,6.059E-3,-0.105
37.749,6.875E-3,-0.105
37.766,7.120E-3,-0.105
37.783,6.790E-3,-0.105
37.799,5.918E-3,-0.105
37.816,4.649E-3,-0.105
37.833,3.018E-3,-0.105
37.850,1.479E-3,-0.105
37.867,8.221E-5,-0.105
37.884,-8.650E-4,-0.105
37.900,-1.376E-3,-0.105
37.917,-1.241E-3,-0.105
37.934,-5.341E-4,-0.105
37.951,6.285E-4,-0.105
37.968,2.078E-3,-0.105
37.985,3.642E-3,-0.105
38.001,5.059E-3,-0.105
38.018,6.297E-3,-0.105
38.035,6.942E-3,-0.105
38.052,7.025E-3,-0.105
38.069,6.592E-3,-0.105
38.086,5.561E-3,-0.105
38.103,4.058E-3,-0.105
38.119,2.537E-3,-0.105
38.136,1.044E-3,-0.105
38.153,-2.324E-4,-0.105
38.170,-1.045E-3,-0.105
38.187,-1.324E-3,-0.105
38.204,-1.034E-3,-0.105
38.220,-1.726E-4,-0.105
38.237,1.065E-3,-0.105
38.254,2.575E-3,-0.105
38.271,4.093E-3,-0.105
38.288,5.436E-3,-0.105
38.305,6.510E-3,-0.105
38.322,7.009E-3,-0.105
38.338,6.946E-3,-0.105
38.355,6.300E-3,-0.105
38.372,5.211E-3,-0.105
38.389,3.690E-3,-0.105
38.406,2.163E-3,-0.105
38.423,7.177E-4,-0.105
38.439,-4.389E-4,-0.105
38.456,-1.127E-3,-0.105
38.473,-1.223E-3,-0.105
38.490,-7.787E-4,-0.105
38.507,1.987E-4,-0.105
38.524,1.529E-3,-0.105
38.541,3.009E-3,-0.105
38.557,4.489E-3,-0.105
38.574,5.834E-3,-0.105
38.591,6.663E-3,-0.105
38.608,7.004E-3,-0.105
38.625,6.769E-3,-0.105
38.642,5.955E-3,-0.105
38.658,4.782E-3,-0.105
38.675,3.220E-3,-0.105
38.692,1.701E-3,-0.105
38.709,3.435E-4,-0.105
38.726,-6.691E-4,-0.105
38.743,-1.198E-3,-0.105
38.760,-1.163E-3,-0.105
38.776,-5.286E-4,-0.105
38.793,5.056E-4,-0.105
38.810,1.879E-3,-0.105
38.827,3.390E-3,-0.105
38.844,4.820E-3,-0.105
38.861,6.063E-3,-0.105
38.877,6.754E-3,-0.105
38.894,6.891E-3,-0.105
38.911,6.489E-3,-0.105
38.928,5.600E-3,-0.105
38.945,4.343E-3,-0.105
38.962,2.785E-3,-0.105
38.978,1.304E-3,-0.105
38.995,3.652E-5,-0.105
39.012,-8.147E-4,-0.105
39.029,-1.170E-3,-0.105
39.046,-9.463E-4,-0.105
39.063,-1.948E-4,-0.105
39.080,9.646E-4,-0.105
39.096,2.401E-3,-0.105
39.113,3.887E-3,-0.105
39.130,5.295E-3,-0.105
39.147,6.281E-3,-0.105
39.164,6.830E-3,-0.105
39.181,6.838E-3,-0.105
39.197,6.302E-3,-0.105
39.214,5.286E-3,-0.105
39.231,3.851E-3,-0.105
39.248,2.399E-3,-0.105
39.265,9.905E-4,-0.105
39.282,-1.636E-4,-0.105
39.299,-8.897E-4,-0.105
39.315,-1.107E-3,-0.105
39.332,-7.361E-4,-0.105
39.349,1.277E-4,-0.105
39.366,1.386E-3,-0.105
39.383,2.826E-3,-0.105
39.400,4.251E-3,-0.105
39.416,5.504E-3,-0.105
39.433,6.462E-3,-0.105
39.450,6.847E-3,-0.105
39.467,6.684E-3,-0.105
39.484,6.009E-3,-0.105
39.501,4.906E-3,-0.105
39.518,3.426E-3,-0.105
39.534,1.972E-3,-0.105
39.551,6.484E-4,-0.105
39.568,-3.960E-4,-0.105
39.585,-9.558E-4,-0.105
39.602,-9.830E-4,-0.105
39.619,-4.478E-4,-0.105
39.635,4.935E-4,-0.105
39.652,1.796E-3,-0.105
39.669,3.259E-3,-0.105
39.686,4.643E-3,-0.105
39.703,5.846E-3,-0.105
39.720,6.608E-3,-0.105
39.736,6.822E-3,-0.105
39.753,6.544E-3,-0.105
39.770,5.703E-3,-0.105
39.787,4.524E-3,-0.105
39.804,2.995E-3,-0.105
39.821,1.594E-3,-0.105
39.838,3.817E-4,-0.105
39.854,-5.443E-4,-0.105
39.871,-9.597E-4,-0.105
39.888,-8.067E-4,-0.105
39.905,-1.619E-4,-0.105
39.922,9.209E-4,-0.105
39.939,2.242E-3,-0.105
39.955,3.702E-3,-0.105
39.972,5.073E-3,-0.105
39.989,6.071E-3,-0.105
40.006,6.664E-3,-0.105
40.023,6.718E-3,-0.105
40.040,6.263E-3,-0.105
40.057,5.333E-3,-0.105
40.073,4.080E-3,-0.105
40.090,2.588E-3,-0.105
40.107,1.211E-3,-0.105
40.124,5.175E-5,-0.105
40.141,-7.246E-4,-0.105
40.158,-9.777E-4,-0.105
40.174,-6.796E-4,-0.105
40.191,9.554E-5,-0.105
40.208,1.226E-3,-0.105
40.225,2.618E-3,-0.105
40.242,4.035E-3,-0.105
40.259,5.267E-3,-0.105
40.276,6.260E-3,-0.105
40.292,6.670E-3,-0.105
40.309,6.618E-3,-0.105
40.326,6.021E-3,-0.105
40.343,5.026E-3,-0.105
40.360,3.614E-3,-0.105
40.377,2.220E-3,-0.105
40.393,9.155E-4,-0.105
40.410,-1.655E-4,-0.105
40.427,-7.666E-4,-0.105
40.444,-8.481E-4,-0.105
40.461,-4.058E-4,-0.105
40.478,4.801E-4,-0.105
40.494,1.706E-3,-0.105
40.511,3.083E-3,-0.105
40.528,4.434E-3,-0.105
40.545,5.673E-3,-0.105
40.562,6.431E-3,-0.105
40.579,6.691E-3,-0.105
40.596,6.464E-3,-0.105
40.612,5.759E-3,-0.105
40.629,4.657E-3,-0.105
40.646,3.300E-3,-0.105
40.663,1.805E-3,-0.105
40.680,5.920E-4,-0.105
40.697,-3.444E-4,-0.105
40.713,-8.055E-4,-0.105
40.730,-7.536E-4,-0.105
40.747,-1.880E-4,-0.105
40.764,8.042E-4,-0.105
40.781,2.098E-3,-0.105
40.798,3.485E-3,-0.105
40.815,4.755E-3,-0.105
40.831,5.865E-3,-0.105
40.848,6.495E-3,-0.105
40.865,6.629E-3,-0.105
40.882,6.246E-3,-0.105
40.899,5.438E-3,-0.105
40.916,4.263E-3,-0.105
40.932,2.827E-3,-0.105
40.949,1.461E-3,-0.105
40.966,3.019E-4,-0.105
40.983,-4.906E-4,-0.105
41.000,-8.074E-4,-0.105
41.017,-6.256E-4,-0.105
41.034,7.984E-5,-0.105
41.050,1.174E-3,-0.105
41.067,2.505E-3,-0.105
41.084,3.844E-3,-0.105
41.101,5.053E-3,-0.105
41.118,6.055E-3,-0.105
41.135,6.562E-3,-0.105
41.151,6.547E-3,-0.105
41.168,6.010E-3,-0.105
41.185,5.092E-3,-0.105
41.202,3.831E-3,-0.105
41.219,2.500E-3,-0.105
41.236,1.103E-3,-0.105
41.253,3.617E-5,-0.105
41.269,-6.264E-4,-0.105
41.286,-7.726E-4,-0.105
41.303,-4.103E-4,-0.105
41.320,4.079E-4,-0.105
41.337,1.570E-3,-0.105
41.354,2.902E-3,-0.105
41.370,4.212E-3,-0.105
41.387,5.449E-3,-0.105
41.404,6.251E-3,-0.105
41.421,6.602E-3,-0.105
41.438,6.441E-3,-0.105
41.455,5.829E-3,-0.105
41.471,4.807E-3,-0.105
41.488,3.449E-3,-0.105
41.505,2.098E-3,-0.105
41.522,8.607E-4,-0.105
41.539,-8.737E-5,-0.105
41.556,-6.297E-4,-0.105
41.573,-6.334E-4,-0.105
41.589,-1.565E-4,-0.105
41.606,7.827E-4,-0.105
41.623,1.994E-3,-0.105
41.640,3.331E-3,-0.105
41.657,4.588E-3,-0.105
41.674,5.633E-3,-0.105
41.690,6.365E-3,-0.105
41.707,6.565E-3,-0.105
41.724,6.259E-3,-0.105
41.741,5.489E-3,-0.105
41.758,4.407E-3,-0.105
41.775,3.103E-3,-0.105
41.792,1.725E-3,-0.105
41.808,5.348E-4,-0.105
41.825,-2.997E-4,-0.105
41.842,-7.027E-4,-0.105
41.859,-5.733E-4,-0.105
41.876,3.074E-5,-0.105
41.893,1.020E-3,-0.105
41.909,2.275E-3,-0.105
41.926,3.593E-3,-0.105
41.943,4.817E-3,-0.105
41.960,5.838E-3,-0.105
41.977,6.358E-3,-0.105
41.994,6.415E-3,-0.105
42.011,5.988E-3,-0.105
42.027,5.126E-3,-0.105
42.044,3.965E-3,-0.105
42.061,2.663E-3,-0.105
42.078,1.289E-3,-0.105
42.095,2.357E-4,-0.105
42.112,-4.661E-4,-0.105
42.128,-7.303E-4,-0.105
42.145,-4.329E-4,-0.105
42.162,2.776E-4,-0.105
42.179,1.334E-3,-0.105
42.196,2.581E-3,-0.105
42.213,3.907E-3,-0.105
42.229,5.034E-3,-0.105
42.246,5.853E-3,-0.105
42.263,6.262E-3,-0.105
42.280,6.264E-3,-0.105
42.297,5.638E-3,-0.105
42.314,4.707E-3,-0.105
42.331,3.501E-3,-0.105
42.347,2.196E-3,-0.105
42.364,1.022E-3,-0.105
42.381,3.745E-5,-0.105
42.398,-5.107E-4,-0.105
42.415,-6.086E-4,-0.105
42.432,-2.072E-4,-0.105
42.448,6.238E-4,-0.105
42.465,1.769E-3,-0.105
42.482,3.055E-3,-0.105
42.499,4.297E-3,-0.105
42.516,5.343E-3,-0.105
42.533,6.108E-3,-0.105
42.550,6.343E-3,-0.105
42.566,6.133E-3,-0.105
42.583,5.475E-3,-0.105
42.600,4.459E-3,-0.105
42.617,3.112E-3,-0.105
42.634,1.823E-3,-0.105
42.651,7.128E-4,-0.105
42.667,-1.567E-4,-0.105
42.684,-5.828E-4,-0.105
42.701,-5.296E-4,-0.105
42.718,-1.864E-5,-0.105
42.735,9.191E-4,-0.105
42.752,2.070E-3,-0.105
42.769,3.377E-3,-0.105
42.785,4.558E-3,-0.105
42.802,5.511E-3,-0.105
42.819,6.062E-3,-0.105
42.836,6.264E-3,-0.105
42.853,5.923E-3,-0.105
42.870,5.069E-3,-0.105
42.886,4.008E-3,-0.105
42.903,2.785E-3,-0.105
42.920,1.542E-3,-0.105
42.937,4.495E-4,-0.105
42.954,-2.877E-4,-0.105
42.971,-5.808E-4,-0.105
42.988,-3.767E-4,-0.105
43.004,2.432E-4,-0.105
43.021,1.253E-3,-0.105
43.038,2.449E-3,-0.105
43.055,3.711E-3,-0.105
43.072,4.830E-3,-0.105
43.089,5.672E-3,-0.105
43.105,6.126E-3,-0.105
43.122,6.107E-3,-0.105
43.139,5.629E-3,-0.105
43.156,4.784E-3,-0.105
43.173,3.637E-3,-0.105
43.190,2.404E-3,-0.105
43.206,1.200E-3,-0.105
43.223,2.624E-4,-0.105
43.240,-3.610E-4,-0.105
43.257,-5.185E-4,-0.105
43.274,-2.072E-4,-0.105
43.291,5.467E-4,-0.105
43.308,1.587E-3,-0.105
43.324,2.822E-3,-0.105
43.341,4.031E-3,-0.105
43.358,5.096E-3,-0.105
43.375,5.823E-3,-0.105
43.392,6.238E-3,-0.105
43.409,6.125E-3,-0.105
43.425,5.514E-3,-0.105
43.442,4.487E-3,-0.105
43.459,3.296E-3,-0.105
43.476,2.054E-3,-0.105
43.493,9.490E-4,-0.105
43.510,2.270E-5,-0.105
43.527,-4.173E-4,-0.105
43.543,-4.166E-4,-0.105
43.560,5.590E-6,-0.105
43.577,8.507E-4,-0.105
43.594,1.974E-3,-0.105
43.611,3.213E-3,-0.105
43.628,4.385E-3,-0.105
43.644,5.356E-3,-0.105
43.661,6.039E-3,-0.105
43.678,6.240E-3,-0.105
43.695,5.955E-3,-0.105
43.712,5.282E-3,-0.105
43.729,4.272E-3,-0.105
43.746,2.998E-3,-0.105
43.762,1.784E-3,-0.105
43.779,7.429E-4,-0.105
43.796,-3.360E-5,-0.105
43.813,-3.695E-4,-0.105
43.830,-2.707E-4,-0.105
43.847,2.674E-4,-0.105
43.863,1.181E-3,-0.105
43.880,2.336E-3,-0.105
43.897,3.530E-3,-0.105
43.914,4.634E-3,-0.105
43.931,5.484E-3,-0.105
43.948,6.086E-3,-0.105
43.964,6.125E-3,-0.105
43.981,5.737E-3,-0.105
43.998,4.865E-3,-0.105
44.015,3.805E-3,-0.105
44.032,2.622E-3,-0.105
44.049,1.486E-3,-0.105
44.066,4.952E-4,-0.105
44.082,-1.664E-4,-0.105
44.099,-3.857E-4,-0.105
44.116,-1.738E-4,-0.105
44.133,4.853E-4,-0.105
44.150,1.467E-3,-0.105
44.167,2.635E-3,-0.105
44.183,3.815E-3,-0.105
44.200,4.876E-3,-0.105
44.217,5.634E-3,-0.105
44.234,6.018E-3,-0.105
44.251,5.976E-3,-0.105
44.268,5.446E-3,-0.105
44.285,4.599E-3,-0.105
44.301,3.508E-3,-0.105
44.318,2.305E-3,-0.105
44.335,1.187E-3,-0.105
44.352,3.277E-4,-0.105
44.369,-2.449E-4,-0.105
44.386,-3.371E-4,-0.105
44.402,1.592E-5,-0.105
44.419,7.914E-4,-0.105
44.436,1.826E-3,-0.105
44.453,3.014E-3,-0.105
44.470,4.182E-3,-0.105
44.487,5.144E-3,-0.105
44.504,5.867E-3,-0.105
44.520,6.116E-3,-0.105
44.537,5.898E-3,-0.105
44.554,5.311E-3,-0.105
44.571,4.359E-3,-0.105
44.588,3.251E-3,-0.105
44.605,2.055E-3,-0.105
44.621,1.022E-3,-0.105
44.638,2.209E-4,-0.105
44.655,-1.828E-4,-0.105
44.672,-1.658E-4,-0.105
44.689,3.412E-4,-0.105
44.706,1.162E-3,-0.105
44.723,2.205E-3,-0.105
44.739,3.407E-3,-0.105
44.756,4.515E-3,-0.105
44.773,5.390E-3,-0.105
44.790,5.917E-3,-0.105
44.807,6.055E-3,-0.105
44.824,5.765E-3,-0.105
44.840,5.040E-3,-0.105
44.857,4.039E-3,-0.105
44.874,2.903E-3,-0.105
44.891,1.770E-3,-0.105
44.908,8.018E-4,-0.105
44.925,1.180E-4,-0.105
44.941,-1.933E-4,-0.105
44.958,3.827E-6,-0.105
44.975,5.718E-4,-0.105
44.992,1.492E-3,-0.105
45.009,2.615E-3,-0.105
45.026,3.772E-3,-0.105
45.043,4.787E-3,-0.105
45.059,5.589E-3,-0.105
45.076,6.020E-3,-0.105
45.093,6.036E-3,-0.105
45.110,5.618E-3,-0.105
45.127,4.862E-3,-0.105
45.144,3.812E-3,-0.105
45.160,2.669E-3,-0.105
45.177,1.576E-3,-0.105
45.194,6.736E-4,-0.105
45.211,9.778E-5,-0.105
45.228,-8.114E-5,-0.105
45.245,1.699E-4,-0.105
45.262,8.608E-4,-0.105
45.278,1.822E-3,-0.105
45.295,2.984E-3,-0.105
45.312,4.106E-3,-0.105
45.329,5.074E-3,-0.105
45.346,5.738E-3,-0.105
45.363,6.029E-3,-0.105
45.379,5.920E-3,-0.105
45.396,5.396E-3,-0.105
45.413,4.551E-3,-0.105
45.430,3.446E-3,-0.105
45.447,2.309E-3,-0.105
45.464,1.267E-3,-0.105
45.481,4.528E-4,-0.105
45.497,3.274E-6,-0.105
45.514,-3.658E-5,-0.105
45.531,3.839E-4,-0.105
45.548,1.151E-3,-0.105
45.565,2.110E-3,-0.105
45.582,3.255E-3,-0.105
45.598,4.327E-3,-0.105
45.615,5.217E-3,-0.105
45.632,5.812E-3,-0.105
45.649,5.977E-3,-0.105
45.666,5.743E-3,-0.105
45.683,5.109E-3,-0.105
45.699,4.186E-3,-0.105
45.716,3.095E-3,-0.105
45.733,2.000E-3,-0.105
45.750,1.020E-3,-0.105
45.767,3.194E-4,-0.105
45.784,-4.803E-5,-0.105
45.801,1.710E-5,-0.105
45.817,5.213E-4,-0.105
45.834,1.341E-3,-0.105
45.851,2.379E-3,-0.105
45.868,3.498E-3,-0.105
45.885,4.527E-3,-0.105
45.902,5.326E-3,-0.105
45.918,5.787E-3,-0.105
45.935,5.823E-3,-0.105
45.952,5.497E-3,-0.105
45.969,4.811E-3,-0.105
45.986,3.848E-3,-0.105
46.003,2.755E-3,-0.105
46.020,1.650E-3,-0.105
46.036,7.665E-4,-0.105
46.053,1.503E-4,-0.105
46.070,-7.349E-5,-0.105
46.087,1.039E-4,-0.105
46.104,7.181E-4,-0.105
46.121,1.586E-3,-0.105
46.137,2.688E-3,-0.105
46.154,3.785E-3,-0.105
46.171,4.755E-3,-0.105
46.188,5.452E-3,-0.105
46.205,5.818E-3,-0.105
46.222,5.788E-3,-0.105
46.239,5.309E-3,-0.105
46.255,4.506E-3,-0.105
46.272,3.516E-3,-0.105
46.289,2.416E-3,-0.105
46.306,1.397E-3,-0.105
46.323,5.808E-4,-0.105
46.340,8.549E-5,-0.105
46.356,-1.248E-5,-0.105
46.373,3.022E-4,-0.105
46.390,9.764E-4,-0.105
46.407,1.946E-3,-0.105
46.424,3.033E-3,-0.105
46.441,4.067E-3,-0.105
46.457,4.986E-3,-0.105
46.474,5.608E-3,-0.105
46.491,5.861E-3,-0.105
46.508,5.706E-3,-0.105
46.525,5.146E-3,-0.105
46.542,4.277E-3,-0.105
46.559,3.237E-3,-0.105
46.575,2.185E-3,-0.105
46.592,1.197E-3,-0.105
46.609,4.871E-4,-0.105
46.626,7.497E-5,-0.105
46.643,7.681E-5,-0.105
46.660,4.955E-4,-0.105
46.676,1.241E-3,-0.105
46.693,2.223E-3,-0.105
46.710,3.317E-3,-0.105
46.727,4.346E-3,-0.105
46.744,5.134E-3,-0.105
46.761,5.634E-3,-0.105
46.778,5.803E-3,-0.105
46.794,5.502E-3,-0.105
46.811,4.885E-3,-0.105
46.828,3.979E-3,-0.105
46.845,2.897E-3,-0.105
46.862,1.851E-3,-0.105
46.879,9.405E-4,-0.105
46.895,3.004E-4,-0.105
46.912,4.879E-6,-0.105
46.929,1.571E-4,-0.105
46.946,6.919E-4,-0.105
46.963,1.496E-3,-0.105
46.980,2.524E-3,-0.105
46.997,3.584E-3,-0.105
47.013,4.571E-3,-0.105
47.030,5.265E-3,-0.105
47.047,5.663E-3,-0.105
47.064,5.699E-3,-0.105
47.081,5.321E-3,-0.105
47.098,4.615E-3,-0.105
47.114,3.658E-3,-0.105
47.131,2.625E-3,-0.105
47.148,1.608E-3,-0.105
47.165,7.951E-4,-0.105
47.182,2.467E-4,-0.105
47.199,9.228E-5,-0.105
47.216,3.593E-4,-0.105
47.232,9.853E-4,-0.105
47.249,1.851E-3,-0.105
47.266,2.890E-3,-0.105
47.283,3.942E-3,-0.105
47.300,4.806E-3,-0.105
47.317,5.455E-3,-0.105
47.333,5.762E-3,-0.105
47.350,5.647E-3,-0.105
47.367,5.200E-3,-0.105
47.384,4.418E-3,-0.105
47.401,3.433E-3,-0.105
47.418,2.393E-3,-0.105
47.434,1.437E-3,-0.105
47.451,6.780E-4,-0.105
47.468,2.328E-4,-0.105
47.485,1.938E-4,-0.105
47.502,5.651E-4,-0.105
47.519,1.265E-3,-0.105
47.536,2.192E-3,-0.105
47.552,3.243E-3,-0.105
47.569,4.251E-3,-0.105
47.586,5.064E-3,-0.105
47.603,5.602E-3,-0.105
47.620,5.811E-3,-0.105
47.637,5.620E-3,-0.105
47.653,5.060E-3,-0.105
47.670,4.234E-3,-0.105
47.687,3.225E-3,-0.105
47.704,2.198E-3,-0.105
47.721,1.290E-3,-0.105
47.738,6.018E-4,-0.105
47.755,2.566E-4,-0.105
47.771,3.507E-4,-0.105
47.788,7.888E-4,-0.105
47.805,1.529E-3,-0.105
47.822,2.473E-3,-0.105
47.839,3.514E-3,-0.105
47.856,4.441E-3,-0.105
47.872,5.212E-3,-0.105
47.889,5.644E-3,-0.105
47.906,5.740E-3,-0.105
47.923,5.426E-3,-0.105
47.940,4.796E-3,-0.105
47.957,3.932E-3,-0.105
47.974,2.878E-3,-0.105
47.990,1.885E-3,-0.105
48.007,1.025E-3,-0.105
48.024,4.720E-4,-0.105
48.041,2.256E-4,-0.105
48.058,4.188E-4,-0.105
48.075,9.622E-4,-0.105
48.091,1.810E-3,-0.105
48.108,2.818E-3,-0.105
48.125,3.799E-3,-0.105
48.142,4.700E-3,-0.105
48.159,5.357E-3,-0.105
48.176,5.660E-3,-0.105
48.192,5.652E-3,-0.105
48.209,5.249E-3,-0.105
48.226,4.553E-3,-0.105
48.243,3.613E-3,-0.105
48.260,2.614E-3,-0.105
48.277,1.639E-3,-0.105
48.294,8.626E-4,-0.105
48.310,4.186E-4,-0.105
48.327,2.854E-4,-0.105
48.344,5.806E-4,-0.105
48.361,1.192E-3,-0.105
48.378,2.062E-3,-0.105
48.395,3.070E-3,-0.105
48.411,4.042E-3,-0.105
48.428,4.879E-3,-0.105
48.445,5.457E-3,-0.105
48.462,5.676E-3,-0.105
48.479,5.551E-3,-0.105
48.496,5.031E-3,-0.105
48.513,4.258E-3,-0.105
48.529,3.305E-3,-0.105
48.546,2.294E-3,-0.105
48.563,1.399E-3,-0.105
48.580,6.950E-4,-0.105
48.597,3.380E-4,-0.105
48.614,3.202E-4,-0.105
48.630,6.912E-4,-0.105
48.647,1.364E-3,-0.105
48.664,2.230E-3,-0.105
48.681,3.243E-3,-0.105
48.698,4.202E-3,-0.105
48.715,4.984E-3,-0.105
48.732,5.418E-3,-0.105
48.748,5.562E-3,-0.105
48.765,5.324E-3,-0.105
48.782,4.730E-3,-0.105
48.799,3.903E-3,-0.105
48.816,2.946E-3,-0.105
48.833,1.944E-3,-0.105
48.849,1.086E-3,-0.105
48.866,4.846E-4,-0.105
48.883,2.314E-4,-0.105
48.900,3.629E-4,-0.105
48.917,8.209E-4,-0.105
48.934,1.577E-3,-0.105
48.951,2.538E-3,-0.105
48.967,3.487E-3,-0.105
48.984,4.386E-3,-0.105
49.001,5.084E-3,-0.105
49.018,5.463E-3,-0.105
49.035,5.471E-3,-0.105
49.052,5.177E-3,-0.105
49.068,4.503E-3,-0.105
49.085,3.627E-3,-0.105
49.102,2.677E-3,-0.105
49.119,1.722E-3,-0.105
49.136,9.374E-4,-0.105
49.153,4.285E-4,-0.105
49.169,2.852E-4,-0.105
49.186,4.693E-4,-0.105
49.203,1.029E-3,-0.105
49.220,1.820E-3,-0.105
49.237,2.786E-3,-0.105
49.254,3.747E-3,-0.105
49.271,4.596E-3,-0.105
49.287,5.205E-3,-0.105
49.304,5.501E-3,-0.105
49.321,5.437E-3,-0.105
49.338,5.023E-3,-0.105
49.355,4.300E-3,-0.105
49.372,3.407E-3,-0.105
49.388,2.431E-3,-0.105
49.405,1.568E-3,-0.105
49.422,8.679E-4,-0.105
49.439,4.554E-4,-0.105
49.456,4.169E-4,-0.105
49.473,7.215E-4,-0.105
49.490,1.317E-3,-0.105
49.506,2.130E-3,-0.105
49.523,3.084E-3,-0.105
49.540,4.010E-3,-0.105
49.557,4.785E-3,-0.105
49.574,5.321E-3,-0.105
49.591,5.488E-3,-0.105
49.607,5.325E-3,-0.105
49.624,4.809E-3,-0.105
49.641,4.053E-3,-0.105
49.658,3.146E-3,-0.105
49.675,2.177E-3,-0.105
49.692,1.352E-3,-0.105
49.709,7.238E-4,-0.105
49.725,4.055E-4,-0.105
49.742,4.458E-4,-0.105
49.759,8.313E-4,-0.105
49.776,1.530E-3,-0.105
49.793,2.390E-3,-0.105
49.810,3.359E-3,-0.105
49.826,4.226E-3,-0.105
49.843,4.945E-3,-0.105
49.860,5.339E-3,-0.105
49.877,5.424E-3,-0.105
49.894,5.162E-3,-0.105
49.911,4.588E-3,-0.105
49.927,3.772E-3,-0.105
49.944,2.824E-3,-0.105
49.961,1.921E-3,-0.105
49.978,1.137E-3,-0.105
49.995,5.676E-4,-0.105
50.012,4.172E-4,-0.105
50.029,5.229E-4,-0.105
50.045,1.008E-3,-0.105
50.062,1.776E-3,-0.105
50.079,2.677E-3,-0.105
50.096,3.623E-3,-0.105
50.113,4.450E-3,-0.105
50.130,5.088E-3,-0.105
50.146,5.405E-3,-0.105
50.163,5.416E-3,-0.105
50.180,5.064E-3,-0.105
50.197,4.419E-3,-0.105
50.214,3.569E-3,-0.105
50.231,2.635E-3,-0.105
50.248,1.736E-3,-0.105
50.264,1.008E-3,-0.105
50.281,5.802E-4,-0.105
50.298,4.911E-4,-0.105
50.315,7.142E-4,-0.105
50.332,1.256E-3,-0.105
50.349,2.048E-3,-0.105
50.365,2.955E-3,-0.105
50.382,3.838E-3,-0.105
50.399,4.642E-3,-0.105
50.416,5.181E-3,-0.105
50.433,5.397E-3,-0.105
50.450,5.300E-3,-0.105
50.467,4.842E-3,-0.105
50.483,4.144E-3,-0.105
50.500,3.243E-3,-0.105
50.517,2.337E-3,-0.105
50.534,1.498E-3,-0.105
50.551,8.457E-4,-0.105
50.568,4.899E-4,-0.105
50.584,4.789E-4,-0.105
50.601,8.236E-4,-0.105
50.618,1.435E-3,-0.105
50.635,2.272E-3,-0.105
50.652,3.182E-3,-0.105
50.669,4.054E-3,-0.105
50.686,4.781E-3,-0.105
50.702,5.219E-3,-0.105
50.719,5.389E-3,-0.105
50.736,5.188E-3,-0.105
50.753,4.687E-3,-0.105
50.770,3.924E-3,-0.105
50.787,3.011E-3,-0.105
50.803,2.123E-3,-0.105
50.820,1.325E-3,-0.105
50.837,7.725E-4,-0.105
50.854,5.079E-4,-0.105
50.871,5.969E-4,-0.105
50.888,1.025E-3,-0.105
50.904,1.704E-3,-0.105
50.921,2.554E-3,-0.105
50.938,3.438E-3,-0.105
50.955,4.280E-3,-0.105
50.972,4.926E-3,-0.105
50.989,5.271E-3,-0.105
51.006,5.314E-3,-0.105
51.022,5.013E-3,-0.105
51.039,4.421E-3,-0.105
51.056,3.653E-3,-0.105
51.073,2.759E-3,-0.105
51.090,1.881E-3,-0.105
51.107,1.190E-3,-0.105
51.123,6.895E-4,-0.105
51.140,5.122E-4,-0.105
51.157,7.093E-4,-0.105
51.174,1.181E-3,-0.105
51.191,1.928E-3,-0.105
51.208,2.784E-3,-0.105
51.225,3.684E-3,-0.105
51.241,4.464E-3,-0.105
51.258,5.035E-3,-0.105
51.275,5.292E-3,-0.105
51.292,5.241E-3,-0.105
51.309,4.871E-3,-0.105
51.326,4.238E-3,-0.105
51.342,3.403E-3,-0.105
51.359,2.518E-3,-0.105
51.376,1.683E-3,-0.105
51.393,1.039E-3,-0.105
51.410,6.380E-4,-0.105
51.427,5.842E-4,-0.105
51.444,8.691E-4,-0.105
51.460,1.421E-3,-0.105
51.477,2.216E-3,-0.105
51.494,3.107E-3,-0.105
51.511,3.937E-3,-0.105
51.528,4.668E-3,-0.105
51.545,5.122E-3,-0.105
51.561,5.286E-3,-0.105
51.578,5.141E-3,-0.105
51.595,4.667E-3,-0.105
51.612,3.991E-3,-0.105
51.629,3.155E-3,-0.105
51.646,2.260E-3,-0.105
51.662,1.475E-3,-0.105
51.679,8.897E-4,-0.105
51.696,5.886E-4,-0.105
51.713,6.258E-4,-0.105
51.730,9.884E-4,-0.105
51.747,1.640E-3,-0.105
51.764,2.444E-3,-0.105
51.780,3.312E-3,-0.105
51.797,4.110E-3,-0.105
51.814,4.769E-3,-0.105
51.831,5.139E-3,-0.105
51.848,5.229E-3,-0.105
51.865,5.005E-3,-0.105
51.881,4.491E-3,-0.105
51.898,3.739E-3,-0.105
51.915,2.881E-3,-0.105
51.932,2.024E-3,-0.105
51.949,1.297E-3,-0.105
51.966,8.048E-4,-0.105
51.983,5.934E-4,-0.105
51.999,7.614E-4,-0.105
52.016,1.202E-3,-0.105
52.033,1.884E-3,-0.105
52.050,2.694E-3,-0.105
52.067,3.537E-3,-0.105
52.084,4.319E-3,-0.105
52.100,4.874E-3,-0.105
52.117,5.191E-3,-0.105
52.134,5.215E-3,-0.105
52.151,4.898E-3,-0.105
52.168,4.305E-3,-0.105
52.185,3.511E-3,-0.105
52.202,2.650E-3,-0.105
52.218,1.848E-3,-0.105
52.235,1.189E-3,-0.105
52.252,7.839E-4,-0.105
52.269,6.703E-4,-0.105
52.286,8.709E-4,-0.105
52.303,1.374E-3,-0.105
52.319,2.108E-3,-0.105
52.336,2.959E-3,-0.105
52.353,3.783E-3,-0.105
52.370,4.498E-3,-0.105
52.387,5.011E-3,-0.105
52.404,5.233E-3,-0.105
52.420,5.156E-3,-0.105
52.437,4.734E-3,-0.105
52.454,4.078E-3,-0.105
52.471,3.274E-3,-0.105
52.488,2.419E-3,-0.105
52.505,1.647E-3,-0.105
52.522,1.048E-3,-0.105
52.538,7.416E-4,-0.105
52.555,6.975E-4,-0.105
52.572,9.807E-4,-0.105
52.589,1.581E-3,-0.105
52.606,2.340E-3,-0.105
52.623,3.185E-3,-0.105
52.639,3.988E-3,-0.105
52.656,4.663E-3,-0.105
52.673,5.082E-3,-0.105
52.690,5.218E-3,-0.105
52.707,5.071E-3,-0.105
52.724,4.598E-3,-0.105
52.741,3.913E-3,-0.105
52.757,3.091E-3,-0.105
52.774,2.238E-3,-0.105
52.791,1.527E-3,-0.105
52.808,9.844E-4,-0.105
52.825,7.612E-4,-0.105
52.842,8.334E-4,-0.105
52.858,1.211E-3,-0.105
52.875,1.837E-3,-0.105
52.892,2.637E-3,-0.105
52.909,3.459E-3,-0.105
52.926,4.232E-3,-0.105
52.943,4.828E-3,-0.105
52.960,5.188E-3,-0.105
52.976,5.239E-3,-0.105
52.993,4.970E-3,-0.105
53.010,4.414E-3,-0.105
53.027,3.683E-3,-0.105
53.044,2.875E-3,-0.105
53.061,2.063E-3,-0.105
53.077,1.385E-3,-0.105
53.094,9.477E-4,-0.105
53.111,7.908E-4,-0.105
53.128,9.495E-4,-0.105
53.145,1.362E-3,-0.105
53.162,2.025E-3,-0.105
53.179,2.832E-3,-0.105
53.195,3.646E-3,-0.105
53.212,4.389E-3,-0.105
53.229,4.901E-3,-0.105
53.246,5.151E-3,-0.105
53.263,5.104E-3,-0.105
53.280,4.751E-3,-0.105
53.296,4.142E-3,-0.105
53.313,3.389E-3,-0.105
53.330,2.593E-3,-0.105
53.347,1.818E-3,-0.105
53.364,1.214E-3,-0.105
53.381,8.629E-4,-0.105
53.397,7.971E-4,-0.105
53.414,1.035E-3,-0.105
53.431,1.560E-3,-0.105
53.448,2.234E-3,-0.105
53.465,3.068E-3,-0.105
53.482,3.834E-3,-0.105
53.499,4.508E-3,-0.105
53.515,4.965E-3,-0.105
53.532,5.119E-3,-0.105
53.549,4.980E-3,-0.105
53.566,4.556E-3,-0.105
53.583,3.880E-3,-0.105
53.600,3.100E-3,-0.105
53.616,2.290E-3,-0.105
53.633,1.575E-3,-0.105
53.650,1.068E-3,-0.105
53.667,7.760E-4,-0.105
53.684,8.330E-4,-0.105
53.701,1.146E-3,-0.105
53.718,1.674E-3,-0.105
53.734,2.425E-3,-0.105
53.751,3.222E-3,-0.105
53.768,4.010E-3,-0.105
53.785,4.637E-3,-0.105
53.802,5.019E-3,-0.105
53.819,5.122E-3,-0.105
53.835,4.872E-3,-0.105
53.852,4.411E-3,-0.105
53.869,3.732E-3,-0.105
53.886,2.931E-3,-0.105
53.903,2.117E-3,-0.105
53.920,1.448E-3,-0.105
53.937,9.964E-4,-0.105
53.953,8.092E-4,-0.105
53.970,9.076E-4,-0.105
53.987,1.287E-3,-0.105
54.004,1.912E-3,-0.105
54.021,2.655E-3,-0.105
54.038,3.460E-3,-0.105
54.054,4.180E-3,-0.105
54.071,4.683E-3,-0.105
54.088,5.009E-3,-0.105
54.105,5.015E-3,-0.105
54.122,4.725E-3,-0.105
54.139,4.185E-3,-0.105
54.155,3.499E-3,-0.105
54.172,2.712E-3,-0.105
54.189,1.908E-3,-0.105
54.206,1.292E-3,-0.105
54.223,8.785E-4,-0.105
54.240,8.100E-4,-0.105
54.257,9.856E-4,-0.105
54.273,1.448E-3,-0.105
54.290,2.109E-3,-0.105
54.307,2.893E-3,-0.105
54.324,3.640E-3,-0.105
54.341,4.337E-3,-0.105
54.358,4.792E-3,-0.105
54.374,5.036E-3,-0.105
54.391,4.958E-3,-0.105
54.408,4.581E-3,-0.105
54.425,3.971E-3,-0.105
54.442,3.202E-3,-0.105
54.459,2.458E-3,-0.105
54.476,1.739E-3,-0.105
54.492,1.184E-3,-0.105
54.509,8.639E-4,-0.105
54.526,8.542E-4,-0.105
54.543,1.118E-3,-0.105
54.560,1.618E-3,-0.105
54.577,2.322E-3,-0.105
54.593,3.069E-3,-0.105
54.610,3.830E-3,-0.105
54.627,4.447E-3,-0.105
54.644,4.854E-3,-0.105
54.661,5.013E-3,-0.105
54.678,4.855E-3,-0.105
54.695,4.427E-3,-0.105
54.711,3.808E-3,-0.105
54.728,3.061E-3,-0.105
54.745,2.303E-3,-0.105
54.762,1.617E-3,-0.105
54.779,1.152E-3,-0.105
54.796,8.770E-4,-0.105
54.812,9.240E-4,-0.105
54.829,1.242E-3,-0.105
54.846,1.832E-3,-0.105
54.863,2.586E-3,-0.105
54.880,3.351E-3,-0.105
54.897,4.042E-3,-0.105
54.914,4.618E-3,-0.105
54.930,4.922E-3,-0.105
54.947,4.979E-3,-0.105
54.964,4.711E-3,-0.105
54.981,4.235E-3,-0.105
54.998,3.542E-3,-0.105
55.015,2.791E-3,-0.105
55.031,2.054E-3,-0.105
55.048,1.451E-3,-0.105
55.065,1.044E-3,-0.105
55.082,8.785E-4,-0.105
55.099,1.029E-3,-0.105
55.116,1.437E-3,-0.105
55.132,2.046E-3,-0.105
55.149,2.811E-3,-0.105
55.166,3.578E-3,-0.105
55.183,4.240E-3,-0.105
55.200,4.724E-3,-0.105
55.217,4.973E-3,-0.105
55.234,4.904E-3,-0.105
55.250,4.604E-3,-0.105
55.267,4.056E-3,-0.105
55.284,3.377E-3,-0.105
55.301,2.630E-3,-0.105
55.318,1.935E-3,-0.105
55.335,1.340E-3,-0.105
55.351,1.002E-3,-0.105
55.368,9.275E-4,-0.105
55.385,1.148E-3,-0.105
55.402,1.586E-3,-0.105
55.419,2.247E-3,-0.105
55.436,3.008E-3,-0.105
55.453,3.736E-3,-0.105
55.469,4.335E-3,-0.105
55.486,4.758E-3,-0.105
55.503,4.899E-3,-0.105
55.520,4.795E-3,-0.105
55.537,4.428E-3,-0.105
55.554,3.864E-3,-0.105
55.570,3.164E-3,-0.105
55.587,2.391E-3,-0.105
55.604,1.714E-3,-0.105
55.621,1.208E-3,-0.105
55.638,9.579E-4,-0.105
55.655,9.510E-4,-0.105
55.672,1.230E-3,-0.105
55.688,1.776E-3,-0.105
55.705,2.447E-3,-0.105
55.722,3.210E-3,-0.105
55.739,3.906E-3,-0.105
55.756,4.469E-3,-0.105
55.773,4.810E-3,-0.105
55.789,4.911E-3,-0.105
55.806,4.709E-3,-0.105
55.823,4.264E-3,-0.105
55.840,3.635E-3,-0.105
55.857,2.929E-3,-0.105
55.874,2.180E-3,-0.105
55.890,1.583E-3,-0.105
55.907,1.190E-3,-0.105
55.924,9.791E-4,-0.105
55.941,1.092E-3,-0.105
55.958,1.464E-3,-0.105
55.975,2.021E-3,-0.105
55.992,2.727E-3,-0.105
56.008,3.453E-3,-0.105
56.025,4.102E-3,-0.105
56.042,4.612E-3,-0.105
56.059,4.886E-3,-0.105
56.076,4.886E-3,-0.105
56.093,4.642E-3,-0.105
56.109,4.134E-3,-0.105
56.126,3.465E-3,-0.105
56.143,2.766E-3,-0.105
56.160,2.037E-3,-0.105
56.177,1.460E-3,-0.105
56.194,1.109E-3,-0.105
56.211,9.791E-4,-0.105
56.227,1.180E-3,-0.105
56.244,1.595E-3,-0.105
56.261,2.210E-3,-0.105
56.278,2.934E-3,-0.105
56.295,3.644E-3,-0.105
56.312,4.269E-3,-0.105
56.328,4.699E-3,-0.105
56.345,4.876E-3,-0.105
56.362,4.812E-3,-0.105
56.379,4.485E-3,-0.105
56.396,3.959E-3,-0.105
56.413,3.256E-3,-0.105
56.430,2.543E-3,-0.105
56.446,1.867E-3,-0.105
56.463,1.322E-3,-0.105
56.480,1.056E-3,-0.105
56.497,1.009E-3,-0.105
56.514,1.247E-3,-0.105
56.531,1.738E-3,-0.105
56.547,2.385E-3,-0.105
56.564,3.099E-3,-0.105
56.581,3.796E-3,-0.105
56.598,4.373E-3,-0.105
56.615,4.702E-3,-0.105
56.632,4.817E-3,-0.105
56.649,4.704E-3,-0.105
56.665,4.296E-3,-0.105
56.682,3.704E-3,-0.105
56.699,3.017E-3,-0.105
56.716,2.319E-3,-0.105
56.733,1.674E-3,-0.105
56.750,1.223E-3,-0.105
56.766,1.028E-3,-0.105
56.783,1.087E-3,-0.105
56.800,1.393E-3,-0.105
56.817,1.934E-3,-0.105
56.834,2.581E-3,-0.105
56.851,3.295E-3,-0.105
56.867,3.960E-3,-0.105
56.884,4.443E-3,-0.105
56.901,4.750E-3,-0.105
56.918,4.796E-3,-0.105
56.935,4.586E-3,-0.105
56.952,4.138E-3,-0.105
56.969,3.532E-3,-0.105
56.985,2.821E-3,-0.105
57.002,2.137E-3,-0.105
57.019,1.552E-3,-0.105
57.036,1.166E-3,-0.105
57.053,1.031E-3,-0.105
57.070,1.189E-3,-0.105
57.086,1.572E-3,-0.105
57.103,2.125E-3,-0.105
57.120,2.815E-3,-0.105
57.137,3.508E-3,-0.105
57.154,4.099E-3,-0.105
57.171,4.560E-3,-0.105
57.188,4.762E-3,-0.105
57.204,4.695E-3,-0.105
57.221,4.438E-3,-0.105
57.238,3.929E-3,-0.105
57.255,3.268E-3,-0.105
57.272,2.588E-3,-0.105
57.289,1.944E-3,-0.105
57.305,1.411E-3,-0.105
57.322,1.131E-3,-0.105
57.339,1.048E-3,-0.105
57.356,1.232E-3,-0.105
57.373,1.664E-3,-0.105
57.390,2.283E-3,-0.105
57.407,2.946E-3,-0.105
57.423,3.616E-3,-0.105
57.440,4.208E-3,-0.105
57.457,4.613E-3,-0.105
57.474,4.738E-3,-0.105
57.491,4.647E-3,-0.105
57.508,4.287E-3,-0.105
57.524,3.752E-3,-0.105
57.541,3.077E-3,-0.105
57.558,2.395E-3,-0.105
57.575,1.801E-3,-0.105
57.592,1.322E-3,-0.105
57.609,1.102E-3,-0.105
57.625,1.101E-3,-0.105
57.642,1.348E-3,-0.105
57.659,1.820E-3,-0.105
57.676,2.444E-3,-0.105
57.693,3.159E-3,-0.105
57.710,3.781E-3,-0.105
57.727,4.313E-3,-0.105
57.743,4.621E-3,-0.105
57.760,4.696E-3,-0.105
57.777,4.531E-3,-0.105
57.794,4.120E-3,-0.105
57.811,3.521E-3,-0.105
57.828,2.858E-3,-0.105
57.844,2.204E-3,-0.105
57.861,1.636E-3,-0.105
57.878,1.237E-3,-0.105
57.895,1.079E-3,-0.105
57.912,1.167E-3,-0.105
57.929,1.528E-3,-0.105
57.946,2.023E-3,-0.105
57.962,2.683E-3,-0.105
57.979,3.346E-3,-0.105
57.996,3.932E-3,-0.105
58.013,4.394E-3,-0.105
58.030,4.663E-3,-0.105
58.047,4.663E-3,-0.105
58.063,4.438E-3,-0.105
58.080,3.985E-3,-0.105
58.097,3.404E-3,-0.105
58.114,2.757E-3,-0.105
58.131,2.049E-3,-0.105
58.148,1.566E-3,-0.105
58.165,1.251E-3,-0.105
58.181,1.179E-3,-0.105
58.198,1.311E-3,-0.105
58.215,1.680E-3,-0.105
58.232,2.237E-3,-0.105
58.249,2.893E-3,-0.105
58.266,3.579E-3,-0.105
58.282,4.141E-3,-0.105
58.299,4.533E-3,-0.105
58.316,4.700E-3,-0.105
58.333,4.628E-3,-0.105
58.350,4.325E-3,-0.105
58.367,3.821E-3,-0.105
58.383,3.195E-3,-0.105
58.400,2.550E-3,-0.105
58.417,1.928E-3,-0.105
58.434,1.440E-3,-0.105
58.451,1.186E-3,-0.105
58.468,1.191E-3,-0.105
58.485,1.399E-3,-0.105
58.501,1.858E-3,-0.105
58.518,2.450E-3,-0.105
58.535,3.106E-3,-0.105
58.552,3.749E-3,-0.105
58.569,4.250E-3,-0.105
58.586,4.613E-3,-0.105
58.602,4.710E-3,-0.105
58.619,4.581E-3,-0.105
58.636,4.183E-3,-0.105
58.653,3.651E-3,-0.105
58.670,3.034E-3,-0.105
58.687,2.399E-3,-0.105
58.704,1.812E-3,-0.105
58.720,1.401E-3,-0.105
58.737,1.219E-3,-0.105
58.754,1.267E-3,-0.105
58.771,1.566E-3,-0.105
58.788,2.064E-3,-0.105
58.805,2.692E-3,-0.105
58.821,3.341E-3,-0.105
58.838,3.908E-3,-0.105
58.855,4.388E-3,-0.105
58.872,4.672E-3,-0.105
58.889,4.691E-3,-0.105
58.906,4.477E-3,-0.105
58.923,4.055E-3,-0.105
58.939,3.488E-3,-0.105
58.956,2.839E-3,-0.105
58.973,2.232E-3,-0.105
58.990,1.703E-3,-0.105
59.007,1.325E-3,-0.105
59.024,1.218E-3,-0.105
59.040,1.333E-3,-0.105
59.057,1.650E-3,-0.105
59.074,2.179E-3,-0.105
59.091,2.836E-3,-0.105
59.108,3.487E-3,-0.105
59.125,4.030E-3,-0.105
59.142,4.447E-3,-0.105
59.158,4.668E-3,-0.105
59.175,4.633E-3,-0.105
59.192,4.371E-3,-0.105
59.209,3.882E-3,-0.105
59.226,3.274E-3,-0.105
59.243,2.665E-3,-0.105
59.259,2.046E-3,-0.105
59.276,1.589E-3,-0.105
59.293,1.275E-3,-0.105
59.310,1.227E-3,-0.105
59.327,1.420E-3,-0.105
59.344,1.823E-3,-0.105
59.360,2.424E-3,-0.105
59.377,3.035E-3,-0.105
59.394,3.664E-3,-0.105
59.411,4.184E-3,-0.105
59.428,4.541E-3,-0.105
59.445,4.669E-3,-0.105
59.462,4.593E-3,-0.105
59.478,4.262E-3,-0.105
59.495,3.763E-3,-0.105
59.512,3.135E-3,-0.105
59.529,2.473E-3,-0.105
59.546,1.917E-3,-0.105
59.563,1.472E-3,-0.105
59.579,1.260E-3,-0.105
59.596,1.254E-3,-0.105
59.613,1.526E-3,-0.105
59.630,1.958E-3,-0.105
59.647,2.526E-3,-0.105
59.664,3.148E-3,-0.105
59.681,3.726E-3,-0.105
59.697,4.195E-3,-0.105
59.714,4.498E-3,-0.105
59.731,4.568E-3,-0.105
59.748,4.395E-3,-0.105
59.765,4.029E-3,-0.105
59.782,3.511E-3,-0.105
59.798,2.868E-3,-0.105
59.815,2.264E-3,-0.105
59.832,1.726E-3,-0.105
59.849,1.361E-3,-0.105
59.866,1.196E-3,-0.105
59.883,1.265E-3,-0.105
59.900,1.607E-3,-0.105
59.916,2.073E-3,-0.105
59.933,2.677E-3,-0.105
59.950,3.282E-3,-0.105
59.967,3.869E-3,-0.105
59.984,4.288E-3,-0.105
60.001,4.531E-3,-0.105
60.017,4.519E-3,-0.105
60.034,4.267E-3,-0.105
60.051,3.853E-3,-0.105
60.068,3.302E-3,-0.105
60.085,2.674E-3,-0.105
60.102,2.088E-3,-0.105
60.118,1.609E-3,-0.105
60.135,1.298E-3,-0.105
60.152,1.231E-3,-0.105
60.169,1.374E-3,-0.105
60.186,1.745E-3,-0.105
60.203,2.258E-3,-0.105
60.220,2.874E-3,-0.105
60.236,3.464E-3,-0.105
60.253,3.995E-3,-0.105
60.270,4.406E-3,-0.105
60.287,4.584E-3,-0.105
60.304,4.494E-3,-0.105
60.321,4.236E-3,-0.105
60.337,3.783E-3,-0.105
60.354,3.204E-3,-0.105
60.371,2.619E-3,-0.105
60.388,2.064E-3,-0.105
60.405,1.631E-3,-0.105
60.422,1.375E-3,-0.105
60.439,1.377E-3,-0.105
60.455,1.623E-3,-0.105
60.472,2.021E-3,-0.105
60.489,2.546E-3,-0.105
60.506,3.163E-3,-0.105
60.523,3.727E-3,-0.105
60.540,4.197E-3,-0.105
60.556,4.495E-3,-0.105
60.573,4.607E-3,-0.105
60.590,4.486E-3,-0.105
60.607,4.128E-3,-0.105
60.624,3.614E-3,-0.105
60.641,3.057E-3,-0.105
60.658,2.446E-3,-0.105
60.674,1.901E-3,-0.105
60.691,1.529E-3,-0.105
60.708,1.311E-3,-0.105
60.725,1.372E-3,-0.105
60.742,1.649E-3,-0.105
60.759,2.101E-3,-0.105
60.775,2.683E-3,-0.105
60.792,3.272E-3,-0.105
60.809,3.839E-3,-0.105
60.826,4.250E-3,-0.105
60.843,4.502E-3,-0.105
60.860,4.548E-3,-0.105
60.877,4.326E-3,-0.105
60.893,3.911E-3,-0.105
60.910,3.390E-3,-0.105
60.927,2.805E-3,-0.105
60.944,2.245E-3,-0.105
60.961,1.775E-3,-0.105
60.978,1.472E-3,-0.105
60.994,1.320E-3,-0.105
61.011,1.446E-3,-0.105
61.028,1.759E-3,-0.105
61.045,2.243E-3,-0.105
61.062,2.809E-3,-0.105
61.079,3.428E-3,-0.105
61.095,3.939E-3,-0.105
61.112,4.303E-3,-0.105
61.129,4.493E-3,-0.105
61.146,4.464E-3,-0.105
61.163,4.225E-3,-0.105
61.180,3.802E-3,-0.105
61.197,3.247E-3,-0.105
61.213,2.669E-3,-0.105
61.230,2.091E-3,-0.105
61.247,1.666E-3,-0.105
61.264,1.400E-3,-0.105
61.281,1.359E-3,-0.105
61.298,1.543E-3,-0.105
61.314,1.871E-3,-0.105
61.331,2.395E-3,-0.105
61.348,3.000E-3,-0.105
61.365,3.605E-3,-0.105
61.382,4.061E-3,-0.105
61.399,4.411E-3,-0.105
61.416,4.527E-3,-0.105
61.432,4.421E-3,-0.105
61.449,4.121E-3,-0.105
61.466,3.650E-3,-0.105
61.483,3.090E-3,-0.105
61.500,2.489E-3,-0.105
61.517,1.982E-3,-0.105
61.533,1.609E-3,-0.105
61.550,1.408E-3,-0.105
61.567,1.439E-3,-0.105
61.584,1.684E-3,-0.105
61.601,2.078E-3,-0.105
61.618,2.620E-3,-0.105
61.635,3.209E-3,-0.105
61.651,3.773E-3,-0.105
61.668,4.184E-3,-0.105
61.685,4.463E-3,-0.105
61.702,4.515E-3,-0.105
61.719,4.348E-3,-0.105
61.736,3.991E-3,-0.105
61.752,3.497E-3,-0.105
61.769,2.926E-3,-0.105
61.786,2.361E-3,-0.105
61.803,1.837E-3,-0.105
61.820,1.510E-3,-0.105
61.837,1.380E-3,-0.105
61.853,1.475E-3,-0.105
61.870,1.770E-3,-0.105
61.887,2.238E-3,-0.105
61.904,2.803E-3,-0.105
61.921,3.369E-3,-0.105
61.938,3.890E-3,-0.105
61.955,4.262E-3,-0.105
61.971,4.453E-3,-0.105
61.988,4.450E-3,-0.105
62.005,4.256E-3,-0.105
62.022,3.856E-3,-0.105
62.039,3.354E-3,-0.105
62.056,2.745E-3,-0.105
62.072,2.181E-3,-0.105
62.089,1.746E-3,-0.105
62.106,1.466E-3,-0.105
62.123,1.401E-3,-0.105
62.140,1.579E-3,-0.105
62.157,1.923E-3,-0.105
62.174,2.380E-3,-0.105
62.190,2.945E-3,-0.105
62.207,3.498E-3,-0.105
62.224,3.968E-3,-0.105
62.241,4.297E-3,-0.105
62.258,4.428E-3,-0.105
62.275,4.387E-3,-0.105
62.291,4.102E-3,-0.105
62.308,3.680E-3,-0.105
62.325,3.130E-3,-0.105
62.342,2.580E-3,-0.105
62.359,2.052E-3,-0.105
62.376,1.659E-3,-0.105
62.393,1.457E-3,-0.105
62.409,1.451E-3,-0.105
62.426,1.658E-3,-0.105
62.443,2.018E-3,-0.105
62.460,2.576E-3,-0.105
62.477,3.143E-3,-0.105
62.494,3.656E-3,-0.105
62.510,4.079E-3,-0.105
62.527,4.371E-3,-0.105
62.544,4.422E-3,-0.105
62.561,4.314E-3,-0.105
62.578,3.988E-3,-0.105
62.595,3.547E-3,-0.105
62.612,2.989E-3,-0.105
62.628,2.439E-3,-0.105
62.645,1.980E-3,-0.105
62.662,1.635E-3,-0.105
62.679,1.493E-3,-0.105
62.696,1.540E-3,-0.105
62.713,1.770E-3,-0.105
62.729,2.195E-3,-0.105
62.746,2.761E-3,-0.105
62.763,3.287E-3,-0.105
62.780,3.801E-3,-0.105
62.797,4.201E-3,-0.105
62.814,4.431E-3,-0.105
62.830,4.443E-3,-0.105
62.847,4.277E-3,-0.105
62.864,3.915E-3,-0.105
62.881,3.414E-3,-0.105
62.898,2.867E-3,-0.105
62.915,2.338E-3,-0.105
62.932,1.870E-3,-0.105
62.948,1.590E-3,-0.105
62.965,1.495E-3,-0.105
62.982,1.625E-3,-0.105
62.999,1.910E-3,-0.105
63.016,2.368E-3,-0.105
63.033,2.861E-3,-0.105
63.049,3.424E-3,-0.105
63.066,3.893E-3,-0.105
63.083,4.246E-3,-0.105
63.100,4.408E-3,-0.105
63.117,4.394E-3,-0.105
63.134,4.159E-3,-0.105
63.151,3.742E-3,-0.105
63.167,3.217E-3,-0.105
63.184,2.681E-3,-0.105
63.201,2.170E-3,-0.105
63.218,1.786E-3,-0.105
63.235,1.575E-3,-0.105
63.252,1.560E-3,-0.105
63.268,1.688E-3,-0.105
63.285,2.034E-3,-0.105
63.302,2.500E-3,-0.105
63.319,3.069E-3,-0.105
63.336,3.586E-3,-0.105
63.353,4.016E-3,-0.105
63.370,4.345E-3,-0.105
63.386,4.431E-3,-0.105
63.403,4.339E-3,-0.105
63.420,4.023E-3,-0.105
63.437,3.595E-3,-0.105
63.454,3.093E-3,-0.105
63.471,2.534E-3,-0.105
63.487,2.040E-3,-0.105
63.504,1.685E-3,-0.105
63.521,1.530E-3,-0.105
63.538,1.552E-3,-0.105
63.555,1.732E-3,-0.105
63.572,2.106E-3,-0.105
63.588,2.614E-3,-0.105
63.605,3.169E-3,-0.105
63.622,3.644E-3,-0.105
63.639,4.043E-3,-0.105
63.656,4.291E-3,-0.105
63.673,4.339E-3,-0.105
63.690,4.191E-3,-0.105
63.706,3.849E-3,-0.105
63.723,3.407E-3,-0.105
63.740,2.871E-3,-0.105
63.757,2.379E-3,-0.105
63.774,1.941E-3,-0.105
63.791,1.614E-3,-0.105
63.807,1.509E-3,-0.105
63.824,1.588E-3,-0.105
63.841,1.883E-3,-0.105
63.858,2.283E-3,-0.105
63.875,2.800E-3,-0.105
63.892,3.341E-3,-0.105
63.909,3.812E-3,-0.105
63.925,4.187E-3,-0.105
63.942,4.365E-3,-0.105
63.959,4.314E-3,-0.105
63.976,4.102E-3,-0.105
63.993,3.721E-3,-0.105
64.010,3.225E-3,-0.105
64.026,2.742E-3,-0.105
64.043,2.196E-3,-0.105
64.060,1.810E-3,-0.105
64.077,1.582E-3,-0.105
64.094,1.554E-3,-0.105
64.111,1.666E-3,-0.105
64.128,1.990E-3,-0.105
64.144,2.451E-3,-0.105
64.161,2.993E-3,-0.105
64.178,3.501E-3,-0.105
64.195,3.941E-3,-0.105
64.212,4.240E-3,-0.105
64.229,4.350E-3,-0.105
64.245,4.251E-3,-0.105
64.262,4.008E-3,-0.105
64.279,3.619E-3,-0.105
64.296,3.125E-3,-0.105
64.313,2.577E-3,-0.105
64.330,2.116E-3,-0.105
64.346,1.752E-3,-0.105
64.363,1.559E-3,-0.105
64.380,1.547E-3,-0.105
64.397,1.724E-3,-0.105
64.414,2.042E-3,-0.105
64.431,2.557E-3,-0.105
64.448,3.064E-3,-0.105
64.464,3.571E-3,-0.105
64.481,3.944E-3,-0.105
64.498,4.183E-3,-0.105
64.515,4.263E-3,-0.105
64.532,4.125E-3,-0.105
64.549,3.839E-3,-0.105
64.565,3.403E-3,-0.105
64.582,2.906E-3,-0.105
64.599,2.404E-3,-0.105
64.616,1.966E-3,-0.105
64.633,1.634E-3,-0.105
64.650,1.519E-3,-0.105
64.667,1.572E-3,-0.105
64.683,1.824E-3,-0.105
64.700,2.232E-3,-0.105
64.717,2.737E-3,-0.105
64.734,3.230E-3,-0.105
64.751,3.700E-3,-0.105
64.768,4.048E-3,-0.105
64.784,4.256E-3,-0.105
64.801,4.267E-3,-0.105
64.818,4.095E-3,-0.105
64.835,3.752E-3,-0.105
64.852,3.272E-3,-0.105
64.869,2.768E-3,-0.105
64.886,2.241E-3,-0.105
64.902,1.849E-3,-0.105
64.919,1.602E-3,-0.105
64.936,1.560E-3,-0.105
64.953,1.632E-3,-0.105
64.970,1.939E-3,-0.105
64.987,2.366E-3,-0.105
65.003,2.816E-3,-0.105
65.020,3.341E-3,-0.105
65.037,3.761E-3,-0.105
65.054,4.060E-3,-0.105
65.071,4.227E-3,-0.105
65.088,4.195E-3,-0.105
65.105,3.943E-3,-0.105
65.121,3.581E-3,-0.105
65.138,3.133E-3,-0.105
65.155,2.619E-3,-0.105
65.172,2.138E-3,-0.105
65.189,1.779E-3,-0.105
65.206,1.592E-3,-0.105
65.222,1.602E-3,-0.105
65.239,1.764E-3,-0.105
65.256,2.079E-3,-0.105
65.273,2.526E-3,-0.105
65.290,3.028E-3,-0.105
65.307,3.533E-3,-0.105
65.323,3.879E-3,-0.105
65.340,4.166E-3,-0.105
65.357,4.233E-3,-0.105
65.374,4.140E-3,-0.105
65.391,3.858E-3,-0.105
65.408,3.460E-3,-0.105
65.425,2.968E-3,-0.105
65.441,2.441E-3,-0.105
65.458,2.005E-3,-0.105
65.475,1.699E-3,-0.105
65.492,1.555E-3,-0.105
65.509,1.578E-3,-0.105
65.526,1.823E-3,-0.105
65.542,2.188E-3,-0.105
65.559,2.696E-3,-0.105
65.576,3.190E-3,-0.105
65.593,3.655E-3,-0.105
65.610,4.019E-3,-0.105
65.627,4.226E-3,-0.105
65.644,4.261E-3,-0.105
65.660,4.095E-3,-0.105
65.677,3.795E-3,-0.105
65.694,3.384E-3,-0.105
65.711,2.882E-3,-0.105
65.728,2.419E-3,-0.105
65.745,2.022E-3,-0.105
65.761,1.753E-3,-0.105
65.778,1.643E-3,-0.105
65.795,1.726E-3,-0.105
65.812,1.996E-3,-0.105
65.829,2.407E-3,-0.105
65.846,2.871E-3,-0.105
65.863,3.381E-3,-0.105
65.879,3.837E-3,-0.105
65.896,4.130E-3,-0.105
65.913,4.283E-3,-0.105
65.930,4.251E-3,-0.105
65.947,4.034E-3,-0.105
65.964,3.682E-3,-0.105
65.980,3.233E-3,-0.105
65.997,2.781E-3,-0.105
66.014,2.327E-3,-0.105
66.031,1.967E-3,-0.105
66.048,1.692E-3,-0.105
66.065,1.639E-3,-0.105
66.081,1.793E-3,-0.105
66.098,2.105E-3,-0.105
66.115,2.539E-3,-0.105
66.132,3.023E-3,-0.105
66.149,3.486E-3,-0.105
66.166,3.886E-3,-0.105
66.183,4.147E-3,-0.105
66.199,4.241E-3,-0.105
66.216,4.154E-3,-0.105
66.233,3.892E-3,-0.105
66.250,3.487E-3,-0.105
66.267,3.033E-3,-0.105
66.284,2.546E-3,-0.105
66.300,2.077E-3,-0.105
66.317,1.780E-3,-0.105
66.334,1.637E-3,-0.105
66.351,1.656E-3,-0.105
66.368,1.866E-3,-0.105
66.385,2.203E-3,-0.105
66.402,2.663E-3,-0.105
66.418,3.176E-3,-0.105
66.435,3.622E-3,-0.105
66.452,3.993E-3,-0.105
66.469,4.220E-3,-0.105
66.486,4.272E-3,-0.105
66.503,4.113E-3,-0.105
66.519,3.827E-3,-0.105
66.536,3.439E-3,-0.105
66.553,2.948E-3,-0.105
66.570,2.461E-3,-0.105
66.587,2.057E-3,-0.105
66.604,1.789E-3,-0.105
66.621,1.694E-3,-0.105
66.637,1.746E-3,-0.105
66.654,1.998E-3,-0.105
66.671,2.366E-3,-0.105
66.688,2.809E-3,-0.105
66.705,3.283E-3,-0.105
66.722,3.716E-3,-0.105
66.738,4.023E-3,-0.105
66.755,4.227E-3,-0.105
66.772,4.217E-3,-0.105
66.789,4.033E-3,-0.105
66.806,3.704E-3,-0.105
66.823,3.250E-3,-0.105
66.840,2.801E-3,-0.105
66.856,2.363E-3,-0.105
66.873,1.989E-3,-0.105
66.890,1.771E-3,-0.105
66.907,1.728E-3,-0.105
66.924,1.824E-3,-0.105
66.941,2.102E-3,-0.105
66.957,2.521E-3,-0.105
66.974,2.976E-3,-0.105
66.991,3.435E-3,-0.105
67.008,3.853E-3,-0.105
67.025,4.108E-3,-0.105
67.042,4.243E-3,-0.105
67.058,4.178E-3,-0.105
67.075,3.899E-3,-0.105
67.092,3.550E-3,-0.105
67.109,3.074E-3,-0.105
67.126,2.626E-3,-0.105
67.143,2.191E-3,-0.105
67.160,1.885E-3,-0.105
67.176,1.693E-3,-0.105
67.193,1.679E-3,-0.105
67.210,1.860E-3,-0.105
67.227,2.181E-3,-0.105
67.244,2.600E-3,-0.105
67.261,3.075E-3,-0.105
67.277,3.523E-3,-0.105
67.294,3.878E-3,-0.105
67.311,4.088E-3,-0.105
67.328,4.161E-3,-0.105
67.345,4.018E-3,-0.105
67.362,3.800E-3,-0.105
67.379,3.430E-3,-0.105
67.395,2.980E-3,-0.105
67.412,2.537E-3,-0.105
67.429,2.109E-3,-0.105
67.446,1.835E-3,-0.105
67.463,1.712E-3,-0.105
67.480,1.748E-3,-0.105
67.496,1.973E-3,-0.105
67.513,2.338E-3,-0.105
67.530,2.776E-3,-0.105
67.547,3.240E-3,-0.105
67.564,3.644E-3,-0.105
67.581,3.966E-3,-0.105
67.598,4.126E-3,-0.105
67.614,4.122E-3,-0.105
67.631,3.948E-3,-0.105
67.648,3.645E-3,-0.105
67.665,3.236E-3,-0.105
67.682,2.787E-3,-0.105
67.699,2.358E-3,-0.105
67.715,1.969E-3,-0.105
67.732,1.741E-3,-0.105
67.749,1.663E-3,-0.105
67.766,1.769E-3,-0.105
67.783,2.038E-3,-0.105
67.800,2.428E-3,-0.105
67.816,2.881E-3,-0.105
67.833,3.323E-3,-0.105
67.850,3.719E-3,-0.105
67.867,3.987E-3,-0.105
67.884,4.127E-3,-0.105
67.901,4.087E-3,-0.105
67.918,3.889E-3,-0.105
67.934,3.535E-3,-0.105
67.951,3.116E-3,-0.105
67.968,2.652E-3,-0.105
67.985,2.248E-3,-0.105
68.002,1.906E-3,-0.105
68.019,1.717E-3,-0.105
68.035,1.682E-3,-0.105
68.052,1.833E-3,-0.105
68.069,2.138E-3,-0.105
68.086,2.528E-3,-0.105
68.103,2.979E-3,-0.105
68.120,3.439E-3,-0.105
68.137,3.805E-3,-0.105
68.153,4.030E-3,-0.105
68.170,4.098E-3,-0.105
68.187,4.021E-3,-0.105
68.204,3.808E-3,-0.105
68.221,3.429E-3,-0.105
68.238,3.032E-3,-0.105
68.254,2.587E-3,-0.105
68.271,2.191E-3,-0.105
68.288,1.940E-3,-0.105
68.305,1.767E-3,-0.105
68.322,1.804E-3,-0.105
68.339,2.029E-3,-0.105
68.356,2.385E-3,-0.105
68.372,2.803E-3,-0.105
68.389,3.399E-3,-0.105
68.406,4.705E-3,-0.104
68.423,4.431E-3,-0.104
68.440,3.841E-3,-0.105
68.457,4.286E-3,-0.105
68.473,4.692E-3,-0.105
