,mass A,,
t,x,y,
0.000,4.099E-2,-9.421E-2
0.017,4.086E-2,-9.392E-2
0.034,4.089E-2,-9.418E-2
0.051,4.092E-2,-9.459E-2
0.067,3.901E-2,-9.371E-2
0.084,3.892E-2,-9.330E-2
0.101,3.894E-2,-9.302E-2
0.118,3.898E-2,-9.317E-2
0.135,3.917E-2,-9.364E-2
0.152,4.175E-2,-9.447E-2
0.168,3.988E-2,-9.003E-2
0.185,3.993E-2,-8.976E-2
0.202,3.990E-2,-8.986E-2
0.219,4.003E-2,-9.019E-2
0.236,4.006E-2,-9.021E-2
0.253,3.992E-2,-8.996E-2
0.270,3.993E-2,-8.977E-2
0.286,3.987E-2,-8.982E-2
0.303,3.993E-2,-9.007E-2
0.320,3.998E-2,-9.012E-2
0.337,3.989E-2,-8.989E-2
0.354,3.987E-2,-8.972E-2
0.371,3.994E-2,-8.981E-2
0.387,3.994E-2,-9.003E-2
0.404,3.994E-2,-9.014E-2
0.421,3.990E-2,-9.001E-2
0.438,3.993E-2,-8.981E-2
0.455,3.988E-2,-8.991E-2
0.472,3.993E-2,-9.013E-2
0.489,3.993E-2,-9.019E-2
0.505,3.989E-2,-9.014E-2
0.522,3.984E-2,-9.001E-2
0.539,3.979E-2,-9.000E-2
0.556,3.981E-2,-9.016E-2
0.573,3.984E-2,-9.022E-2
0.590,3.978E-2,-9.006E-2
0.606,3.977E-2,-8.999E-2
0.623,3.977E-2,-8.998E-2
0.640,3.976E-2,-9.011E-2
0.657,3.975E-2,-9.021E-2
0.674,3.973E-2,-9.015E-2
0.691,3.968E-2,-9.010E-2
0.707,3.969E-2,-9.018E-2
0.724,3.969E-2,-9.031E-2
0.741,3.964E-2,-9.039E-2
0.758,3.966E-2,-9.034E-2
0.775,3.960E-2,-9.017E-2
0.792,3.960E-2,-9.017E-2
0.809,3.963E-2,-9.020E-2
0.825,3.959E-2,-9.024E-2
0.842,3.962E-2,-9.020E-2
0.859,3.958E-2,-9.013E-2
0.876,3.957E-2,-9.015E-2
0.893,3.956E-2,-9.023E-2
0.910,3.957E-2,-9.030E-2
0.926,3.954E-2,-9.029E-2
0.943,3.954E-2,-9.026E-2
0.960,3.955E-2,-9.029E-2
0.977,3.952E-2,-9.036E-2
0.994,3.953E-2,-9.035E-2
1.011,3.960E-2,-9.033E-2
1.028,3.955E-2,-9.030E-2
1.044,3.953E-2,-9.026E-2
1.061,3.953E-2,-9.028E-2
1.078,3.953E-2,-9.029E-2
1.095,3.953E-2,-9.030E-2
1.112,3.957E-2,-9.025E-2
1.129,3.954E-2,-9.027E-2
1.145,3.953E-2,-9.037E-2
1.162,3.953E-2,-9.039E-2
1.179,3.950E-2,-9.038E-2
1.196,3.951E-2,-9.037E-2
1.213,3.951E-2,-9.037E-2
1.230,3.956E-2,-9.035E-2
1.247,3.954E-2,-9.036E-2
1.263,3.955E-2,-9.032E-2
1.280,3.956E-2,-9.029E-2
1.297,3.957E-2,-9.028E-2
1.314,3.955E-2,-9.030E-2
1.331,3.955E-2,-9.033E-2
1.348,3.955E-2,-9.032E-2
1.364,3.942E-2,-9.037E-2
1.381,3.932E-2,-9.042E-2
1.398,3.930E-2,-9.045E-2
1.415,3.927E-2,-9.053E-2
1.432,3.941E-2,-9.043E-2
1.449,3.946E-2,-9.040E-2
1.466,3.952E-2,-9.037E-2
1.482,3.965E-2,-9.027E-2
1.499,3.972E-2,-9.029E-2
1.516,3.971E-2,-9.029E-2
1.533,3.962E-2,-9.030E-2
1.550,3.958E-2,-9.030E-2
1.567,3.962E-2,-9.031E-2
1.583,3.961E-2,-9.034E-2
1.600,3.961E-2,-9.035E-2
1.617,3.960E-2,-9.035E-2
1.634,3.960E-2,-9.035E-2
1.651,3.958E-2,-9.039E-2
1.668,3.954E-2,-9.041E-2
1.685,3.954E-2,-9.042E-2
1.701,3.952E-2,-9.039E-2
1.718,3.953E-2,-9.040E-2
1.735,3.952E-2,-9.039E-2
1.752,3.957E-2,-9.037E-2
1.769,3.958E-2,-9.030E-2
1.786,3.958E-2,-9.025E-2
1.802,3.959E-2,-9.027E-2
1.819,3.958E-2,-9.032E-2
1.836,3.962E-2,-9.034E-2
1.853,3.957E-2,-9.033E-2
1.870,3.957E-2,-9.033E-2
1.887,3.957E-2,-9.033E-2
1.903,3.958E-2,-9.037E-2
1.920,3.957E-2,-9.036E-2
1.937,3.957E-2,-9.036E-2
1.954,3.957E-2,-9.036E-2
1.971,3.953E-2,-9.035E-2
1.988,3.953E-2,-9.034E-2
2.005,3.955E-2,-9.035E-2
2.021,3.954E-2,-9.031E-2
2.038,3.954E-2,-9.032E-2
2.055,3.957E-2,-9.029E-2
2.072,3.954E-2,-9.031E-2
2.089,3.960E-2,-9.035E-2
2.106,3.958E-2,-9.034E-2
2.122,3.958E-2,-9.034E-2
2.139,3.956E-2,-9.033E-2
2.156,3.954E-2,-9.037E-2
2.173,3.953E-2,-9.036E-2
2.190,3.954E-2,-9.036E-2
2.207,3.954E-2,-9.035E-2
2.224,3.955E-2,-9.036E-2
2.240,3.955E-2,-9.031E-2
2.257,3.961E-2,-9.027E-2
2.274,3.959E-2,-9.028E-2
2.291,3.958E-2,-9.028E-2
2.308,3.959E-2,-9.028E-2
2.325,3.958E-2,-9.029E-2
2.341,3.957E-2,-9.030E-2
2.358,3.956E-2,-9.029E-2
2.375,3.956E-2,-9.032E-2
2.392,3.956E-2,-9.032E-2
2.409,3.954E-2,-9.036E-2
2.426,3.955E-2,-9.035E-2
2.443,3.955E-2,-9.035E-2
2.459,3.953E-2,-9.034E-2
2.476,3.953E-2,-9.034E-2
2.493,3.953E-2,-9.033E-2
2.510,3.953E-2,-9.033E-2
2.527,3.957E-2,-9.028E-2
2.544,3.957E-2,-9.029E-2
2.560,3.956E-2,-9.029E-2
2.577,3.955E-2,-9.030E-2
2.594,3.956E-2,-9.030E-2
2.611,3.953E-2,-9.033E-2
2.628,3.952E-2,-9.033E-2
2.645,3.953E-2,-9.033E-2
2.662,3.953E-2,-9.033E-2
2.678,3.953E-2,-9.033E-2
2.695,3.955E-2,-9.033E-2
2.712,3.954E-2,-9.032E-2
2.729,3.954E-2,-9.034E-2
2.746,3.955E-2,-9.032E-2
2.763,3.955E-2,-9.032E-2
2.779,3.958E-2,-9.032E-2
2.796,3.958E-2,-9.032E-2
2.813,3.958E-2,-9.032E-2
2.830,3.959E-2,-9.032E-2
2.847,3.957E-2,-9.033E-2
2.864,3.957E-2,-9.033E-2
2.881,3.955E-2,-9.037E-2
2.897,3.955E-2,-9.035E-2
2.914,3.956E-2,-9.036E-2
2.931,3.956E-2,-9.036E-2
2.948,3.956E-2,-9.036E-2
2.965,3.957E-2,-9.036E-2
2.982,3.956E-2,-9.033E-2
2.998,3.956E-2,-9.034E-2
3.015,3.955E-2,-9.035E-2
3.032,3.964E-2,-9.031E-2
3.049,3.958E-2,-9.030E-2
3.066,3.956E-2,-9.032E-2
3.083,3.957E-2,-9.032E-2
3.099,3.957E-2,-9.033E-2
3.116,3.956E-2,-9.033E-2
3.133,3.956E-2,-9.033E-2
3.150,3.956E-2,-9.032E-2
3.167,3.957E-2,-9.032E-2
3.184,3.957E-2,-9.033E-2
3.201,3.957E-2,-9.033E-2
3.217,3.957E-2,-9.033E-2
3.234,3.958E-2,-9.033E-2
3.251,3.954E-2,-9.032E-2
3.268,3.957E-2,-9.030E-2
3.285,3.958E-2,-9.031E-2
3.302,3.962E-2,-9.029E-2
3.318,3.959E-2,-9.029E-2
3.335,3.967E-2,-9.018E-2
3.352,3.972E-2,-9.016E-2
3.369,3.972E-2,-9.015E-2
3.386,3.976E-2,-9.009E-2
3.403,3.977E-2,-9.010E-2
3.420,3.975E-2,-9.005E-2
3.436,3.978E-2,-9.007E-2
3.453,3.981E-2,-9.003E-2
3.470,3.982E-2,-9.002E-2
3.487,3.981E-2,-9.004E-2
3.504,3.983E-2,-8.999E-2
3.521,3.983E-2,-8.998E-2
3.537,3.982E-2,-8.995E-2
3.554,3.981E-2,-8.994E-2
3.571,3.981E-2,-8.994E-2
3.588,3.977E-2,-8.997E-2
3.605,3.977E-2,-8.996E-2
3.622,3.977E-2,-8.996E-2
3.639,3.976E-2,-8.994E-2
3.655,3.976E-2,-8.994E-2
3.672,3.981E-2,-8.994E-2
3.689,3.980E-2,-8.991E-2
3.706,3.983E-2,-8.988E-2
3.723,3.979E-2,-8.988E-2
3.740,3.981E-2,-8.982E-2
3.756,3.990E-2,-8.980E-2
3.773,3.994E-2,-8.979E-2
3.790,3.993E-2,-8.979E-2
3.807,4.005E-2,-8.974E-2
3.824,4.054E-2,-8.980E-2
3.841,4.201E-2,-9.020E-2
3.858,4.538E-2,-9.074E-2
3.874,5.185E-2,-9.139E-2
3.891,6.088E-2,-9.242E-2
3.908,7.012E-2,-9.357E-2
3.925,8.147E-2,-9.421E-2
3.942,9.306E-2,-9.444E-2
3.959,0.105,-9.396E-2
3.975,0.116,-9.319E-2
3.992,0.125,-9.197E-2
4.009,0.133,-9.075E-2
4.026,0.138,-8.991E-2
4.043,0.141,-8.987E-2
4.060,0.142,-8.976E-2
4.077,0.140,-9.011E-2
4.093,0.137,-9.069E-2
4.110,0.130,-9.191E-2
4.127,0.121,-9.284E-2
4.144,0.111,-9.404E-2
4.161,9.950E-2,-9.462E-2
4.178,8.782E-2,-9.469E-2
4.194,7.640E-2,-9.432E-2
4.211,6.629E-2,-9.360E-2
4.228,5.778E-2,-9.263E-2
4.245,5.134E-2,-9.149E-2
4.262,4.711E-2,-9.051E-2
4.279,4.531E-2,-9.022E-2
4.295,4.608E-2,-9.047E-2
4.312,4.922E-2,-9.112E-2
4.329,5.490E-2,-9.213E-2
4.346,6.261E-2,-9.325E-2
4.363,7.211E-2,-9.413E-2
4.380,8.303E-2,-9.469E-2
4.397,9.433E-2,-9.468E-2
4.413,0.106,-9.419E-2
4.430,0.117,-9.368E-2
4.447,0.126,-9.530E-2
4.464,0.134,-9.409E-2
4.481,0.140,-9.305E-2
4.498,0.143,-9.251E-2
4.514,0.143,-9.238E-2
4.531,0.141,-9.294E-2
4.548,0.136,-9.384E-2
4.565,0.129,-9.508E-2
4.582,0.119,-9.384E-2
4.599,0.109,-9.463E-2
4.616,9.763E-2,-9.510E-2
4.632,8.618E-2,-9.500E-2
4.649,7.513E-2,-9.459E-2
4.666,6.513E-2,-9.381E-2
4.683,5.702E-2,-9.273E-2
4.700,5.092E-2,-9.152E-2
4.717,4.688E-2,-9.085E-2
4.733,4.544E-2,-9.048E-2
4.750,4.648E-2,-9.070E-2
4.767,4.983E-2,-9.160E-2
4.784,5.552E-2,-9.264E-2
4.801,6.323E-2,-9.377E-2
4.818,7.289E-2,-9.487E-2
4.835,8.375E-2,-9.520E-2
4.851,9.518E-2,-9.523E-2
4.868,0.106,-9.479E-2
4.885,0.117,-9.400E-2
4.902,0.126,-9.555E-2
4.919,0.133,-9.408E-2
4.936,0.138,-9.277E-2
4.952,0.140,-9.194E-2
4.969,0.141,-9.199E-2
4.986,0.139,-9.293E-2
5.003,0.134,-9.406E-2
5.020,0.127,-9.338E-2
5.037,0.118,-9.392E-2
5.054,0.107,-9.457E-2
5.070,9.643E-2,-9.513E-2
5.087,8.484E-2,-9.500E-2
5.104,7.378E-2,-9.465E-2
5.121,6.404E-2,-9.394E-2
5.138,5.593E-2,-9.305E-2
5.155,4.819E-2,-9.185E-2
5.171,4.416E-2,-9.102E-2
5.188,4.257E-2,-9.085E-2
5.205,4.413E-2,-9.107E-2
5.222,4.838E-2,-9.175E-2
5.239,5.508E-2,-9.277E-2
5.256,6.366E-2,-9.384E-2
5.273,7.373E-2,-9.462E-2
5.289,8.484E-2,-9.507E-2
5.306,9.621E-2,-9.489E-2
5.323,0.107,-9.436E-2
5.340,0.118,-9.361E-2
5.357,0.126,-9.280E-2
5.374,0.133,-9.225E-2
5.390,0.138,-9.141E-2
5.407,0.142,-9.250E-2
5.424,0.142,-9.271E-2
5.441,0.139,-9.321E-2
5.458,0.133,-9.229E-2
5.475,0.125,-9.312E-2
5.491,0.116,-9.409E-2
5.508,0.106,-9.480E-2
5.525,9.512E-2,-9.512E-2
5.542,8.388E-2,-9.511E-2
5.559,7.312E-2,-9.459E-2
5.576,6.378E-2,-9.374E-2
5.593,5.612E-2,-9.277E-2
5.609,5.038E-2,-9.190E-2
5.626,4.431E-2,-9.110E-2
5.643,4.309E-2,-9.100E-2
5.660,4.483E-2,-9.119E-2
5.677,4.959E-2,-9.210E-2
5.694,5.619E-2,-9.297E-2
5.710,6.499E-2,-9.397E-2
5.727,7.490E-2,-9.471E-2
5.744,8.576E-2,-9.492E-2
5.761,9.702E-2,-9.486E-2
5.778,0.108,-9.434E-2
5.795,0.118,-9.436E-2
5.812,0.127,-9.519E-2
5.828,0.133,-9.395E-2
5.845,0.138,-9.277E-2
5.862,0.140,-9.203E-2
5.879,0.140,-9.203E-2
5.896,0.137,-9.281E-2
5.913,0.133,-9.401E-2
5.929,0.126,-9.553E-2
5.946,0.117,-9.659E-2
5.963,0.107,-9.726E-2
5.980,9.539E-2,-9.522E-2
5.997,8.393E-2,-9.512E-2
6.014,7.351E-2,-9.755E-2
6.031,6.404E-2,-9.701E-2
6.047,5.433E-2,-9.297E-2
6.064,4.823E-2,-9.200E-2
6.081,4.455E-2,-9.127E-2
6.098,4.370E-2,-9.113E-2
6.115,4.570E-2,-9.158E-2
6.132,5.052E-2,-9.227E-2
6.148,5.759E-2,-9.338E-2
6.165,6.659E-2,-9.426E-2
6.182,7.674E-2,-9.490E-2
6.199,8.779E-2,-9.519E-2
6.216,9.904E-2,-9.503E-2
6.233,0.110,-9.437E-2
6.250,0.120,-9.648E-2
6.266,0.129,-9.513E-2
6.283,0.135,-9.362E-2
6.300,0.139,-9.262E-2
6.317,0.141,-9.206E-2
6.334,0.140,-9.228E-2
6.351,0.137,-9.307E-2
6.367,0.132,-9.434E-2
6.384,0.125,-9.584E-2
6.401,0.116,-9.690E-2
6.418,0.105,-9.778E-2
6.435,9.407E-2,-9.829E-2
6.452,8.294E-2,-9.811E-2
6.469,7.157E-2,-9.485E-2
6.485,6.217E-2,-9.405E-2
6.502,5.421E-2,-9.313E-2
6.519,4.839E-2,-9.213E-2
6.536,4.498E-2,-9.158E-2
6.553,4.430E-2,-9.142E-2
6.570,4.661E-2,-9.187E-2
6.586,5.157E-2,-9.264E-2
6.603,5.848E-2,-9.354E-2
6.620,6.740E-2,-9.456E-2
6.637,7.753E-2,-9.520E-2
6.654,8.838E-2,-9.546E-2
6.671,9.947E-2,-9.518E-2
6.687,0.110,-9.464E-2
6.704,0.119,-9.391E-2
6.721,0.128,-9.533E-2
6.738,0.134,-9.389E-2
6.755,0.138,-9.317E-2
6.772,0.140,-9.300E-2
6.789,0.139,-9.321E-2
6.805,0.135,-9.383E-2
6.822,0.129,-9.500E-2
6.839,0.122,-9.610E-2
6.856,0.112,-9.489E-2
6.873,0.102,-9.531E-2
6.890,9.097E-2,-9.562E-2
6.906,8.007E-2,-9.552E-2
6.923,6.989E-2,-9.493E-2
6.940,6.071E-2,-9.428E-2
6.957,5.304E-2,-9.336E-2
6.974,4.749E-2,-9.259E-2
6.991,4.434E-2,-9.203E-2
7.008,4.396E-2,-9.201E-2
7.024,4.644E-2,-9.248E-2
7.041,5.149E-2,-9.324E-2
7.058,5.834E-2,-9.418E-2
7.075,6.721E-2,-9.503E-2
7.092,7.725E-2,-9.554E-2
7.109,8.794E-2,-9.583E-2
7.125,9.883E-2,-9.561E-2
7.142,0.110,-9.768E-2
7.159,0.119,-9.658E-2
7.176,0.127,-9.523E-2
7.193,0.133,-9.393E-2
7.210,0.136,-9.308E-2
7.227,0.138,-9.263E-2
7.243,0.137,-9.283E-2
7.260,0.133,-9.373E-2
7.277,0.128,-9.482E-2
7.294,0.121,-9.624E-2
7.311,0.112,-9.727E-2
7.328,0.101,-9.794E-2
7.344,9.065E-2,-9.848E-2
7.361,8.005E-2,-9.848E-2
7.378,6.901E-2,-9.506E-2
7.395,6.011E-2,-9.425E-2
7.412,5.286E-2,-9.329E-2
7.429,4.745E-2,-9.249E-2
7.446,4.473E-2,-9.207E-2
7.462,4.450E-2,-9.213E-2
7.479,4.701E-2,-9.264E-2
7.496,5.216E-2,-9.345E-2
7.513,5.936E-2,-9.434E-2
7.530,6.823E-2,-9.521E-2
7.547,7.811E-2,-9.570E-2
7.563,8.890E-2,-9.585E-2
7.580,9.963E-2,-9.564E-2
7.597,0.111,-9.747E-2
7.614,0.120,-9.634E-2
7.631,0.127,-9.515E-2
7.648,0.132,-9.403E-2
7.665,0.136,-9.318E-2
7.681,0.137,-9.277E-2
7.698,0.136,-9.284E-2
7.715,0.133,-9.376E-2
7.732,0.128,-9.503E-2
7.749,0.120,-9.620E-2
7.766,0.112,-9.705E-2
7.782,0.101,-9.798E-2
7.799,9.095E-2,-9.821E-2
7.816,8.049E-2,-9.809E-2
7.833,7.041E-2,-9.757E-2
7.850,6.158E-2,-9.683E-2
7.867,5.495E-2,-9.620E-2
7.884,5.011E-2,-9.565E-2
7.900,4.782E-2,-9.536E-2
7.917,4.788E-2,-9.542E-2
7.934,5.043E-2,-9.579E-2
7.951,5.516E-2,-9.646E-2
7.968,6.178E-2,-9.715E-2
7.985,7.033E-2,-9.790E-2
8.001,8.026E-2,-9.843E-2
8.018,9.081E-2,-9.851E-2
8.035,0.101,-9.804E-2
8.052,0.111,-9.732E-2
8.069,0.120,-9.627E-2
8.086,0.128,-9.477E-2
8.102,0.133,-9.372E-2
8.119,0.137,-9.281E-2
8.136,0.138,-9.269E-2
8.153,0.136,-9.300E-2
8.170,0.133,-9.391E-2
8.187,0.127,-9.512E-2
8.204,0.120,-9.627E-2
8.220,0.110,-9.716E-2
8.237,0.100,-9.788E-2
8.254,8.967E-2,-9.825E-2
8.271,7.929E-2,-9.812E-2
8.288,6.971E-2,-9.790E-2
8.305,6.137E-2,-9.705E-2
8.321,5.508E-2,-9.644E-2
8.338,5.073E-2,-9.573E-2
8.355,4.857E-2,-9.531E-2
8.372,4.854E-2,-9.541E-2
8.389,5.120E-2,-9.583E-2
8.406,5.598E-2,-9.640E-2
8.423,6.290E-2,-9.725E-2
8.439,7.145E-2,-9.795E-2
8.456,8.147E-2,-9.846E-2
8.473,9.206E-2,-9.853E-2
8.490,0.103,-9.803E-2
8.507,0.113,-9.726E-2
8.524,0.122,-9.617E-2
8.540,0.129,-9.506E-2
8.557,0.134,-9.396E-2
8.574,0.138,-9.336E-2
8.591,0.139,-9.326E-2
8.608,0.137,-9.356E-2
8.625,0.133,-9.416E-2
8.642,0.128,-9.532E-2
8.658,0.120,-9.643E-2
8.675,0.111,-9.750E-2
8.692,0.100,-9.828E-2
8.709,8.978E-2,-9.852E-2
8.726,7.930E-2,-9.822E-2
8.743,6.967E-2,-9.751E-2
8.759,6.158E-2,-9.685E-2
8.776,5.530E-2,-9.590E-2
8.793,5.101E-2,-9.529E-2
8.810,4.911E-2,-9.497E-2
8.827,4.946E-2,-9.500E-2
8.844,5.217E-2,-9.546E-2
8.861,5.693E-2,-9.606E-2
8.877,6.367E-2,-9.628E-2
8.894,7.244E-2,-9.750E-2
8.911,8.251E-2,-9.822E-2
8.928,9.293E-2,-9.828E-2
8.945,0.103,-9.787E-2
8.962,0.113,-9.713E-2
8.978,0.122,-9.603E-2
8.995,0.129,-9.498E-2
9.012,0.134,-9.380E-2
9.029,0.137,-9.321E-2
9.046,0.138,-9.305E-2
9.063,0.136,-9.334E-2
9.080,0.132,-9.420E-2
9.096,0.127,-9.527E-2
9.113,0.119,-9.646E-2
9.130,0.109,-9.733E-2
9.147,9.937E-2,-9.797E-2
9.164,8.895E-2,-9.814E-2
9.181,7.870E-2,-9.781E-2
9.197,6.920E-2,-9.711E-2
9.214,6.121E-2,-9.634E-2
9.231,5.509E-2,-9.550E-2
9.248,5.104E-2,-9.486E-2
9.265,4.918E-2,-9.465E-2
9.282,4.973E-2,-9.482E-2
9.298,5.257E-2,-9.523E-2
9.315,5.739E-2,-9.564E-2
9.332,6.429E-2,-9.646E-2
9.349,7.304E-2,-9.725E-2
9.366,8.278E-2,-9.758E-2
9.383,9.314E-2,-9.789E-2
9.400,0.103,-9.755E-2
9.416,0.113,-9.680E-2
9.433,0.122,-9.582E-2
9.450,0.129,-9.471E-2
9.467,0.134,-9.365E-2
9.484,0.136,-9.297E-2
9.501,0.137,-9.297E-2
9.517,0.135,-9.333E-2
9.534,0.131,-9.419E-2
9.551,0.125,-9.530E-2
9.568,0.118,-9.642E-2
9.585,0.109,-9.716E-2
9.602,9.849E-2,-9.780E-2
9.619,8.811E-2,-9.816E-2
9.635,7.818E-2,-9.799E-2
9.652,6.884E-2,-9.739E-2
9.669,6.098E-2,-9.673E-2
9.686,5.506E-2,-9.599E-2
9.703,5.100E-2,-9.549E-2
9.720,4.899E-2,-9.525E-2
9.736,4.968E-2,-9.546E-2
9.753,5.284E-2,-9.587E-2
9.770,5.769E-2,-9.651E-2
9.787,6.468E-2,-9.719E-2
9.804,7.342E-2,-9.790E-2
9.821,8.325E-2,-9.826E-2
9.838,9.345E-2,-9.839E-2
9.854,0.104,-9.790E-2
9.871,0.113,-9.708E-2
9.888,0.122,-9.601E-2
9.905,0.128,-9.493E-2
9.922,0.133,-9.392E-2
9.939,0.136,-9.315E-2
9.955,0.136,-9.299E-2
9.972,0.135,-9.340E-2
9.989,0.131,-9.438E-2
10.006,0.125,-9.564E-2
10.023,0.118,-9.664E-2
10.040,0.108,-9.756E-2
10.057,9.851E-2,-9.804E-2
10.073,8.812E-2,-9.833E-2
10.090,7.727E-2,-9.534E-2
10.107,6.807E-2,-9.468E-2
10.124,6.043E-2,-9.390E-2
10.141,5.348E-2,-9.302E-2
10.158,4.921E-2,-9.233E-2
10.174,4.733E-2,-9.201E-2
10.191,4.812E-2,-9.216E-2
10.208,5.178E-2,-9.276E-2
10.225,5.725E-2,-9.357E-2
10.242,6.469E-2,-9.429E-2
10.259,7.361E-2,-9.495E-2
10.276,8.347E-2,-9.531E-2
10.292,9.371E-2,-9.529E-2
10.309,0.104,-9.496E-2
10.326,0.113,-9.440E-2
10.343,0.122,-9.390E-2
10.360,0.128,-9.337E-2
10.377,0.135,-9.430E-2
10.393,0.138,-9.378E-2
10.410,0.138,-9.371E-2
10.427,0.136,-9.414E-2
10.444,0.132,-9.484E-2
10.461,0.125,-9.589E-2
10.478,0.116,-9.453E-2
10.494,0.107,-9.490E-2
10.511,9.737E-2,-9.532E-2
10.528,8.721E-2,-9.536E-2
10.545,7.727E-2,-9.508E-2
10.562,6.852E-2,-9.447E-2
10.579,6.104E-2,-9.374E-2
10.596,5.548E-2,-9.301E-2
10.612,5.181E-2,-9.245E-2
10.629,5.037E-2,-9.213E-2
10.646,5.127E-2,-9.225E-2
10.663,5.402E-2,-9.277E-2
10.680,5.892E-2,-9.353E-2
10.697,6.584E-2,-9.431E-2
10.713,7.437E-2,-9.499E-2
10.730,8.376E-2,-9.539E-2
10.747,9.384E-2,-9.538E-2
10.764,0.104,-9.502E-2
10.781,0.113,-9.436E-2
10.798,0.121,-9.427E-2
10.815,0.129,-9.526E-2
10.831,0.133,-9.445E-2
10.848,0.136,-9.396E-2
10.865,0.136,-9.400E-2
10.882,0.134,-9.442E-2
10.899,0.129,-9.516E-2
10.916,0.123,-9.607E-2
10.932,0.115,-9.471E-2
10.949,0.106,-9.518E-2
10.966,9.596E-2,-9.564E-2
10.983,8.600E-2,-9.574E-2
11.000,7.626E-2,-9.551E-2
11.017,6.751E-2,-9.489E-2
11.034,5.993E-2,-9.421E-2
11.050,5.456E-2,-9.353E-2
11.067,5.112E-2,-9.293E-2
11.084,4.991E-2,-9.263E-2
11.101,5.051E-2,-9.288E-2
11.118,5.346E-2,-9.339E-2
11.135,5.852E-2,-9.410E-2
11.151,6.511E-2,-9.474E-2
11.168,7.351E-2,-9.552E-2
11.185,8.309E-2,-9.590E-2
11.202,9.302E-2,-9.594E-2
11.219,0.103,-9.545E-2
11.236,0.113,-9.749E-2
11.253,0.121,-9.644E-2
11.269,0.127,-9.510E-2
11.286,0.131,-9.415E-2
11.303,0.134,-9.358E-2
11.320,0.134,-9.345E-2
11.337,0.132,-9.396E-2
11.354,0.128,-9.480E-2
11.370,0.122,-9.589E-2
11.387,0.115,-9.692E-2
11.404,0.106,-9.790E-2
11.421,9.614E-2,-9.855E-2
11.438,8.618E-2,-9.856E-2
11.455,7.659E-2,-9.842E-2
11.472,6.792E-2,-9.782E-2
11.488,6.061E-2,-9.709E-2
11.505,5.512E-2,-9.647E-2
11.522,5.173E-2,-9.608E-2
11.539,5.025E-2,-9.594E-2
11.556,5.107E-2,-9.608E-2
11.573,5.413E-2,-9.659E-2
11.589,5.905E-2,-9.706E-2
11.606,6.576E-2,-9.769E-2
11.623,7.437E-2,-9.823E-2
11.640,8.372E-2,-9.866E-2
11.657,9.353E-2,-9.854E-2
11.674,0.103,-9.811E-2
11.690,0.112,-9.730E-2
11.707,0.120,-9.629E-2
11.724,0.126,-9.499E-2
11.741,0.131,-9.421E-2
11.758,0.133,-9.357E-2
11.775,0.133,-9.355E-2
11.792,0.131,-9.407E-2
11.808,0.127,-9.496E-2
11.825,0.121,-9.606E-2
11.842,0.114,-9.693E-2
11.859,0.105,-9.797E-2
11.876,9.531E-2,-9.852E-2
11.893,8.557E-2,-9.866E-2
11.909,7.600E-2,-9.834E-2
11.926,6.735E-2,-9.784E-2
11.943,6.018E-2,-9.724E-2
11.960,5.505E-2,-9.671E-2
11.977,5.145E-2,-9.608E-2
11.994,5.011E-2,-9.594E-2
12.011,5.106E-2,-9.607E-2
12.027,5.426E-2,-9.655E-2
12.044,5.932E-2,-9.714E-2
12.061,6.617E-2,-9.770E-2
12.078,7.458E-2,-9.826E-2
12.095,8.390E-2,-9.851E-2
12.112,9.370E-2,-9.853E-2
12.128,0.103,-9.806E-2
12.145,0.112,-9.709E-2
12.162,0.120,-9.595E-2
12.179,0.126,-9.496E-2
12.196,0.130,-9.429E-2
12.213,0.133,-9.369E-2
12.230,0.133,-9.363E-2
12.246,0.131,-9.414E-2
12.263,0.127,-9.497E-2
12.280,0.121,-9.594E-2
12.297,0.114,-9.692E-2
12.314,0.104,-9.551E-2
12.331,9.496E-2,-9.567E-2
12.347,8.515E-2,-9.569E-2
12.364,7.561E-2,-9.529E-2
12.381,6.700E-2,-9.479E-2
12.398,5.963E-2,-9.395E-2
12.415,5.390E-2,-9.310E-2
12.432,5.007E-2,-9.250E-2
12.449,4.865E-2,-9.235E-2
12.465,4.979E-2,-9.249E-2
12.482,5.319E-2,-9.298E-2
12.499,5.866E-2,-9.371E-2
12.516,6.599E-2,-9.437E-2
12.533,7.441E-2,-9.500E-2
12.550,8.378E-2,-9.539E-2
12.566,9.354E-2,-9.534E-2
12.583,0.103,-9.511E-2
12.600,0.112,-9.444E-2
12.617,0.119,-9.395E-2
12.634,0.125,-9.384E-2
12.651,0.130,-9.351E-2
12.668,0.132,-9.318E-2
12.684,0.131,-9.310E-2
12.701,0.129,-9.339E-2
12.718,0.125,-9.386E-2
12.735,0.119,-9.455E-2
12.752,0.112,-9.500E-2
12.769,0.103,-9.553E-2
12.785,9.377E-2,-9.565E-2
12.802,8.456E-2,-9.562E-2
12.819,7.525E-2,-9.533E-2
12.836,6.704E-2,-9.462E-2
12.853,5.967E-2,-9.390E-2
12.870,5.417E-2,-9.325E-2
12.886,5.045E-2,-9.263E-2
12.903,4.919E-2,-9.240E-2
12.920,5.026E-2,-9.254E-2
12.937,5.380E-2,-9.303E-2
12.954,5.922E-2,-9.368E-2
12.971,6.652E-2,-9.458E-2
12.988,7.493E-2,-9.516E-2
13.004,8.431E-2,-9.536E-2
13.021,9.390E-2,-9.557E-2
13.038,0.104,-9.807E-2
13.055,0.113,-9.723E-2
13.072,0.120,-9.618E-2
13.089,0.126,-9.518E-2
13.105,0.130,-9.415E-2
13.122,0.132,-9.380E-2
13.139,0.132,-9.365E-2
13.156,0.130,-9.405E-2
13.173,0.127,-9.502E-2
13.190,0.121,-9.625E-2
13.207,0.114,-9.721E-2
13.223,0.105,-9.787E-2
13.240,9.551E-2,-9.839E-2
13.257,8.598E-2,-9.842E-2
13.274,7.659E-2,-9.812E-2
13.291,6.843E-2,-9.765E-2
13.308,6.148E-2,-9.701E-2
13.324,5.646E-2,-9.649E-2
13.341,5.314E-2,-9.603E-2
13.358,5.191E-2,-9.593E-2
13.375,5.288E-2,-9.605E-2
13.392,5.582E-2,-9.654E-2
13.409,6.088E-2,-9.703E-2
13.426,6.765E-2,-9.767E-2
13.442,7.564E-2,-9.808E-2
13.459,8.475E-2,-9.833E-2
13.476,9.430E-2,-9.829E-2
13.493,0.104,-9.783E-2
13.510,0.112,-9.712E-2
13.527,0.119,-9.608E-2
13.543,0.125,-9.516E-2
13.560,0.129,-9.427E-2
13.577,0.132,-9.391E-2
13.594,0.132,-9.381E-2
13.611,0.131,-9.422E-2
13.628,0.127,-9.492E-2
13.645,0.121,-9.587E-2
13.661,0.114,-9.699E-2
13.678,0.105,-9.770E-2
13.695,9.635E-2,-9.827E-2
13.712,8.695E-2,-9.832E-2
13.729,7.753E-2,-9.813E-2
13.746,6.877E-2,-9.763E-2
13.762,6.127E-2,-9.690E-2
13.779,5.630E-2,-9.665E-2
13.796,5.322E-2,-9.626E-2
13.813,5.191E-2,-9.599E-2
13.830,5.293E-2,-9.618E-2
13.847,5.599E-2,-9.658E-2
13.864,6.110E-2,-9.720E-2
13.880,6.791E-2,-9.785E-2
13.897,7.606E-2,-9.838E-2
13.914,8.521E-2,-9.852E-2
13.931,9.472E-2,-9.839E-2
13.948,0.104,-9.787E-2
13.965,0.113,-9.715E-2
13.981,0.120,-9.618E-2
13.998,0.126,-9.519E-2
14.015,0.130,-9.434E-2
14.032,0.132,-9.391E-2
14.049,0.132,-9.389E-2
14.066,0.131,-9.423E-2
14.082,0.127,-9.499E-2
14.099,0.121,-9.597E-2
14.116,0.114,-9.705E-2
14.133,0.105,-9.526E-2
14.150,9.538E-2,-9.548E-2
14.167,8.583E-2,-9.541E-2
14.184,7.652E-2,-9.523E-2
14.200,6.815E-2,-9.478E-2
14.217,6.078E-2,-9.404E-2
14.234,5.519E-2,-9.325E-2
14.251,5.164E-2,-9.277E-2
14.268,5.070E-2,-9.255E-2
14.285,5.149E-2,-9.272E-2
14.301,5.474E-2,-9.321E-2
14.318,6.007E-2,-9.379E-2
14.335,6.709E-2,-9.463E-2
14.352,7.548E-2,-9.526E-2
14.369,8.470E-2,-9.544E-2
14.386,9.419E-2,-9.545E-2
14.403,0.103,-9.509E-2
14.419,0.112,-9.444E-2
14.436,0.120,-9.457E-2
14.453,0.126,-9.474E-2
14.470,0.131,-9.461E-2
14.487,0.133,-9.420E-2
14.504,0.134,-9.444E-2
14.520,0.132,-9.475E-2
14.537,0.128,-9.542E-2
14.554,0.122,-9.623E-2
14.571,0.115,-9.712E-2
14.588,0.105,-9.504E-2
14.605,9.584E-2,-9.547E-2
14.622,8.642E-2,-9.552E-2
14.638,7.739E-2,-9.521E-2
14.655,6.908E-2,-9.477E-2
14.672,6.174E-2,-9.407E-2
14.689,5.598E-2,-9.342E-2
14.706,5.236E-2,-9.295E-2
14.723,5.113E-2,-9.274E-2
14.739,5.214E-2,-9.282E-2
14.756,5.533E-2,-9.327E-2
14.773,6.057E-2,-9.387E-2
14.790,6.770E-2,-9.457E-2
14.807,7.589E-2,-9.511E-2
14.824,8.500E-2,-9.533E-2
14.841,9.435E-2,-9.529E-2
14.857,0.104,-9.490E-2
14.874,0.112,-9.426E-2
14.891,0.119,-9.364E-2
14.908,0.125,-9.386E-2
14.925,0.130,-9.345E-2
14.942,0.132,-9.286E-2
14.958,0.133,-9.280E-2
14.975,0.131,-9.298E-2
14.992,0.127,-9.367E-2
15.009,0.122,-9.419E-2
15.026,0.115,-9.506E-2
15.043,0.106,-9.500E-2
15.060,9.651E-2,-9.545E-2
15.076,8.684E-2,-9.542E-2
15.093,7.770E-2,-9.525E-2
15.110,6.915E-2,-9.480E-2
15.127,6.173E-2,-9.414E-2
15.144,5.612E-2,-9.358E-2
15.161,5.252E-2,-9.315E-2
15.177,5.114E-2,-9.294E-2
15.194,5.203E-2,-9.308E-2
15.211,5.528E-2,-9.349E-2
15.228,6.044E-2,-9.406E-2
15.245,6.732E-2,-9.479E-2
15.262,7.537E-2,-9.528E-2
15.278,8.425E-2,-9.558E-2
15.295,9.345E-2,-9.564E-2
15.312,0.103,-9.523E-2
15.329,0.111,-9.488E-2
15.346,0.119,-9.496E-2
15.363,0.125,-9.444E-2
15.380,0.130,-9.459E-2
15.396,0.132,-9.462E-2
15.413,0.133,-9.459E-2
15.430,0.131,-9.488E-2
15.447,0.127,-9.539E-2
15.464,0.121,-9.632E-2
15.481,0.114,-9.709E-2
15.497,0.104,-9.533E-2
15.514,9.547E-2,-9.574E-2
15.531,8.621E-2,-9.571E-2
15.548,7.729E-2,-9.548E-2
15.565,6.905E-2,-9.503E-2
15.582,6.198E-2,-9.443E-2
15.599,5.640E-2,-9.374E-2
15.615,5.269E-2,-9.328E-2
15.632,5.124E-2,-9.307E-2
15.649,5.227E-2,-9.313E-2
15.666,5.535E-2,-9.359E-2
15.683,6.042E-2,-9.418E-2
15.700,6.724E-2,-9.484E-2
15.716,7.529E-2,-9.535E-2
15.733,8.407E-2,-9.571E-2
15.750,9.321E-2,-9.569E-2
15.767,0.102,-9.554E-2
15.784,0.111,-9.524E-2
15.801,0.118,-9.568E-2
15.818,0.124,-9.539E-2
15.834,0.128,-9.457E-2
15.851,0.130,-9.395E-2
15.868,0.131,-9.387E-2
15.885,0.129,-9.428E-2
15.902,0.125,-9.496E-2
15.919,0.120,-9.598E-2
15.935,0.113,-9.687E-2
15.952,0.105,-9.756E-2
15.969,9.599E-2,-9.824E-2
15.986,8.682E-2,-9.827E-2
16.003,7.795E-2,-9.816E-2
16.020,7.017E-2,-9.781E-2
16.037,6.353E-2,-9.746E-2
16.053,5.835E-2,-9.688E-2
16.070,5.514E-2,-9.644E-2
16.087,5.384E-2,-9.633E-2
16.104,5.466E-2,-9.644E-2
16.121,5.752E-2,-9.677E-2
16.138,6.198E-2,-9.736E-2
16.154,6.816E-2,-9.775E-2
16.171,7.595E-2,-9.828E-2
16.188,8.456E-2,-9.849E-2
16.205,9.351E-2,-9.850E-2
16.222,0.103,-9.809E-2
16.239,0.111,-9.744E-2
16.256,0.118,-9.645E-2
16.272,0.124,-9.552E-2
16.289,0.128,-9.464E-2
16.306,0.130,-9.405E-2
16.323,0.130,-9.406E-2
16.340,0.129,-9.439E-2
16.357,0.125,-9.520E-2
16.373,0.120,-9.623E-2
16.390,0.113,-9.704E-2
16.407,0.105,-9.794E-2
16.424,9.644E-2,-9.833E-2
16.441,8.738E-2,-9.854E-2
16.458,7.875E-2,-9.839E-2
16.474,7.083E-2,-9.791E-2
16.491,6.422E-2,-9.741E-2
16.508,5.928E-2,-9.685E-2
16.525,5.593E-2,-9.644E-2
16.542,5.455E-2,-9.624E-2
16.559,5.528E-2,-9.632E-2
16.576,5.801E-2,-9.666E-2
16.592,6.253E-2,-9.708E-2
16.609,6.862E-2,-9.744E-2
16.626,7.613E-2,-9.789E-2
16.643,8.475E-2,-9.842E-2
16.660,9.364E-2,-9.856E-2
16.677,0.103,-9.813E-2
16.693,0.111,-9.750E-2
16.710,0.118,-9.667E-2
16.727,0.124,-9.585E-2
16.744,0.129,-9.517E-2
16.761,0.131,-9.479E-2
16.778,0.131,-9.464E-2
16.795,0.130,-9.490E-2
16.811,0.126,-9.547E-2
16.828,0.121,-9.643E-2
16.845,0.114,-9.717E-2
16.862,0.106,-9.777E-2
16.879,9.708E-2,-9.821E-2
16.896,8.822E-2,-9.851E-2
16.912,7.959E-2,-9.831E-2
16.929,7.167E-2,-9.785E-2
16.946,6.506E-2,-9.729E-2
16.963,5.992E-2,-9.674E-2
16.980,5.663E-2,-9.635E-2
16.997,5.522E-2,-9.607E-2
17.014,5.586E-2,-9.618E-2
17.030,5.849E-2,-9.654E-2
17.047,6.285E-2,-9.701E-2
17.064,6.882E-2,-9.747E-2
17.081,7.625E-2,-9.798E-2
17.098,8.452E-2,-9.810E-2
17.115,9.336E-2,-9.809E-2
17.131,0.102,-9.804E-2
17.148,0.111,-9.747E-2
17.165,0.118,-9.666E-2
17.182,0.124,-9.584E-2
17.199,0.128,-9.501E-2
17.216,0.130,-9.444E-2
17.233,0.131,-9.438E-2
17.249,0.129,-9.481E-2
17.266,0.126,-9.565E-2
17.283,0.121,-9.624E-2
17.300,0.114,-9.703E-2
17.317,0.106,-9.766E-2
17.334,9.736E-2,-9.827E-2
17.350,8.851E-2,-9.827E-2
17.367,7.989E-2,-9.807E-2
17.384,7.203E-2,-9.765E-2
17.401,6.546E-2,-9.716E-2
17.418,6.036E-2,-9.665E-2
17.435,5.689E-2,-9.628E-2
17.452,5.542E-2,-9.602E-2
17.468,5.593E-2,-9.611E-2
17.485,5.846E-2,-9.641E-2
17.502,6.267E-2,-9.686E-2
17.519,6.861E-2,-9.742E-2
17.536,7.589E-2,-9.798E-2
17.553,8.414E-2,-9.810E-2
17.569,9.294E-2,-9.812E-2
17.586,0.102,-9.797E-2
17.603,0.110,-9.739E-2
17.620,0.117,-9.675E-2
17.637,0.123,-9.554E-2
17.654,0.128,-9.523E-2
17.670,0.129,-9.448E-2
17.687,0.130,-9.444E-2
17.704,0.129,-9.468E-2
17.721,0.125,-9.525E-2
17.738,0.121,-9.605E-2
17.755,0.114,-9.701E-2
17.772,0.106,-9.768E-2
17.788,9.763E-2,-9.826E-2
17.805,8.888E-2,-9.824E-2
17.822,8.023E-2,-9.811E-2
17.839,7.246E-2,-9.771E-2
17.856,6.592E-2,-9.717E-2
17.873,6.061E-2,-9.666E-2
17.889,5.718E-2,-9.631E-2
17.906,5.572E-2,-9.610E-2
17.923,5.614E-2,-9.613E-2
17.940,5.854E-2,-9.642E-2
17.957,6.266E-2,-9.687E-2
17.974,6.842E-2,-9.729E-2
17.991,7.547E-2,-9.776E-2
18.007,8.370E-2,-9.812E-2
18.024,9.237E-2,-9.806E-2
18.041,0.101,-9.788E-2
18.058,0.109,-9.725E-2
18.075,0.117,-9.659E-2
18.092,0.122,-9.574E-2
18.108,0.127,-9.497E-2
18.125,0.129,-9.465E-2
18.142,0.130,-9.456E-2
18.159,0.129,-9.482E-2
18.176,0.125,-9.535E-2
18.193,0.121,-9.627E-2
18.210,0.114,-9.699E-2
18.226,0.107,-9.785E-2
18.243,9.825E-2,-9.802E-2
18.260,8.943E-2,-9.805E-2
18.277,8.086E-2,-9.795E-2
18.294,7.304E-2,-9.746E-2
18.311,6.650E-2,-9.704E-2
18.327,6.124E-2,-9.644E-2
18.344,5.775E-2,-9.616E-2
18.361,5.609E-2,-9.600E-2
18.378,5.636E-2,-9.604E-2
18.395,5.855E-2,-9.625E-2
18.412,6.261E-2,-9.669E-2
18.429,6.833E-2,-9.728E-2
18.445,7.534E-2,-9.765E-2
18.462,8.329E-2,-9.776E-2
18.479,9.206E-2,-9.806E-2
18.496,0.101,-9.788E-2
18.513,0.109,-9.735E-2
18.530,0.116,-9.676E-2
18.546,0.122,-9.581E-2
18.563,0.126,-9.500E-2
18.580,0.129,-9.462E-2
18.597,0.129,-9.418E-2
18.614,0.128,-9.456E-2
18.631,0.125,-9.542E-2
18.648,0.121,-9.621E-2
18.664,0.115,-9.698E-2
18.681,0.107,-9.766E-2
18.698,9.862E-2,-9.812E-2
18.715,8.998E-2,-9.833E-2
18.732,8.165E-2,-9.826E-2
18.749,7.369E-2,-9.753E-2
18.765,6.693E-2,-9.695E-2
18.782,6.167E-2,-9.648E-2
18.799,5.816E-2,-9.629E-2
18.816,5.650E-2,-9.608E-2
18.833,5.668E-2,-9.608E-2
18.850,5.882E-2,-9.636E-2
18.866,6.265E-2,-9.668E-2
18.883,6.813E-2,-9.723E-2
18.900,7.489E-2,-9.757E-2
18.917,8.310E-2,-9.800E-2
18.934,9.152E-2,-9.805E-2
18.951,0.100,-9.785E-2
18.968,0.108,-9.736E-2
18.984,0.116,-9.680E-2
19.001,0.122,-9.610E-2
19.018,0.126,-9.535E-2
19.035,0.129,-9.479E-2
19.052,0.129,-9.465E-2
19.069,0.128,-9.489E-2
19.085,0.125,-9.528E-2
19.102,0.121,-9.598E-2
19.119,0.115,-9.694E-2
19.136,0.107,-9.753E-2
19.153,9.904E-2,-9.805E-2
19.170,9.047E-2,-9.833E-2
19.187,8.188E-2,-9.818E-2
19.203,7.412E-2,-9.793E-2
19.220,6.736E-2,-9.749E-2
19.237,6.222E-2,-9.702E-2
19.254,5.860E-2,-9.662E-2
19.271,5.672E-2,-9.644E-2
19.288,5.664E-2,-9.647E-2
19.304,5.854E-2,-9.680E-2
19.321,6.228E-2,-9.724E-2
19.338,6.757E-2,-9.765E-2
19.355,7.439E-2,-9.805E-2
19.372,8.215E-2,-9.843E-2
19.389,9.028E-2,-9.850E-2
19.406,9.881E-2,-9.825E-2
19.422,0.107,-9.770E-2
19.439,0.114,-9.690E-2
19.456,0.120,-9.599E-2
19.473,0.124,-9.530E-2
19.490,0.127,-9.477E-2
19.507,0.128,-9.455E-2
19.523,0.127,-9.476E-2
19.540,0.125,-9.535E-2
19.557,0.120,-9.622E-2
19.574,0.114,-9.691E-2
19.591,0.107,-9.769E-2
19.608,9.889E-2,-9.824E-2
19.625,9.053E-2,-9.847E-2
19.641,8.210E-2,-9.853E-2
19.658,7.458E-2,-9.826E-2
19.675,6.777E-2,-9.786E-2
19.692,6.243E-2,-9.748E-2
19.709,5.871E-2,-9.709E-2
19.726,5.681E-2,-9.681E-2
19.742,5.671E-2,-9.687E-2
19.759,5.851E-2,-9.710E-2
19.776,6.220E-2,-9.760E-2
19.793,6.753E-2,-9.804E-2
19.810,7.402E-2,-9.839E-2
19.827,8.170E-2,-9.869E-2
19.844,8.986E-2,-9.869E-2
19.860,9.827E-2,-9.841E-2
19.877,0.106,-9.785E-2
19.894,0.113,-9.702E-2
19.911,0.119,-9.623E-2
19.928,0.124,-9.548E-2
19.945,0.127,-9.484E-2
19.961,0.128,-9.461E-2
19.978,0.127,-9.472E-2
19.995,0.125,-9.543E-2
20.012,0.120,-9.610E-2
20.029,0.115,-9.700E-2
20.046,0.107,-9.784E-2
20.062,9.963E-2,-9.843E-2
20.079,9.130E-2,-9.869E-2
20.096,8.294E-2,-9.869E-2
20.113,7.538E-2,-9.846E-2
20.130,6.860E-2,-9.814E-2
20.147,6.313E-2,-9.752E-2
20.164,5.924E-2,-9.709E-2
20.180,5.715E-2,-9.689E-2
20.197,5.697E-2,-9.686E-2
20.214,5.870E-2,-9.707E-2
20.231,6.221E-2,-9.749E-2
20.248,6.735E-2,-9.797E-2
20.265,7.387E-2,-9.839E-2
20.281,8.135E-2,-9.862E-2
20.298,8.950E-2,-9.869E-2
20.315,9.779E-2,-9.846E-2
20.332,0.106,-9.789E-2
20.349,0.113,-9.729E-2
20.366,0.119,-9.645E-2
20.383,0.123,-9.549E-2
20.399,0.126,-9.485E-2
20.416,0.128,-9.461E-2
20.433,0.127,-9.472E-2
20.450,0.125,-9.538E-2
20.467,0.121,-9.617E-2
20.484,0.115,-9.689E-2
20.500,0.108,-9.763E-2
20.517,0.100,-9.829E-2
20.534,9.203E-2,-9.868E-2
20.551,8.368E-2,-9.869E-2
20.568,7.600E-2,-9.846E-2
20.585,6.920E-2,-9.805E-2
20.602,6.373E-2,-9.767E-2
20.618,5.984E-2,-9.720E-2
20.635,5.756E-2,-9.694E-2
20.652,5.722E-2,-9.685E-2
20.669,5.878E-2,-9.705E-2
20.686,6.204E-2,-9.743E-2
20.703,6.684E-2,-9.785E-2
20.719,7.315E-2,-9.830E-2
20.736,8.061E-2,-9.863E-2
20.753,8.878E-2,-9.866E-2
20.770,9.700E-2,-9.850E-2
20.787,0.105,-9.807E-2
20.804,0.112,-9.725E-2
20.821,0.118,-9.642E-2
20.837,0.123,-9.567E-2
20.854,0.126,-9.514E-2
20.871,0.127,-9.478E-2
20.888,0.127,-9.489E-2
20.905,0.124,-9.529E-2
20.922,0.121,-9.600E-2
20.938,0.115,-9.683E-2
20.955,0.108,-9.757E-2
20.972,0.101,-9.828E-2
20.989,9.236E-2,-9.856E-2
21.006,8.414E-2,-9.854E-2
21.023,7.655E-2,-9.845E-2
21.040,6.961E-2,-9.813E-2
21.056,6.412E-2,-9.755E-2
21.073,6.015E-2,-9.723E-2
21.090,5.788E-2,-9.708E-2
21.107,5.736E-2,-9.696E-2
21.124,5.868E-2,-9.711E-2
21.141,6.194E-2,-9.747E-2
21.157,6.680E-2,-9.789E-2
21.174,7.282E-2,-9.831E-2
21.191,8.017E-2,-9.871E-2
21.208,8.810E-2,-9.867E-2
21.225,9.602E-2,-9.836E-2
21.242,0.104,-9.807E-2
21.259,0.111,-9.741E-2
21.275,0.118,-9.656E-2
21.292,0.122,-9.584E-2
21.309,0.125,-9.517E-2
21.326,0.127,-9.477E-2
21.343,0.127,-9.489E-2
21.360,0.124,-9.526E-2
21.376,0.121,-9.600E-2
21.393,0.116,-9.704E-2
21.410,0.109,-9.767E-2
21.427,0.101,-9.815E-2
21.444,9.300E-2,-9.843E-2
21.461,8.481E-2,-9.853E-2
21.477,7.704E-2,-9.832E-2
21.494,7.038E-2,-9.808E-2
21.511,6.478E-2,-9.763E-2
21.528,6.073E-2,-9.732E-2
21.545,5.832E-2,-9.701E-2
21.562,5.757E-2,-9.693E-2
21.579,5.880E-2,-9.700E-2
21.595,6.176E-2,-9.749E-2
21.612,6.645E-2,-9.793E-2
21.629,7.239E-2,-9.833E-2
21.646,7.964E-2,-9.865E-2
21.663,8.734E-2,-9.879E-2
21.680,9.551E-2,-9.851E-2
21.696,0.103,-9.813E-2
21.713,0.111,-9.746E-2
21.730,0.117,-9.669E-2
21.747,0.122,-9.578E-2
21.764,0.125,-9.511E-2
21.781,0.126,-9.486E-2
21.798,0.126,-9.485E-2
21.814,0.124,-9.519E-2
21.831,0.121,-9.590E-2
21.848,0.116,-9.671E-2
21.865,0.109,-9.746E-2
21.882,0.102,-9.813E-2
21.899,9.416E-2,-9.850E-2
21.915,8.599E-2,-9.854E-2
21.932,7.833E-2,-9.849E-2
21.949,7.139E-2,-9.815E-2
21.966,6.596E-2,-9.777E-2
21.983,6.164E-2,-9.729E-2
22.000,5.904E-2,-9.698E-2
22.017,5.814E-2,-9.689E-2
22.033,5.893E-2,-9.702E-2
22.050,6.177E-2,-9.746E-2
22.067,6.624E-2,-9.785E-2
22.084,7.189E-2,-9.808E-2
22.101,7.889E-2,-9.846E-2
22.118,8.660E-2,-9.857E-2
22.134,9.470E-2,-9.854E-2
22.151,0.103,-9.809E-2
22.168,0.110,-9.754E-2
22.185,0.116,-9.669E-2
22.202,0.121,-9.589E-2
22.219,0.124,-9.518E-2
22.236,0.126,-9.492E-2
22.252,0.126,-9.490E-2
22.269,0.125,-9.521E-2
22.286,0.121,-9.585E-2
22.303,0.117,-9.664E-2
22.320,0.110,-9.755E-2
22.337,0.103,-9.806E-2
22.353,9.517E-2,-9.848E-2
22.370,8.703E-2,-9.855E-2
22.387,7.934E-2,-9.852E-2
22.404,7.238E-2,-9.826E-2
22.421,6.656E-2,-9.788E-2
22.438,6.225E-2,-9.743E-2
22.455,5.952E-2,-9.718E-2
22.471,5.850E-2,-9.706E-2
22.488,5.923E-2,-9.714E-2
22.505,6.185E-2,-9.744E-2
22.522,6.609E-2,-9.786E-2
22.539,7.182E-2,-9.828E-2
22.556,7.874E-2,-9.866E-2
22.572,8.625E-2,-9.869E-2
22.589,9.420E-2,-9.867E-2
22.606,0.102,-9.836E-2
22.623,0.109,-9.774E-2
22.640,0.116,-9.680E-2
22.657,0.121,-9.607E-2
22.673,0.124,-9.538E-2
22.690,0.126,-9.494E-2
22.707,0.126,-9.486E-2
22.724,0.125,-9.523E-2
22.741,0.122,-9.582E-2
22.758,0.117,-9.661E-2
22.775,0.111,-9.768E-2
22.791,0.104,-9.815E-2
22.808,9.609E-2,-9.859E-2
22.825,8.818E-2,-9.862E-2
22.842,8.039E-2,-9.865E-2
22.859,7.334E-2,-9.832E-2
22.876,6.738E-2,-9.783E-2
22.892,6.290E-2,-9.748E-2
22.909,5.997E-2,-9.715E-2
22.926,5.883E-2,-9.693E-2
22.943,5.943E-2,-9.700E-2
22.960,6.184E-2,-9.735E-2
22.977,6.588E-2,-9.773E-2
22.994,7.126E-2,-9.811E-2
23.010,7.796E-2,-9.845E-2
23.027,8.537E-2,-9.868E-2
23.044,9.329E-2,-9.867E-2
23.061,0.101,-9.835E-2
23.078,0.109,-9.781E-2
23.095,0.115,-9.704E-2
23.111,0.120,-9.621E-2
23.128,0.124,-9.553E-2
23.145,0.126,-9.519E-2
23.162,0.126,-9.516E-2
23.179,0.125,-9.527E-2
23.196,0.122,-9.586E-2
23.213,0.117,-9.653E-2
23.229,0.112,-9.750E-2
23.246,0.104,-9.799E-2
23.263,9.681E-2,-9.842E-2
23.280,8.894E-2,-9.872E-2
23.297,8.112E-2,-9.863E-2
23.314,7.406E-2,-9.838E-2
23.330,6.824E-2,-9.799E-2
23.347,6.347E-2,-9.754E-2
23.364,6.047E-2,-9.721E-2
23.381,5.902E-2,-9.712E-2
23.398,5.951E-2,-9.712E-2
23.415,6.171E-2,-9.734E-2
23.432,6.551E-2,-9.778E-2
23.448,7.085E-2,-9.820E-2
23.465,7.725E-2,-9.853E-2
23.482,8.455E-2,-9.868E-2
23.499,9.237E-2,-9.866E-2
23.516,0.100,-9.851E-2
23.533,0.108,-9.784E-2
23.549,0.114,-9.704E-2
23.566,0.119,-9.636E-2
23.583,0.123,-9.558E-2
23.600,0.125,-9.514E-2
23.617,0.126,-9.505E-2
23.634,0.124,-9.523E-2
23.651,0.122,-9.584E-2
23.667,0.118,-9.657E-2
23.684,0.112,-9.739E-2
23.701,0.105,-9.803E-2
23.718,9.747E-2,-9.847E-2
23.735,8.962E-2,-9.870E-2
23.752,8.208E-2,-9.869E-2
23.768,7.504E-2,-9.852E-2
23.785,6.892E-2,-9.811E-2
23.802,6.411E-2,-9.767E-2
23.819,6.090E-2,-9.735E-2
23.836,5.938E-2,-9.714E-2
23.853,5.954E-2,-9.713E-2
23.869,6.157E-2,-9.734E-2
23.886,6.517E-2,-9.764E-2
23.903,7.006E-2,-9.808E-2
23.920,7.667E-2,-9.852E-2
23.937,8.387E-2,-9.875E-2
23.954,9.154E-2,-9.863E-2
23.971,9.918E-2,-9.832E-2
23.987,0.107,-9.791E-2
24.004,0.113,-9.728E-2
24.021,0.118,-9.646E-2
24.038,0.122,-9.576E-2
24.055,0.125,-9.521E-2
24.072,0.125,-9.495E-2
24.088,0.124,-9.523E-2
24.105,0.122,-9.581E-2
24.122,0.118,-9.647E-2
24.139,0.112,-9.723E-2
24.156,0.106,-9.794E-2
24.173,9.845E-2,-9.832E-2
24.190,9.063E-2,-9.858E-2
24.206,8.296E-2,-9.851E-2
24.223,7.591E-2,-9.835E-2
24.240,6.979E-2,-9.800E-2
24.257,6.503E-2,-9.768E-2
24.274,6.158E-2,-9.734E-2
24.291,5.986E-2,-9.701E-2
24.307,5.980E-2,-9.707E-2
24.324,6.155E-2,-9.732E-2
24.341,6.501E-2,-9.769E-2
24.358,6.981E-2,-9.805E-2
24.375,7.607E-2,-9.848E-2
24.392,8.303E-2,-9.874E-2
24.409,9.064E-2,-9.870E-2
24.425,9.842E-2,-9.844E-2
24.442,0.106,-9.792E-2
24.459,0.113,-9.744E-2
24.476,0.118,-9.664E-2
24.493,0.122,-9.563E-2
24.510,0.124,-9.523E-2
24.526,0.125,-9.501E-2
24.543,0.124,-9.521E-2
24.560,0.122,-9.559E-2
24.577,0.118,-9.627E-2
24.594,0.113,-9.728E-2
24.611,0.107,-9.787E-2
24.628,9.929E-2,-9.828E-2
24.644,9.155E-2,-9.852E-2
24.661,8.395E-2,-9.851E-2
24.678,7.677E-2,-9.833E-2
24.695,7.056E-2,-9.808E-2
24.712,6.565E-2,-9.769E-2
24.729,6.209E-2,-9.738E-2
24.745,6.006E-2,-9.722E-2
24.762,5.986E-2,-9.719E-2
24.779,6.138E-2,-9.743E-2
24.796,6.452E-2,-9.768E-2
24.813,6.922E-2,-9.799E-2
24.830,7.508E-2,-9.845E-2
24.847,8.203E-2,-9.876E-2
24.863,8.965E-2,-9.884E-2
24.880,9.735E-2,-9.863E-2
24.897,0.105,-9.811E-2
24.914,0.111,-9.744E-2
24.931,0.117,-9.664E-2
