,mass A,,
t,x,y,
0.000,-1.831E-2,-0.105
0.017,-1.824E-2,-0.105
0.034,-1.817E-2,-0.105
0.051,-1.809E-2,-0.105
0.067,-1.821E-2,-0.105
0.084,-1.822E-2,-0.105
0.101,-1.830E-2,-0.105
0.118,-1.826E-2,-0.105
0.135,-1.813E-2,-0.105
0.152,-1.811E-2,-0.105
0.168,-1.824E-2,-0.105
0.185,-1.819E-2,-0.105
0.202,-1.814E-2,-0.105
0.219,-1.811E-2,-0.105
0.236,-1.818E-2,-0.105
0.253,-1.818E-2,-0.105
0.269,-1.814E-2,-0.105
0.286,-1.809E-2,-0.105
0.303,-1.800E-2,-0.105
0.320,-1.812E-2,-0.105
0.337,-1.816E-2,-0.105
0.354,-1.816E-2,-0.105
0.371,-1.813E-2,-0.105
0.387,-1.817E-2,-0.105
0.404,-1.829E-2,-0.105
0.421,-1.845E-2,-0.105
0.438,-1.850E-2,-0.105
0.455,-1.843E-2,-0.105
0.472,-1.839E-2,-0.105
0.488,-1.845E-2,-0.105
0.505,-1.857E-2,-0.105
0.522,-1.859E-2,-0.105
0.539,-1.855E-2,-0.105
0.556,-1.856E-2,-0.105
0.573,-1.863E-2,-0.105
0.589,-1.873E-2,-0.105
0.606,-1.868E-2,-0.105
0.623,-1.855E-2,-0.105
0.640,-1.837E-2,-0.105
0.657,-1.834E-2,-0.105
0.674,-1.833E-2,-0.105
0.691,-1.827E-2,-0.105
0.707,-1.819E-2,-0.105
0.724,-1.815E-2,-0.105
0.741,-1.823E-2,-0.105
0.758,-1.831E-2,-0.105
0.775,-1.836E-2,-0.105
0.792,-1.833E-2,-0.105
0.808,-1.827E-2,-0.105
0.825,-1.826E-2,-0.105
0.842,-1.821E-2,-0.105
0.859,-1.811E-2,-0.105
0.876,-1.798E-2,-0.105
0.893,-1.791E-2,-0.105
0.909,-1.789E-2,-0.105
0.926,-1.791E-2,-0.105
0.943,-1.791E-2,-0.105
0.960,-1.788E-2,-0.105
0.977,-1.790E-2,-0.105
0.994,-1.798E-2,-0.105
1.011,-1.812E-2,-0.105
1.027,-1.819E-2,-0.105
1.044,-1.818E-2,-0.105
1.061,-1.811E-2,-0.105
1.078,-1.810E-2,-0.105
1.095,-1.806E-2,-0.105
1.112,-1.801E-2,-0.105
1.128,-1.790E-2,-0.105
1.145,-1.785E-2,-0.105
1.162,-1.787E-2,-0.105
1.179,-1.793E-2,-0.105
1.196,-1.798E-2,-0.105
1.213,-1.805E-2,-0.105
1.229,-1.813E-2,-0.105
1.246,-1.819E-2,-0.105
1.263,-1.824E-2,-0.105
1.280,-1.829E-2,-0.105
1.297,-1.821E-2,-0.105
1.314,-1.810E-2,-0.105
1.331,-1.801E-2,-0.105
1.347,-1.797E-2,-0.105
1.364,-1.796E-2,-0.105
1.381,-1.795E-2,-0.105
1.398,-1.795E-2,-0.105
1.415,-1.799E-2,-0.105
1.432,-1.804E-2,-0.105
1.448,-1.812E-2,-0.105
1.465,-1.813E-2,-0.105
1.482,-1.812E-2,-0.105
1.499,-1.808E-2,-0.105
1.516,-1.806E-2,-0.105
1.533,-1.807E-2,-0.105
1.549,-1.805E-2,-0.105
1.566,-1.806E-2,-0.105
1.583,-1.809E-2,-0.105
1.600,-1.815E-2,-0.105
1.617,-1.817E-2,-0.105
1.634,-1.817E-2,-0.105
1.651,-1.814E-2,-0.105
1.667,-1.811E-2,-0.105
1.684,-1.806E-2,-0.105
1.701,-1.800E-2,-0.105
1.718,-1.795E-2,-0.105
1.735,-1.792E-2,-0.105
1.752,-1.791E-2,-0.105
1.768,-1.794E-2,-0.105
1.785,-1.797E-2,-0.105
1.802,-1.798E-2,-0.105
1.819,-1.809E-2,-0.105
1.836,-1.817E-2,-0.105
1.853,-1.821E-2,-0.104
1.869,-1.824E-2,-0.105
1.886,-1.829E-2,-0.105
1.903,-1.832E-2,-0.105
1.920,-1.828E-2,-0.105
1.937,-1.821E-2,-0.105
1.954,-1.810E-2,-0.105
1.971,-1.797E-2,-0.105
1.987,-1.785E-2,-0.105
2.004,-1.776E-2,-0.105
2.021,-1.772E-2,-0.105
2.038,-1.772E-2,-0.105
2.055,-1.778E-2,-0.105
2.072,-1.789E-2,-0.105
2.088,-1.805E-2,-0.105
2.105,-1.819E-2,-0.105
2.122,-1.830E-2,-0.105
2.139,-1.840E-2,-0.105
2.156,-1.845E-2,-0.105
2.173,-1.850E-2,-0.105
2.189,-1.844E-2,-0.105
2.206,-1.834E-2,-0.105
2.223,-1.828E-2,-0.105
2.240,-1.820E-2,-0.105
2.257,-1.818E-2,-0.105
2.274,-1.821E-2,-0.105
2.291,-1.830E-2,-0.105
2.307,-1.840E-2,-0.105
2.324,-1.849E-2,-0.105
2.341,-1.855E-2,-0.105
2.358,-1.854E-2,-0.105
2.375,-1.848E-2,-0.105
2.392,-1.839E-2,-0.105
2.408,-1.833E-2,-0.105
2.425,-1.825E-2,-0.105
2.442,-1.826E-2,-0.105
2.459,-1.828E-2,-0.105
2.476,-1.836E-2,-0.105
2.493,-1.843E-2,-0.105
2.509,-1.854E-2,-0.105
2.526,-1.858E-2,-0.105
2.543,-1.860E-2,-0.105
2.560,-1.858E-2,-0.105
2.577,-1.857E-2,-0.105
2.594,-1.852E-2,-0.105
2.611,-1.848E-2,-0.105
2.627,-1.844E-2,-0.105
2.644,-1.841E-2,-0.105
2.661,-1.839E-2,-0.105
2.678,-1.841E-2,-0.105
2.695,-1.846E-2,-0.105
2.712,-1.856E-2,-0.105
2.728,-1.859E-2,-0.105
2.745,-1.864E-2,-0.105
2.762,-1.871E-2,-0.105
2.779,-1.873E-2,-0.105
2.796,-1.868E-2,-0.105
2.813,-1.864E-2,-0.105
2.829,-1.857E-2,-0.105
2.846,-1.852E-2,-0.105
2.863,-1.847E-2,-0.105
2.880,-1.846E-2,-0.105
2.897,-1.850E-2,-0.105
2.914,-1.852E-2,-0.105
2.931,-1.858E-2,-0.105
2.947,-1.861E-2,-0.105
2.964,-1.865E-2,-0.105
2.981,-1.867E-2,-0.105
2.998,-1.868E-2,-0.105
3.015,-1.869E-2,-0.105
3.032,-1.864E-2,-0.105
3.048,-1.861E-2,-0.105
3.065,-1.859E-2,-0.105
3.082,-1.857E-2,-0.105
3.099,-1.856E-2,-0.105
3.116,-1.853E-2,-0.105
3.133,-1.851E-2,-0.105
3.149,-1.848E-2,-0.105
3.166,-1.842E-2,-0.105
3.183,-1.835E-2,-0.105
3.200,-1.824E-2,-0.105
3.217,-1.816E-2,-0.105
3.234,-1.804E-2,-0.105
3.251,-1.793E-2,-0.105
3.267,-1.785E-2,-0.105
3.284,-1.780E-2,-0.105
3.301,-1.778E-2,-0.105
3.318,-1.781E-2,-0.105
3.335,-1.800E-2,-0.105
3.352,-1.816E-2,-0.105
3.368,-1.832E-2,-0.105
3.385,-1.848E-2,-0.105
3.402,-1.853E-2,-0.105
3.419,-1.852E-2,-0.105
3.436,-1.838E-2,-0.105
3.453,-1.826E-2,-0.105
3.469,-1.813E-2,-0.105
3.486,-1.800E-2,-0.105
3.503,-1.793E-2,-0.105
3.520,-1.792E-2,-0.105
3.537,-1.791E-2,-0.105
3.554,-1.786E-2,-0.105
3.571,-1.789E-2,-0.105
3.587,-1.788E-2,-0.105
3.604,-1.786E-2,-0.105
3.621,-1.784E-2,-0.105
3.638,-1.780E-2,-0.105
3.655,-1.772E-2,-0.105
3.672,-1.759E-2,-0.105
3.688,-1.746E-2,-0.105
3.705,-1.737E-2,-0.105
3.722,-1.736E-2,-0.105
3.739,-1.741E-2,-0.105
3.756,-1.754E-2,-0.105
3.773,-1.769E-2,-0.105
3.789,-1.779E-2,-0.105
3.806,-1.783E-2,-0.105
3.823,-1.790E-2,-0.105
3.840,-1.790E-2,-0.105
3.857,-1.786E-2,-0.105
3.874,-1.780E-2,-0.105
3.891,-1.774E-2,-0.105
3.907,-1.770E-2,-0.105
3.924,-1.771E-2,-0.105
3.941,-1.772E-2,-0.105
3.958,-1.776E-2,-0.105
3.975,-1.780E-2,-0.105
3.992,-1.786E-2,-0.105
4.008,-1.797E-2,-0.105
4.025,-1.812E-2,-0.105
4.042,-1.818E-2,-0.105
4.059,-1.814E-2,-0.105
4.076,-1.780E-2,-0.105
4.093,-1.711E-2,-0.105
4.109,-1.569E-2,-0.105
4.126,-1.354E-2,-0.105
4.143,-1.049E-2,-0.105
4.160,-6.171E-3,-0.106
4.177,-5.512E-4,-0.106
4.194,5.049E-3,-0.106
4.211,1.037E-2,-0.105
4.227,1.493E-2,-0.105
4.244,1.811E-2,-0.105
4.261,1.927E-2,-0.104
4.278,1.828E-2,-0.105
4.295,1.523E-2,-0.105
4.312,1.077E-2,-0.105
4.328,5.517E-3,-0.106
4.345,-3.812E-4,-0.106
4.362,-5.533E-3,-0.106
4.379,-9.819E-3,-0.105
4.396,-1.259E-2,-0.105
4.413,-1.357E-2,-0.105
4.429,-1.242E-2,-0.105
4.446,-9.594E-3,-0.105
4.463,-5.245E-3,-0.106
4.480,-5.953E-5,-0.106
4.497,5.713E-3,-0.106
4.514,1.091E-2,-0.105
4.531,1.526E-2,-0.105
4.547,1.820E-2,-0.105
4.564,1.890E-2,-0.105
4.581,1.778E-2,-0.105
4.598,1.459E-2,-0.105
4.615,9.886E-3,-0.105
4.632,4.531E-3,-0.106
4.648,-1.253E-3,-0.106
4.665,-6.235E-3,-0.106
4.682,-1.030E-2,-0.105
4.699,-1.268E-2,-0.105
4.716,-1.334E-2,-0.105
4.733,-1.210E-2,-0.105
4.749,-9.089E-3,-0.106
4.766,-4.566E-3,-0.106
4.783,7.831E-4,-0.106
4.800,6.458E-3,-0.106
4.817,1.172E-2,-0.105
4.834,1.563E-2,-0.105
4.851,1.824E-2,-0.105
4.867,1.873E-2,-0.105
4.884,1.717E-2,-0.105
4.901,1.393E-2,-0.105
4.918,9.238E-3,-0.105
4.935,3.855E-3,-0.106
4.952,-1.958E-3,-0.106
4.968,-6.752E-3,-0.106
4.985,-1.055E-2,-0.105
5.002,-1.268E-2,-0.105
5.019,-1.306E-2,-0.105
5.036,-1.159E-2,-0.105
5.053,-8.374E-3,-0.106
5.069,-3.870E-3,-0.106
5.086,1.532E-3,-0.106
5.103,7.112E-3,-0.106
5.120,1.218E-2,-0.105
5.137,1.586E-2,-0.105
5.154,1.827E-2,-0.105
5.171,1.848E-2,-0.105
5.187,1.673E-2,-0.105
5.204,1.310E-2,-0.105
5.221,8.282E-3,-0.106
5.238,2.894E-3,-0.106
5.255,-2.508E-3,-0.106
5.272,-7.237E-3,-0.106
5.288,-1.076E-2,-0.105
5.305,-1.263E-2,-0.105
5.322,-1.273E-2,-0.105
5.339,-1.104E-2,-0.105
5.356,-7.632E-3,-0.106
5.373,-3.027E-3,-0.106
5.389,2.381E-3,-0.106
5.406,7.784E-3,-0.106
5.423,1.270E-2,-0.105
5.440,1.637E-2,-0.105
5.457,1.826E-2,-0.105
5.474,1.824E-2,-0.105
5.491,1.613E-2,-0.105
5.507,1.236E-2,-0.105
5.524,7.743E-3,-0.106
5.541,2.294E-3,-0.106
5.558,-3.014E-3,-0.106
5.575,-7.602E-3,-0.106
5.592,-1.095E-2,-0.105
5.608,-1.258E-2,-0.105
5.625,-1.249E-2,-0.105
5.642,-1.055E-2,-0.105
5.659,-6.833E-3,-0.106
5.676,-2.259E-3,-0.106
5.693,3.107E-3,-0.106
5.709,8.378E-3,-0.105
5.726,1.320E-2,-0.105
5.743,1.664E-2,-0.105
5.760,1.828E-2,-0.105
5.777,1.802E-2,-0.105
5.794,1.572E-2,-0.105
5.811,1.206E-2,-0.105
5.827,6.994E-3,-0.106
5.844,1.635E-3,-0.106
5.861,-3.600E-3,-0.106
5.878,-7.977E-3,-0.106
5.895,-1.108E-2,-0.105
5.912,-1.247E-2,-0.105
5.928,-1.216E-2,-0.105
5.945,-9.818E-3,-0.105
5.962,-6.150E-3,-0.106
5.979,-1.474E-3,-0.106
5.996,3.798E-3,-0.106
6.013,9.232E-3,-0.105
6.029,1.353E-2,-0.105
6.046,1.679E-2,-0.105
6.063,1.814E-2,-0.105
6.080,1.767E-2,-0.105
6.097,1.512E-2,-0.105
6.114,1.110E-2,-0.105
6.131,6.280E-3,-0.106
6.147,8.967E-4,-0.106
6.164,-4.274E-3,-0.106
6.181,-8.416E-3,-0.106
6.198,-1.126E-2,-0.105
6.215,-1.250E-2,-0.105
6.232,-1.184E-2,-0.105
6.248,-9.558E-3,-0.105
6.265,-5.795E-3,-0.106
6.282,-8.060E-4,-0.106
6.299,4.386E-3,-0.106
6.316,9.685E-3,-0.105
6.333,1.379E-2,-0.105
6.349,1.688E-2,-0.105
6.366,1.788E-2,-0.105
6.383,1.723E-2,-0.105
6.400,1.471E-2,-0.105
6.417,1.055E-2,-0.105
6.434,5.800E-3,-0.106
6.451,3.831E-4,-0.106
6.467,-4.664E-3,-0.106
6.484,-8.668E-3,-0.106
6.501,-1.127E-2,-0.105
6.518,-1.230E-2,-0.105
6.535,-1.142E-2,-0.105
6.552,-8.965E-3,-0.106
6.568,-5.149E-3,-0.106
6.585,-1.929E-4,-0.106
6.602,4.911E-3,-0.106
6.619,1.015E-2,-0.105
6.636,1.403E-2,-0.105
6.653,1.690E-2,-0.105
6.669,1.772E-2,-0.105
6.686,1.684E-2,-0.105
6.703,1.397E-2,-0.105
6.720,9.965E-3,-0.105
6.737,4.831E-3,-0.106
6.754,-2.810E-4,-0.106
6.771,-5.163E-3,-0.106
6.787,-8.953E-3,-0.106
6.804,-1.130E-2,-0.105
6.821,-1.212E-2,-0.105
6.838,-1.104E-2,-0.105
6.855,-8.409E-3,-0.106
6.872,-4.508E-3,-0.106
6.888,4.290E-4,-0.106
6.905,5.445E-3,-0.106
6.922,1.048E-2,-0.105
6.939,1.452E-2,-0.105
6.956,1.693E-2,-0.105
6.973,1.755E-2,-0.105
6.989,1.650E-2,-0.105
7.006,1.345E-2,-0.105
7.023,9.467E-3,-0.105
7.040,4.229E-3,-0.106
7.057,-7.948E-4,-0.106
7.074,-5.548E-3,-0.106
7.091,-9.190E-3,-0.106
7.107,-1.133E-2,-0.105
7.124,-1.192E-2,-0.105
7.141,-1.064E-2,-0.105
7.158,-7.935E-3,-0.106
7.175,-3.874E-3,-0.106
7.192,1.080E-3,-0.106
7.208,6.261E-3,-0.106
7.225,1.089E-2,-0.105
7.242,1.469E-2,-0.105
7.259,1.693E-2,-0.105
7.276,1.737E-2,-0.105
7.293,1.600E-2,-0.105
7.309,1.308E-2,-0.105
7.326,8.688E-3,-0.106
7.343,3.803E-3,-0.106
7.360,-1.178E-3,-0.106
7.377,-5.860E-3,-0.106
7.394,-9.311E-3,-0.106
7.411,-1.128E-2,-0.105
7.427,-1.167E-2,-0.105
7.444,-1.023E-2,-0.105
7.461,-7.407E-3,-0.106
7.478,-3.326E-3,-0.106
7.495,1.590E-3,-0.106
7.512,6.670E-3,-0.106
7.528,1.113E-2,-0.105
7.545,1.483E-2,-0.105
7.562,1.691E-2,-0.105
7.579,1.719E-2,-0.105
7.596,1.561E-2,-0.105
7.613,1.262E-2,-0.105
7.629,8.203E-3,-0.105
7.646,3.240E-3,-0.106
7.663,-1.709E-3,-0.106
7.680,-5.967E-3,-0.106
7.697,-9.255E-3,-0.105
7.714,-1.123E-2,-0.105
7.731,-1.143E-2,-0.105
7.747,-9.844E-3,-0.105
7.764,-6.903E-3,-0.106
7.781,-2.785E-3,-0.106
7.798,2.133E-3,-0.106
7.815,7.146E-3,-0.106
7.832,1.150E-2,-0.105
7.848,1.501E-2,-0.105
7.865,1.687E-2,-0.105
7.882,1.698E-2,-0.105
7.899,1.527E-2,-0.105
7.916,1.217E-2,-0.105
7.933,7.678E-3,-0.106
7.949,2.761E-3,-0.106
7.966,-2.077E-3,-0.106
7.983,-6.217E-3,-0.106
8.000,-9.375E-3,-0.105
8.017,-1.114E-2,-0.105
8.034,-1.117E-2,-0.105
8.051,-9.419E-3,-0.105
8.067,-6.307E-3,-0.106
8.084,-2.163E-3,-0.106
8.101,2.663E-3,-0.106
8.118,7.550E-3,-0.106
8.135,1.198E-2,-0.105
8.152,1.513E-2,-0.105
8.168,1.680E-2,-0.105
8.185,1.677E-2,-0.105
8.202,1.495E-2,-0.105
8.219,1.176E-2,-0.105
8.236,7.182E-3,-0.106
8.253,2.304E-3,-0.106
8.269,-2.479E-3,-0.106
8.286,-6.477E-3,-0.106
8.303,-9.455E-3,-0.105
8.320,-1.106E-2,-0.105
8.337,-1.093E-2,-0.105
8.354,-9.045E-3,-0.105
8.371,-5.890E-3,-0.106
8.387,-1.706E-3,-0.106
8.404,3.362E-3,-0.106
8.421,8.133E-3,-0.105
8.438,1.214E-2,-0.105
8.455,1.517E-2,-0.105
8.472,1.667E-2,-0.105
8.488,1.648E-2,-0.105
8.505,1.459E-2,-0.105
8.522,1.131E-2,-0.105
8.539,6.760E-3,-0.106
8.556,1.885E-3,-0.106
8.573,-2.859E-3,-0.106
8.590,-6.748E-3,-0.106
8.606,-9.524E-3,-0.105
8.623,-1.095E-2,-0.105
8.640,-1.064E-2,-0.105
8.657,-8.827E-3,-0.106
8.674,-5.453E-3,-0.106
8.691,-1.236E-3,-0.106
8.707,3.444E-3,-0.106
8.724,8.145E-3,-0.105
8.741,1.235E-2,-0.105
8.758,1.519E-2,-0.105
8.775,1.660E-2,-0.105
8.792,1.628E-2,-0.105
8.808,1.426E-2,-0.105
8.825,1.070E-2,-0.105
8.842,6.388E-3,-0.106
8.859,1.555E-3,-0.106
8.876,-3.051E-3,-0.106
8.893,-6.904E-3,-0.106
8.910,-9.511E-3,-0.105
8.926,-1.082E-2,-0.105
8.943,-1.036E-2,-0.105
8.960,-8.439E-3,-0.106
8.977,-5.151E-3,-0.106
8.994,-7.558E-4,-0.106
9.011,3.849E-3,-0.106
9.027,8.468E-3,-0.106
9.044,1.257E-2,-0.105
9.061,1.523E-2,-0.105
9.078,1.647E-2,-0.105
9.095,1.588E-2,-0.105
9.112,1.371E-2,-0.105
9.128,1.027E-2,-0.105
9.145,6.019E-3,-0.106
9.162,1.172E-3,-0.106
9.179,-3.386E-3,-0.106
9.196,-7.017E-3,-0.106
9.213,-9.535E-3,-0.105
9.230,-1.067E-2,-0.105
9.246,-1.011E-2,-0.105
9.263,-8.045E-3,-0.106
9.280,-4.762E-3,-0.106
9.297,-3.327E-4,-0.106
9.314,4.218E-3,-0.106
9.331,8.710E-3,-0.106
9.347,1.268E-2,-0.105
9.364,1.524E-2,-0.105
9.381,1.634E-2,-0.105
9.398,1.563E-2,-0.105
9.415,1.341E-2,-0.105
9.432,9.910E-3,-0.105
9.448,5.663E-3,-0.106
9.465,8.531E-4,-0.106
9.482,-3.605E-3,-0.106
9.499,-7.195E-3,-0.106
9.516,-9.703E-3,-0.105
9.533,-1.052E-2,-0.105
9.550,-9.810E-3,-0.105
9.566,-7.709E-3,-0.106
9.583,-4.375E-3,-0.106
9.600,4.173E-5,-0.106
9.617,4.511E-3,-0.106
9.634,8.887E-3,-0.106
9.651,1.274E-2,-0.105
9.667,1.520E-2,-0.105
9.684,1.608E-2,-0.105
9.701,1.542E-2,-0.105
9.718,1.311E-2,-0.105
9.735,9.665E-3,-0.105
9.752,5.346E-3,-0.106
9.768,6.042E-4,-0.106
9.785,-3.814E-3,-0.106
9.802,-7.239E-3,-0.106
9.819,-9.488E-3,-0.105
9.836,-1.039E-2,-0.105
9.853,-9.562E-3,-0.105
9.870,-7.413E-3,-0.106
9.886,-4.014E-3,-0.106
9.903,2.912E-4,-0.106
9.920,4.746E-3,-0.106
9.937,9.338E-3,-0.105
9.954,1.282E-2,-0.105
9.971,1.520E-2,-0.105
9.987,1.592E-2,-0.105
10.004,1.515E-2,-0.105
10.021,1.279E-2,-0.105
10.038,9.288E-3,-0.105
10.055,4.995E-3,-0.106
10.072,2.675E-4,-0.106
10.088,-4.072E-3,-0.106
10.105,-7.334E-3,-0.106
10.122,-9.435E-3,-0.105
10.139,-1.020E-2,-0.105
10.156,-9.303E-3,-0.105
10.173,-7.033E-3,-0.106
10.190,-3.662E-3,-0.106
10.206,6.604E-4,-0.106
10.223,5.301E-3,-0.106
10.240,9.493E-3,-0.105
10.257,1.290E-2,-0.105
10.274,1.516E-2,-0.105
10.291,1.576E-2,-0.105
10.307,1.490E-2,-0.105
10.324,1.244E-2,-0.105
10.341,8.938E-3,-0.105
10.358,4.556E-3,-0.106
10.375,-2.453E-5,-0.106
10.392,-4.277E-3,-0.106
10.408,-7.431E-3,-0.106
10.425,-9.427E-3,-0.105
10.442,-1.009E-2,-0.105
10.459,-9.063E-3,-0.105
10.476,-6.749E-3,-0.106
10.493,-3.375E-3,-0.106
10.510,8.808E-4,-0.106
10.526,5.451E-3,-0.106
10.543,9.578E-3,-0.105
10.560,1.293E-2,-0.105
10.577,1.506E-2,-0.105
10.594,1.560E-2,-0.105
10.611,1.467E-2,-0.105
10.627,1.223E-2,-0.105
10.644,8.693E-3,-0.105
10.661,4.301E-3,-0.106
10.678,-2.705E-4,-0.106
10.695,-4.173E-3,-0.106
10.712,-7.463E-3,-0.106
10.728,-9.341E-3,-0.105
10.745,-9.869E-3,-0.105
10.762,-8.758E-3,-0.105
10.779,-6.407E-3,-0.106
10.796,-3.029E-3,-0.106
10.813,1.185E-3,-0.106
10.830,5.725E-3,-0.106
10.846,9.828E-3,-0.105
10.863,1.301E-2,-0.105
10.880,1.506E-2,-0.105
10.897,1.552E-2,-0.105
10.914,1.433E-2,-0.105
10.931,1.177E-2,-0.105
10.947,8.120E-3,-0.106
10.964,3.790E-3,-0.106
10.981,-4.633E-4,-0.106
10.998,-4.487E-3,-0.106
11.015,-7.428E-3,-0.106
11.032,-9.360E-3,-0.106
11.048,-9.773E-3,-0.106
11.065,-8.644E-3,-0.106
11.082,-6.283E-3,-0.106
11.099,-2.671E-3,-0.106
11.116,1.522E-3,-0.106
11.133,5.954E-3,-0.106
11.150,1.004E-2,-0.105
11.166,1.318E-2,-0.105
11.183,1.506E-2,-0.105
11.200,1.541E-2,-0.105
11.217,1.431E-2,-0.105
11.234,1.173E-2,-0.105
11.251,8.123E-3,-0.105
11.267,3.801E-3,-0.106
11.284,-6.191E-4,-0.106
11.301,-4.356E-3,-0.106
11.318,-7.429E-3,-0.106
11.335,-9.162E-3,-0.105
11.352,-9.523E-3,-0.105
11.368,-8.264E-3,-0.105
11.385,-5.871E-3,-0.106
11.402,-2.239E-3,-0.106
11.419,1.975E-3,-0.106
11.436,6.143E-3,-0.106
11.453,1.010E-2,-0.105
11.470,1.309E-2,-0.105
11.486,1.489E-2,-0.105
11.503,1.514E-2,-0.105
11.520,1.395E-2,-0.105
11.537,1.137E-2,-0.105
11.554,7.547E-3,-0.105
11.571,3.389E-3,-0.106
11.587,-8.228E-4,-0.106
11.604,-4.660E-3,-0.106
11.621,-7.447E-3,-0.106
11.638,-9.058E-3,-0.105
11.655,-9.325E-3,-0.105
11.672,-8.144E-3,-0.105
11.688,-5.533E-3,-0.106
11.705,-2.075E-3,-0.106
11.722,2.080E-3,-0.106
11.739,6.370E-3,-0.106
11.756,1.018E-2,-0.105
11.773,1.311E-2,-0.105
11.790,1.482E-2,-0.105
11.806,1.506E-2,-0.105
11.823,1.372E-2,-0.105
11.840,1.109E-2,-0.105
11.857,7.468E-3,-0.106
11.874,3.259E-3,-0.106
11.891,-9.158E-4,-0.106
11.907,-4.729E-3,-0.106
11.924,-7.403E-3,-0.106
11.941,-9.043E-3,-0.106
11.958,-9.243E-3,-0.106
11.975,-7.932E-3,-0.106
11.992,-5.493E-3,-0.106
12.008,-1.888E-3,-0.106
12.025,2.194E-3,-0.106
12.042,6.437E-3,-0.106
12.059,1.021E-2,-0.105
12.076,1.308E-2,-0.105
12.093,1.473E-2,-0.105
12.110,1.486E-2,-0.105
12.126,1.350E-2,-0.105
12.143,1.077E-2,-0.105
12.160,7.216E-3,-0.106
12.177,3.018E-3,-0.106
12.194,-1.025E-3,-0.106
12.211,-4.742E-3,-0.106
12.227,-7.383E-3,-0.106
12.244,-8.958E-3,-0.106
12.261,-9.109E-3,-0.106
12.278,-7.727E-3,-0.106
12.295,-5.288E-3,-0.106
12.312,-1.687E-3,-0.106
12.328,2.353E-3,-0.106
12.345,6.609E-3,-0.106
12.362,1.030E-2,-0.105
12.379,1.307E-2,-0.105
12.396,1.461E-2,-0.105
12.413,1.470E-2,-0.105
12.430,1.331E-2,-0.105
12.446,1.062E-2,-0.105
12.463,7.004E-3,-0.106
12.480,2.929E-3,-0.106
12.497,-1.090E-3,-0.106
12.514,-4.733E-3,-0.106
12.531,-7.307E-3,-0.106
12.547,-8.829E-3,-0.106
12.564,-8.904E-3,-0.106
12.581,-7.496E-3,-0.106
12.598,-5.031E-3,-0.106
12.615,-1.403E-3,-0.106
12.632,2.586E-3,-0.106
12.648,6.728E-3,-0.106
12.665,1.032E-2,-0.105
12.682,1.299E-2,-0.105
12.699,1.450E-2,-0.105
12.716,1.454E-2,-0.105
12.733,1.310E-2,-0.105
12.750,1.045E-2,-0.105
12.766,6.872E-3,-0.106
12.783,2.718E-3,-0.106
12.800,-1.259E-3,-0.106
12.817,-4.643E-3,-0.106
12.834,-7.311E-3,-0.105
12.851,-8.747E-3,-0.105
12.867,-8.725E-3,-0.105
12.884,-7.268E-3,-0.106
12.901,-4.620E-3,-0.106
12.918,-1.305E-3,-0.106
12.935,2.684E-3,-0.106
12.952,6.752E-3,-0.106
12.968,1.028E-2,-0.105
12.985,1.293E-2,-0.105
13.002,1.439E-2,-0.105
13.019,1.443E-2,-0.105
13.036,1.300E-2,-0.105
13.053,1.028E-2,-0.105
13.070,6.688E-3,-0.106
13.086,2.625E-3,-0.106
13.103,-1.317E-3,-0.106
13.120,-4.607E-3,-0.106
13.137,-7.222E-3,-0.106
13.154,-8.648E-3,-0.106
13.171,-8.626E-3,-0.106
13.187,-7.181E-3,-0.106
13.204,-4.526E-3,-0.106
13.221,-1.250E-3,-0.106
13.238,2.676E-3,-0.106
13.255,6.769E-3,-0.106
13.272,1.024E-2,-0.105
13.288,1.288E-2,-0.105
13.305,1.428E-2,-0.105
13.322,1.423E-2,-0.105
13.339,1.275E-2,-0.105
13.356,1.004E-2,-0.105
13.373,6.502E-3,-0.106
13.390,2.502E-3,-0.106
13.406,-1.403E-3,-0.106
13.423,-4.817E-3,-0.106
13.440,-7.200E-3,-0.106
13.457,-8.553E-3,-0.105
13.474,-8.457E-3,-0.106
13.491,-7.009E-3,-0.106
13.507,-4.562E-3,-0.106
13.524,-1.083E-3,-0.106
13.541,2.838E-3,-0.106
13.558,6.827E-3,-0.106
13.575,1.026E-2,-0.105
13.592,1.281E-2,-0.105
13.608,1.415E-2,-0.105
13.625,1.407E-2,-0.105
13.642,1.261E-2,-0.105
13.659,1.000E-2,-0.105
13.676,6.514E-3,-0.106
13.693,2.514E-3,-0.106
13.710,-1.297E-3,-0.106
13.726,-4.521E-3,-0.106
13.743,-7.033E-3,-0.106
13.760,-8.338E-3,-0.105
13.777,-8.233E-3,-0.106
13.794,-6.799E-3,-0.106
13.811,-4.351E-3,-0.106
13.827,-8.694E-4,-0.106
13.844,2.896E-3,-0.106
13.861,6.863E-3,-0.106
13.878,1.016E-2,-0.105
13.895,1.273E-2,-0.105
13.912,1.391E-2,-0.105
13.928,1.383E-2,-0.105
13.945,1.251E-2,-0.105
13.962,9.859E-3,-0.105
13.979,6.414E-3,-0.106
13.996,2.456E-3,-0.106
14.013,-1.367E-3,-0.106
14.030,-4.755E-3,-0.106
14.046,-7.010E-3,-0.106
14.063,-8.269E-3,-0.106
14.080,-8.149E-3,-0.106
14.097,-6.676E-3,-0.106
14.114,-4.237E-3,-0.106
14.131,-8.077E-4,-0.106
14.147,2.949E-3,-0.106
14.164,6.851E-3,-0.106
14.181,1.020E-2,-0.105
14.198,1.267E-2,-0.105
14.215,1.383E-2,-0.105
14.232,1.373E-2,-0.105
14.248,1.237E-2,-0.105
14.265,9.775E-3,-0.105
14.282,6.351E-3,-0.106
14.299,2.436E-3,-0.106
14.316,-1.300E-3,-0.106
14.333,-4.578E-3,-0.106
14.350,-6.856E-3,-0.106
14.366,-8.079E-3,-0.106
14.383,-7.955E-3,-0.106
14.400,-6.522E-3,-0.106
14.417,-4.055E-3,-0.106
14.434,-6.639E-4,-0.106
14.451,3.061E-3,-0.106
14.467,6.879E-3,-0.106
14.484,1.018E-2,-0.105
14.501,1.261E-2,-0.105
14.518,1.373E-2,-0.105
14.535,1.358E-2,-0.105
14.552,1.225E-2,-0.105
14.568,9.673E-3,-0.105
14.585,6.265E-3,-0.106
14.602,2.390E-3,-0.106
14.619,-1.329E-3,-0.106
14.636,-4.562E-3,-0.106
14.653,-6.752E-3,-0.106
14.670,-7.991E-3,-0.106
14.686,-7.871E-3,-0.106
14.703,-6.399E-3,-0.106
14.720,-4.005E-3,-0.106
14.737,-6.507E-4,-0.106
14.754,3.020E-3,-0.106
14.771,6.796E-3,-0.106
14.787,1.010E-2,-0.105
14.804,1.245E-2,-0.105
14.821,1.356E-2,-0.105
14.838,1.343E-2,-0.105
14.855,1.210E-2,-0.105
14.872,9.537E-3,-0.105
14.888,6.166E-3,-0.106
14.905,2.276E-3,-0.106
14.922,-1.355E-3,-0.106
14.939,-4.561E-3,-0.106
14.956,-6.704E-3,-0.106
14.973,-7.878E-3,-0.106
14.990,-7.732E-3,-0.106
15.006,-6.250E-3,-0.106
15.023,-3.895E-3,-0.106
15.040,-5.904E-4,-0.106
15.057,3.048E-3,-0.106
15.074,6.781E-3,-0.106
15.091,1.003E-2,-0.105
15.107,1.236E-2,-0.105
15.124,1.344E-2,-0.105
15.141,1.331E-2,-0.105
15.158,1.197E-2,-0.105
15.175,9.411E-3,-0.105
15.192,6.098E-3,-0.106
15.208,2.273E-3,-0.106
15.225,-1.326E-3,-0.106
15.242,-4.486E-3,-0.106
15.259,-6.556E-3,-0.106
15.276,-7.749E-3,-0.106
15.293,-7.596E-3,-0.106
15.310,-6.187E-3,-0.106
15.326,-3.659E-3,-0.106
15.343,-5.573E-4,-0.106
15.360,3.019E-3,-0.106
15.377,6.702E-3,-0.106
15.394,9.874E-3,-0.105
15.411,1.223E-2,-0.105
15.427,1.331E-2,-0.105
15.444,1.318E-2,-0.105
15.461,1.187E-2,-0.105
15.478,9.383E-3,-0.105
15.495,6.076E-3,-0.106
15.512,2.582E-3,-0.106
15.528,-9.635E-4,-0.106
15.545,-4.147E-3,-0.106
15.562,-6.445E-3,-0.106
15.579,-7.599E-3,-0.106
15.596,-7.459E-3,-0.106
15.613,-6.094E-3,-0.106
15.630,-3.544E-3,-0.106
15.646,-5.229E-4,-0.106
15.663,3.212E-3,-0.106
15.680,6.672E-3,-0.106
15.697,9.819E-3,-0.105
15.714,1.211E-2,-0.105
15.731,1.319E-2,-0.105
15.747,1.309E-2,-0.105
15.764,1.180E-2,-0.105
15.781,9.345E-3,-0.105
15.798,6.061E-3,-0.106
15.815,2.582E-3,-0.106
15.832,-1.099E-3,-0.106
15.848,-3.984E-3,-0.106
15.865,-6.274E-3,-0.106
15.882,-7.440E-3,-0.106
15.899,-7.315E-3,-0.106
15.916,-5.942E-3,-0.106
15.933,-3.512E-3,-0.106
15.950,-5.110E-4,-0.106
15.966,3.198E-3,-0.106
15.983,6.608E-3,-0.106
16.000,9.733E-3,-0.105
16.017,1.202E-2,-0.105
16.034,1.309E-2,-0.105
16.051,1.298E-2,-0.105
16.067,1.174E-2,-0.105
16.084,9.297E-3,-0.105
16.101,6.053E-3,-0.106
16.118,2.659E-3,-0.106
16.135,-8.509E-4,-0.106
16.152,-3.960E-3,-0.106
16.168,-6.180E-3,-0.106
16.185,-7.342E-3,-0.105
16.202,-7.236E-3,-0.106
16.219,-5.899E-3,-0.106
16.236,-3.423E-3,-0.106
16.253,-2.505E-4,-0.106
16.270,3.192E-3,-0.106
16.286,6.728E-3,-0.105
16.303,9.601E-3,-0.105
16.320,1.188E-2,-0.105
16.337,1.293E-2,-0.105
16.354,1.285E-2,-0.105
16.371,1.161E-2,-0.105
16.387,9.213E-3,-0.105
16.404,6.057E-3,-0.106
16.421,2.679E-3,-0.106
16.438,-7.739E-4,-0.106
16.455,-3.817E-3,-0.106
16.472,-6.034E-3,-0.106
16.488,-7.208E-3,-0.106
16.505,-7.107E-3,-0.106
16.522,-5.797E-3,-0.106
16.539,-3.400E-3,-0.106
16.556,-5.627E-4,-0.106
16.573,2.885E-3,-0.106
16.590,6.405E-3,-0.106
16.606,9.466E-3,-0.105
16.623,1.177E-2,-0.105
16.640,1.283E-2,-0.105
16.657,1.278E-2,-0.105
16.674,1.159E-2,-0.105
16.691,9.252E-3,-0.105
16.707,6.145E-3,-0.106
16.724,2.812E-3,-0.106
16.741,-5.919E-4,-0.106
16.758,-3.623E-3,-0.106
16.775,-5.863E-3,-0.106
16.792,-7.033E-3,-0.106
16.808,-6.969E-3,-0.106
16.825,-5.705E-3,-0.106
16.842,-3.389E-3,-0.106
16.859,-4.767E-4,-0.106
16.876,3.113E-3,-0.106
16.893,6.359E-3,-0.106
16.910,9.390E-3,-0.105
16.926,1.168E-2,-0.105
16.943,1.274E-2,-0.105
16.960,1.267E-2,-0.105
16.977,1.154E-2,-0.105
16.994,9.182E-3,-0.105
17.011,6.103E-3,-0.106
17.027,2.819E-3,-0.106
17.044,-5.603E-4,-0.106
17.061,-3.555E-3,-0.106
17.078,-5.782E-3,-0.106
17.095,-6.954E-3,-0.106
17.112,-6.928E-3,-0.106
17.128,-5.668E-3,-0.106
17.145,-3.368E-3,-0.106
17.162,-3.960E-4,-0.106
17.179,2.959E-3,-0.106
17.196,6.189E-3,-0.105
17.213,9.238E-3,-0.105
17.230,1.150E-2,-0.105
17.246,1.259E-2,-0.105
17.263,1.258E-2,-0.105
17.280,1.146E-2,-0.105
17.297,9.200E-3,-0.105
17.314,6.173E-3,-0.106
17.331,2.946E-3,-0.106
17.347,-3.688E-4,-0.106
17.364,-3.369E-3,-0.106
17.381,-5.567E-3,-0.106
17.398,-6.804E-3,-0.106
17.415,-6.772E-3,-0.106
17.432,-5.590E-3,-0.106
17.448,-3.390E-3,-0.106
17.465,-6.205E-4,-0.106
17.482,2.621E-3,-0.106
17.499,6.088E-3,-0.106
17.516,9.091E-3,-0.105
17.533,1.133E-2,-0.105
17.550,1.242E-2,-0.105
17.566,1.244E-2,-0.105
17.583,1.136E-2,-0.105
17.600,9.175E-3,-0.105
17.617,6.246E-3,-0.106
17.634,3.031E-3,-0.106
17.651,-2.587E-4,-0.106
17.667,-3.205E-3,-0.106
17.684,-5.416E-3,-0.106
17.701,-6.652E-3,-0.106
17.718,-6.661E-3,-0.106
17.735,-5.490E-3,-0.106
17.752,-3.265E-3,-0.106
17.768,-3.670E-4,-0.106
17.785,2.849E-3,-0.106
17.802,6.032E-3,-0.105
17.819,9.018E-3,-0.105
17.836,1.125E-2,-0.105
17.853,1.237E-2,-0.105
17.870,1.243E-2,-0.105
17.886,1.141E-2,-0.105
17.903,9.270E-3,-0.105
17.920,6.362E-3,-0.106
17.937,3.164E-3,-0.106
17.954,-8.947E-5,-0.106
17.971,-2.966E-3,-0.106
17.987,-5.225E-3,-0.106
18.004,-6.490E-3,-0.106
18.021,-6.522E-3,-0.106
18.038,-5.411E-3,-0.106
18.055,-3.281E-3,-0.106
18.072,-5.812E-4,-0.106
18.088,2.754E-3,-0.106
18.105,5.954E-3,-0.106
18.122,8.888E-3,-0.105
18.139,1.116E-2,-0.105
18.156,1.225E-2,-0.105
18.173,1.236E-2,-0.105
18.190,1.131E-2,-0.105
18.206,9.211E-3,-0.105
18.223,6.333E-3,-0.106
18.240,3.156E-3,-0.106
18.257,-5.777E-6,-0.106
18.274,-2.909E-3,-0.106
18.291,-5.092E-3,-0.106
18.307,-6.352E-3,-0.106
18.324,-6.478E-3,-0.106
18.341,-5.440E-3,-0.106
18.358,-3.349E-3,-0.106
18.375,-5.763E-4,-0.106
18.392,2.617E-3,-0.106
18.408,5.748E-3,-0.106
18.425,8.676E-3,-0.105
18.442,1.094E-2,-0.105
18.459,1.208E-2,-0.105
18.476,1.220E-2,-0.105
18.493,1.126E-2,-0.105
18.510,9.219E-3,-0.105
18.526,6.436E-3,-0.106
18.543,3.333E-3,-0.106
18.560,3.921E-5,-0.106
18.577,-2.679E-3,-0.106
18.594,-4.918E-3,-0.106
18.611,-6.169E-3,-0.106
18.627,-6.332E-3,-0.106
18.644,-5.321E-3,-0.106
18.661,-3.292E-3,-0.106
18.678,-5.550E-4,-0.106
18.695,2.578E-3,-0.106
18.712,5.688E-3,-0.106
18.728,8.589E-3,-0.105
18.745,1.081E-2,-0.105
18.762,1.200E-2,-0.105
18.779,1.217E-2,-0.105
18.796,1.130E-2,-0.105
18.813,9.312E-3,-0.105
18.830,6.594E-3,-0.106
18.846,3.514E-3,-0.106
18.863,3.746E-4,-0.106
18.880,-2.512E-3,-0.106
18.897,-4.727E-3,-0.106
18.914,-6.038E-3,-0.106
18.931,-6.248E-3,-0.106
18.947,-5.301E-3,-0.106
18.964,-3.320E-3,-0.106
18.981,-6.247E-4,-0.106
18.998,2.446E-3,-0.106
19.015,5.481E-3,-0.106
19.032,8.387E-3,-0.105
19.048,1.065E-2,-0.105
19.065,1.186E-2,-0.105
19.082,1.206E-2,-0.105
19.099,1.123E-2,-0.105
19.116,9.314E-3,-0.105
19.133,6.609E-3,-0.105
19.150,3.592E-3,-0.106
19.166,4.690E-4,-0.106
19.183,-2.358E-3,-0.106
19.200,-4.604E-3,-0.106
19.217,-5.935E-3,-0.106
19.234,-6.175E-3,-0.106
19.251,-5.304E-3,-0.106
19.267,-3.425E-3,-0.106
19.284,-8.340E-4,-0.106
19.301,2.183E-3,-0.106
19.318,5.238E-3,-0.106
19.335,8.156E-3,-0.105
19.352,1.045E-2,-0.105
19.368,1.168E-2,-0.105
19.385,1.193E-2,-0.105
19.402,1.114E-2,-0.105
19.419,9.242E-3,-0.105
19.436,6.624E-3,-0.105
19.453,3.696E-3,-0.106
19.470,6.280E-4,-0.106
19.486,-2.205E-3,-0.106
19.503,-4.451E-3,-0.106
19.520,-5.820E-3,-0.106
19.537,-6.123E-3,-0.106
19.554,-5.295E-3,-0.106
19.571,-3.486E-3,-0.106
19.587,-9.106E-4,-0.106
19.604,2.059E-3,-0.106
19.621,5.059E-3,-0.106
19.638,7.971E-3,-0.105
19.655,1.027E-2,-0.105
19.672,1.154E-2,-0.105
19.688,1.181E-2,-0.105
19.705,1.113E-2,-0.105
19.722,9.337E-3,-0.105
19.739,6.721E-3,-0.106
19.756,3.821E-3,-0.106
19.773,7.896E-4,-0.106
19.790,-2.016E-3,-0.106
19.806,-4.285E-3,-0.106
19.823,-5.675E-3,-0.106
19.840,-6.019E-3,-0.106
19.857,-5.254E-3,-0.106
19.874,-3.509E-3,-0.106
19.891,-1.027E-3,-0.106
19.907,1.922E-3,-0.106
19.924,4.933E-3,-0.106
19.941,7.854E-3,-0.105
19.958,9.972E-3,-0.105
19.975,1.143E-2,-0.105
19.992,1.179E-2,-0.105
20.008,1.117E-2,-0.105
20.025,9.481E-3,-0.105
20.042,7.089E-3,-0.105
20.059,4.072E-3,-0.106
20.076,1.051E-3,-0.106
20.093,-1.739E-3,-0.106
20.110,-4.014E-3,-0.106
20.126,-5.450E-3,-0.106
20.143,-5.873E-3,-0.106
20.160,-5.181E-3,-0.106
20.177,-3.517E-3,-0.106
20.194,-1.071E-3,-0.106
20.211,1.805E-3,-0.106
20.227,4.771E-3,-0.106
20.244,7.646E-3,-0.105
20.261,9.797E-3,-0.105
20.278,1.129E-2,-0.105
20.295,1.167E-2,-0.105
20.312,1.108E-2,-0.105
20.328,9.401E-3,-0.105
20.345,6.965E-3,-0.105
20.362,4.177E-3,-0.106
20.379,1.255E-3,-0.106
20.396,-1.549E-3,-0.106
20.413,-3.843E-3,-0.106
20.430,-5.316E-3,-0.106
20.446,-5.789E-3,-0.106
20.463,-5.189E-3,-0.106
20.480,-3.610E-3,-0.106
20.497,-1.227E-3,-0.106
20.514,1.599E-3,-0.106
20.531,4.550E-3,-0.106
20.547,7.400E-3,-0.105
20.564,9.567E-3,-0.105
20.581,1.111E-2,-0.105
20.598,1.158E-2,-0.105
20.615,1.104E-2,-0.105
20.632,9.463E-3,-0.105
20.648,7.256E-3,-0.105
20.665,4.356E-3,-0.106
20.682,1.442E-3,-0.106
20.699,-1.325E-3,-0.106
20.716,-3.632E-3,-0.106
20.733,-5.155E-3,-0.106
20.750,-5.691E-3,-0.106
20.766,-5.134E-3,-0.106
20.783,-3.624E-3,-0.106
20.800,-1.345E-3,-0.106
20.817,1.447E-3,-0.106
20.834,4.299E-3,-0.106
20.851,7.183E-3,-0.105
20.867,9.374E-3,-0.105
20.884,1.094E-2,-0.105
20.901,1.143E-2,-0.105
20.918,1.100E-2,-0.105
20.935,9.511E-3,-0.105
20.952,7.296E-3,-0.105
20.968,4.508E-3,-0.106
20.985,1.604E-3,-0.106
21.002,-1.147E-3,-0.106
21.019,-3.454E-3,-0.106
21.036,-4.986E-3,-0.106
21.053,-5.577E-3,-0.106
21.070,-5.120E-3,-0.106
21.086,-3.684E-3,-0.106
21.103,-1.457E-3,-0.106
21.120,1.263E-3,-0.106
21.137,4.077E-3,-0.106
21.154,6.962E-3,-0.105
21.171,9.188E-3,-0.105
21.187,1.080E-2,-0.105
21.204,1.139E-2,-0.105
21.221,1.100E-2,-0.105
21.238,9.591E-3,-0.105
21.255,7.539E-3,-0.105
21.272,4.727E-3,-0.106
21.288,1.914E-3,-0.106
21.305,-8.097E-4,-0.106
21.322,-3.140E-3,-0.106
21.339,-4.740E-3,-0.106
21.356,-5.434E-3,-0.106
21.373,-5.064E-3,-0.106
21.390,-3.713E-3,-0.106
21.406,-1.554E-3,-0.106
21.423,1.071E-3,-0.106
21.440,3.884E-3,-0.106
21.457,6.537E-3,-0.105
21.474,8.956E-3,-0.105
21.491,1.048E-2,-0.105
21.507,1.123E-2,-0.105
21.524,1.093E-2,-0.105
21.541,9.571E-3,-0.105
21.558,7.568E-3,-0.105
21.575,4.866E-3,-0.106
21.592,2.046E-3,-0.106
21.608,-6.848E-4,-0.106
21.625,-3.000E-3,-0.106
21.642,-4.616E-3,-0.106
21.659,-5.350E-3,-0.106
21.676,-5.071E-3,-0.106
21.693,-3.794E-3,-0.106
21.710,-1.743E-3,-0.106
21.726,8.144E-4,-0.106
21.743,3.634E-3,-0.106
21.760,6.249E-3,-0.106
21.777,8.703E-3,-0.105
21.794,1.026E-2,-0.105
21.811,1.107E-2,-0.105
21.827,1.083E-2,-0.105
21.844,9.564E-3,-0.105
21.861,7.677E-3,-0.105
21.878,5.002E-3,-0.106
21.895,2.242E-3,-0.106
21.912,-4.530E-4,-0.106
21.928,-2.775E-3,-0.106
21.945,-4.475E-3,-0.106
21.962,-5.246E-3,-0.106
21.979,-5.028E-3,-0.106
21.996,-3.838E-3,-0.106
22.013,-1.855E-3,-0.106
22.030,6.681E-4,-0.106
22.046,3.417E-3,-0.106
22.063,6.037E-3,-0.106
22.080,8.489E-3,-0.105
22.097,1.008E-2,-0.105
22.114,1.086E-2,-0.105
22.131,1.068E-2,-0.105
22.147,9.633E-3,-0.105
22.164,7.607E-3,-0.106
22.181,5.177E-3,-0.106
22.198,2.280E-3,-0.106
22.215,-4.130E-4,-0.106
22.232,-2.730E-3,-0.106
22.248,-4.423E-3,-0.106
22.265,-5.262E-3,-0.106
22.282,-5.107E-3,-0.106
22.299,-4.018E-3,-0.106
22.316,-2.131E-3,-0.106
22.333,3.032E-4,-0.106
22.350,3.004E-3,-0.106
22.366,5.671E-3,-0.106
22.383,8.130E-3,-0.106
22.400,9.907E-3,-0.105
22.417,1.074E-2,-0.105
22.434,1.063E-2,-0.105
22.451,9.644E-3,-0.105
22.467,7.694E-3,-0.106
22.484,5.338E-3,-0.106
22.501,2.513E-3,-0.106
22.518,-1.051E-4,-0.106
22.535,-2.494E-3,-0.106
22.552,-4.233E-3,-0.106
22.568,-5.113E-3,-0.106
22.585,-5.034E-3,-0.106
22.602,-4.029E-3,-0.106
22.619,-2.226E-3,-0.106
22.636,1.901E-4,-0.106
22.653,2.881E-3,-0.106
22.670,5.485E-3,-0.106
22.686,7.940E-3,-0.106
22.703,9.755E-3,-0.105
22.720,1.066E-2,-0.105
22.737,1.065E-2,-0.105
22.754,9.731E-3,-0.105
22.771,7.861E-3,-0.106
22.787,5.622E-3,-0.106
22.804,2.807E-3,-0.106
22.821,1.764E-4,-0.106
22.838,-2.187E-3,-0.106
22.855,-3.982E-3,-0.106
22.872,-4.937E-3,-0.106
22.888,-4.982E-3,-0.106
22.905,-4.080E-3,-0.106
22.922,-2.359E-3,-0.106
22.939,-2.501E-5,-0.106
22.956,2.584E-3,-0.106
22.973,5.220E-3,-0.106
22.990,7.715E-3,-0.106
23.006,9.554E-3,-0.105
23.023,1.050E-2,-0.105
23.040,1.055E-2,-0.105
23.057,9.716E-3,-0.105
23.074,7.946E-3,-0.105
23.091,5.752E-3,-0.106
23.107,2.986E-3,-0.106
23.124,3.934E-4,-0.106
23.141,-1.988E-3,-0.106
23.158,-3.808E-3,-0.106
23.175,-4.822E-3,-0.106
23.192,-4.943E-3,-0.106
23.208,-4.122E-3,-0.106
23.225,-2.461E-3,-0.106
23.242,-1.937E-4,-0.106
23.259,2.378E-3,-0.106
23.276,4.973E-3,-0.106
23.293,7.499E-3,-0.106
23.310,9.231E-3,-0.105
23.326,1.040E-2,-0.105
23.343,1.053E-2,-0.105
23.360,9.788E-3,-0.105
23.377,8.113E-3,-0.106
23.394,5.953E-3,-0.106
23.411,3.247E-3,-0.106
23.427,6.361E-4,-0.106
23.444,-1.735E-3,-0.106
23.461,-3.567E-3,-0.106
23.478,-4.685E-3,-0.106
23.495,-4.844E-3,-0.106
23.512,-4.101E-3,-0.106
23.528,-2.511E-3,-0.106
23.545,-2.869E-4,-0.106
23.562,2.208E-3,-0.106
23.579,4.807E-3,-0.106
23.596,7.285E-3,-0.106
23.613,9.088E-3,-0.106
23.630,1.027E-2,-0.105
23.646,1.049E-2,-0.105
23.663,9.837E-3,-0.105
23.680,8.262E-3,-0.105
23.697,6.177E-3,-0.106
23.714,3.512E-3,-0.106
23.731,9.268E-4,-0.106
23.747,-1.451E-3,-0.106
23.764,-3.338E-3,-0.106
23.781,-4.487E-3,-0.106
23.798,-4.736E-3,-0.106
23.815,-4.115E-3,-0.106
23.832,-2.624E-3,-0.106
23.848,-5.009E-4,-0.106
23.865,1.956E-3,-0.106
23.882,4.533E-3,-0.106
23.899,7.072E-3,-0.106
23.916,8.864E-3,-0.106
23.933,1.013E-2,-0.105
23.950,1.041E-2,-0.105
23.966,9.846E-3,-0.105
23.983,8.352E-3,-0.105
24.000,6.358E-3,-0.106
24.017,3.774E-3,-0.106
24.034,1.225E-3,-0.106
24.051,-1.166E-3,-0.106
24.067,-3.090E-3,-0.106
24.084,-4.304E-3,-0.106
24.101,-4.660E-3,-0.106
24.118,-4.093E-3,-0.106
24.135,-2.704E-3,-0.106
24.152,-6.429E-4,-0.106
24.168,1.774E-3,-0.106
24.185,4.318E-3,-0.106
24.202,6.798E-3,-0.106
24.219,8.647E-3,-0.106
24.236,9.994E-3,-0.105
24.253,1.038E-2,-0.105
24.270,9.907E-3,-0.105
24.286,8.604E-3,-0.105
24.303,6.557E-3,-0.106
24.320,4.174E-3,-0.106
24.337,1.509E-3,-0.106
24.354,-8.636E-4,-0.106
24.371,-2.835E-3,-0.106
24.387,-4.090E-3,-0.106
24.404,-4.537E-3,-0.106
24.421,-4.103E-3,-0.106
24.438,-2.773E-3,-0.106
24.455,-8.503E-4,-0.106
24.472,1.539E-3,-0.106
24.488,4.050E-3,-0.106
24.505,6.528E-3,-0.106
24.522,8.428E-3,-0.106
24.539,9.815E-3,-0.105
24.556,1.026E-2,-0.105
24.573,9.872E-3,-0.105
24.590,8.672E-3,-0.105
24.606,6.691E-3,-0.106
24.623,4.372E-3,-0.106
24.640,1.739E-3,-0.106
24.657,-6.505E-4,-0.106
24.674,-2.624E-3,-0.106
24.691,-3.971E-3,-0.106
24.707,-4.499E-3,-0.106
24.724,-4.116E-3,-0.106
24.741,-2.899E-3,-0.106
24.758,-1.020E-3,-0.106
24.775,1.316E-3,-0.106
24.792,3.790E-3,-0.106
24.808,6.291E-3,-0.106
24.825,8.204E-3,-0.106
24.842,9.641E-3,-0.105
24.859,1.017E-2,-0.105
24.876,9.883E-3,-0.105
24.893,8.653E-3,-0.105
24.910,6.883E-3,-0.106
24.926,4.630E-3,-0.106
24.943,1.971E-3,-0.106
24.960,-3.915E-4,-0.106
24.977,-2.401E-3,-0.106
24.994,-3.808E-3,-0.106
25.011,-4.387E-3,-0.106
25.027,-4.127E-3,-0.106
25.044,-2.998E-3,-0.106
25.061,-1.224E-3,-0.106
25.078,1.033E-3,-0.106
25.095,3.448E-3,-0.106
25.112,5.944E-3,-0.106
25.129,7.962E-3,-0.106
25.145,9.439E-3,-0.105
25.162,1.007E-2,-0.105
25.179,9.847E-3,-0.105
25.196,8.854E-3,-0.105
25.213,7.010E-3,-0.106
25.230,4.858E-3,-0.106
25.246,2.288E-3,-0.106
25.263,-1.200E-4,-0.106
25.280,-2.155E-3,-0.106
25.297,-3.605E-3,-0.106
25.314,-4.304E-3,-0.106
25.331,-4.083E-3,-0.106
25.347,-3.078E-3,-0.106
25.364,-1.362E-3,-0.106
25.381,8.244E-4,-0.106
25.398,3.253E-3,-0.106
25.415,5.557E-3,-0.106
25.432,7.735E-3,-0.106
25.449,9.249E-3,-0.105
25.465,9.931E-3,-0.105
25.482,9.797E-3,-0.105
25.499,8.903E-3,-0.105
25.516,7.179E-3,-0.106
25.533,5.066E-3,-0.106
25.550,2.662E-3,-0.106
25.566,1.346E-4,-0.106
25.583,-1.897E-3,-0.106
25.600,-3.396E-3,-0.106
25.617,-4.139E-3,-0.106
25.634,-4.084E-3,-0.106
25.651,-3.111E-3,-0.106
25.667,-1.493E-3,-0.106
25.684,6.515E-4,-0.106
25.701,3.013E-3,-0.106
25.718,5.337E-3,-0.106
25.735,7.499E-3,-0.106
25.752,8.972E-3,-0.105
25.769,9.851E-3,-0.105
25.785,9.819E-3,-0.105
25.802,8.881E-3,-0.106
25.819,7.362E-3,-0.106
25.836,5.173E-3,-0.106
25.853,2.885E-3,-0.106
25.870,5.022E-4,-0.106
25.886,-1.576E-3,-0.106
25.903,-3.132E-3,-0.106
25.920,-3.995E-3,-0.106
25.937,-4.006E-3,-0.106
25.954,-3.194E-3,-0.106
25.971,-1.665E-3,-0.106
25.987,4.181E-4,-0.106
26.004,2.742E-3,-0.106
26.021,5.071E-3,-0.106
26.038,7.251E-3,-0.106
26.055,8.763E-3,-0.105
26.072,9.596E-3,-0.105
26.089,9.656E-3,-0.105
26.105,8.920E-3,-0.106
26.122,7.478E-3,-0.106
26.139,5.346E-3,-0.106
26.156,3.045E-3,-0.106
26.173,7.588E-4,-0.106
26.190,-1.356E-3,-0.106
26.206,-2.968E-3,-0.106
26.223,-3.890E-3,-0.106
26.240,-3.968E-3,-0.106
26.257,-3.274E-3,-0.106
26.274,-1.802E-3,-0.106
26.291,1.944E-4,-0.106
26.307,2.453E-3,-0.106
26.324,4.720E-3,-0.106
26.341,6.926E-3,-0.106
26.358,8.468E-3,-0.106
26.375,9.521E-3,-0.105
26.392,9.651E-3,-0.105
26.409,8.892E-3,-0.106
26.425,7.523E-3,-0.106
26.442,5.615E-3,-0.106
26.459,3.191E-3,-0.106
26.476,9.196E-4,-0.106
26.493,-1.172E-3,-0.106
26.510,-2.809E-3,-0.106
26.526,-3.795E-3,-0.106
26.543,-3.986E-3,-0.106
26.560,-3.358E-3,-0.106
26.577,-2.017E-3,-0.106
26.594,-9.984E-5,-0.106
26.611,2.118E-3,-0.106
26.627,4.399E-3,-0.106
26.644,6.697E-3,-0.106
26.661,8.277E-3,-0.106
26.678,9.227E-3,-0.105
26.695,9.617E-3,-0.105
26.712,9.078E-3,-0.105
26.729,7.674E-3,-0.106
26.745,5.826E-3,-0.106
26.762,3.476E-3,-0.106
26.779,1.212E-3,-0.106
26.796,-9.076E-4,-0.106
26.813,-2.557E-3,-0.106
26.830,-3.640E-3,-0.106
26.846,-3.913E-3,-0.106
26.863,-3.377E-3,-0.106
26.880,-2.124E-3,-0.106
26.897,-3.137E-4,-0.106
26.914,1.850E-3,-0.106
26.931,4.117E-3,-0.106
26.947,6.359E-3,-0.106
26.964,8.020E-3,-0.106
26.981,9.077E-3,-0.106
26.998,9.543E-3,-0.105
27.015,9.064E-3,-0.105
27.032,7.748E-3,-0.105
27.049,6.051E-3,-0.106
27.065,3.737E-3,-0.106
27.082,1.508E-3,-0.106
27.099,-5.976E-4,-0.106
27.116,-2.313E-3,-0.106
27.133,-3.462E-3,-0.106
27.150,-3.815E-3,-0.106
27.166,-3.386E-3,-0.106
27.183,-2.216E-3,-0.106
27.200,-4.375E-4,-0.106
27.217,1.683E-3,-0.106
27.234,3.884E-3,-0.106
27.251,6.139E-3,-0.106
27.267,7.841E-3,-0.106
27.284,8.990E-3,-0.105
27.301,9.397E-3,-0.105
27.318,9.049E-3,-0.106
27.335,7.966E-3,-0.106
27.352,6.325E-3,-0.106
27.369,4.071E-3,-0.106
27.385,1.832E-3,-0.106
27.402,-2.999E-4,-0.106
27.419,-2.053E-3,-0.106
27.436,-3.239E-3,-0.106
27.453,-3.703E-3,-0.106
27.470,-3.345E-3,-0.106
27.486,-2.316E-3,-0.106
27.503,-6.012E-4,-0.106
27.520,1.454E-3,-0.106
27.537,3.668E-3,-0.106
27.554,5.900E-3,-0.106
27.571,7.633E-3,-0.106
27.587,8.827E-3,-0.105
27.604,9.298E-3,-0.106
27.621,9.033E-3,-0.106
27.638,8.077E-3,-0.106
27.655,6.492E-3,-0.106
27.672,4.305E-3,-0.106
27.689,2.087E-3,-0.106
27.705,-1.074E-5,-0.106
27.722,-1.826E-3,-0.106
27.739,-3.080E-3,-0.106
27.756,-3.613E-3,-0.106
27.773,-3.411E-3,-0.106
27.790,-2.444E-3,-0.106
27.806,-8.663E-4,-0.106
27.823,1.178E-3,-0.106
27.840,3.350E-3,-0.106
27.857,5.474E-3,-0.106
27.874,7.413E-3,-0.106
27.891,8.642E-3,-0.106
27.907,9.200E-3,-0.105
27.924,9.055E-3,-0.106
27.941,8.193E-3,-0.106
27.958,6.713E-3,-0.106
27.975,4.601E-3,-0.106
27.992,2.425E-3,-0.106
28.009,3.210E-4,-0.106
28.025,-1.516E-3,-0.106
28.042,-2.852E-3,-0.106
28.059,-3.487E-3,-0.106
28.076,-3.348E-3,-0.106
28.093,-2.494E-3,-0.106
28.110,-9.741E-4,-0.106
28.126,9.576E-4,-0.106
28.143,3.103E-3,-0.106
28.160,5.178E-3,-0.106
28.177,7.157E-3,-0.106
28.194,8.487E-3,-0.106
28.211,9.144E-3,-0.106
28.227,9.037E-3,-0.106
28.244,8.263E-3,-0.106
28.261,6.868E-3,-0.106
28.278,4.833E-3,-0.106
28.295,2.696E-3,-0.106
28.312,5.573E-4,-0.106
28.329,-1.288E-3,-0.106
28.345,-2.672E-3,-0.106
28.362,-3.391E-3,-0.106
28.379,-3.360E-3,-0.106
28.396,-2.606E-3,-0.106
28.413,-1.196E-3,-0.106
28.430,6.516E-4,-0.106
28.446,2.775E-3,-0.106
28.463,4.888E-3,-0.106
28.480,6.868E-3,-0.106
28.497,8.219E-3,-0.106
28.514,8.970E-3,-0.105
28.531,9.019E-3,-0.106
28.547,8.351E-3,-0.106
28.564,7.040E-3,-0.106
28.581,5.226E-3,-0.106
28.598,2.989E-3,-0.106
28.615,9.159E-4,-0.106
28.632,-9.968E-4,-0.106
28.649,-2.437E-3,-0.106
28.665,-3.234E-3,-0.106
28.682,-3.321E-3,-0.106
28.699,-2.646E-3,-0.106
28.716,-1.303E-3,-0.106
28.733,5.070E-4,-0.106
28.750,2.599E-3,-0.106
28.766,4.677E-3,-0.106
28.783,6.689E-3,-0.106
28.800,8.079E-3,-0.106
28.817,8.883E-3,-0.106
28.834,8.983E-3,-0.105
28.851,8.417E-3,-0.106
28.867,7.194E-3,-0.106
28.884,5.450E-3,-0.106
28.901,3.289E-3,-0.106
28.918,1.201E-3,-0.106
28.935,-7.158E-4,-0.106
28.952,-2.260E-3,-0.106
28.969,-3.120E-3,-0.106
28.985,-3.274E-3,-0.106
29.002,-2.704E-3,-0.106
29.019,-1.470E-3,-0.106
29.036,3.004E-4,-0.106
29.053,2.325E-3,-0.106
29.070,4.400E-3,-0.106
29.086,6.435E-3,-0.106
29.103,7.883E-3,-0.106
29.120,8.759E-3,-0.105
29.137,8.993E-3,-0.105
29.154,8.511E-3,-0.106
29.171,7.358E-3,-0.106
29.187,5.582E-3,-0.106
29.204,3.593E-3,-0.106
29.221,1.535E-3,-0.106
29.238,-4.144E-4,-0.106
29.255,-1.955E-3,-0.106
29.272,-2.923E-3,-0.106
29.289,-3.246E-3,-0.106
29.305,-2.744E-3,-0.106
29.322,-1.637E-3,-0.106
29.339,1.319E-5,-0.106
29.356,1.993E-3,-0.106
29.373,4.027E-3,-0.106
29.390,6.096E-3,-0.106
29.406,7.591E-3,-0.106
29.423,8.572E-3,-0.105
29.440,8.905E-3,-0.106
29.457,8.485E-3,-0.106
29.474,7.441E-3,-0.106
29.491,5.861E-3,-0.106
29.507,3.771E-3,-0.106
29.524,1.735E-3,-0.106
29.541,-2.111E-4,-0.106
29.558,-1.779E-3,-0.106
29.575,-2.813E-3,-0.106
29.592,-3.159E-3,-0.106
29.609,-2.822E-3,-0.106
29.625,-1.802E-3,-0.106
29.642,-2.126E-4,-0.106
29.659,1.709E-3,-0.106
29.676,3.739E-3,-0.106
29.693,5.822E-3,-0.106
29.710,7.390E-3,-0.106
29.726,8.437E-3,-0.106
29.743,8.825E-3,-0.106
29.760,8.525E-3,-0.106
29.777,7.563E-3,-0.106
29.794,6.114E-3,-0.106
29.811,4.041E-3,-0.106
29.827,2.010E-3,-0.106
29.844,9.024E-5,-0.106
29.861,-1.560E-3,-0.106
29.878,-2.685E-3,-0.106
29.895,-3.122E-3,-0.106
29.912,-2.848E-3,-0.106
29.929,-1.891E-3,-0.106
29.945,-3.642E-4,-0.106
29.962,1.497E-3,-0.106
29.979,3.454E-3,-0.106
29.996,5.379E-3,-0.106
30.013,7.164E-3,-0.106
30.030,8.272E-3,-0.106
30.046,8.759E-3,-0.105
30.063,8.563E-3,-0.106
30.080,7.747E-3,-0.106
30.097,6.343E-3,-0.106
30.114,4.398E-3,-0.106
30.131,2.405E-3,-0.106
30.147,4.729E-4,-0.106
30.164,-1.210E-3,-0.106
30.181,-2.399E-3,-0.106
30.198,-2.964E-3,-0.106
30.215,-2.821E-3,-0.106
30.232,-1.989E-3,-0.106
30.249,-5.585E-4,-0.106
30.265,1.216E-3,-0.106
30.282,3.211E-3,-0.106
30.299,5.092E-3,-0.106
30.316,6.906E-3,-0.106
30.333,8.058E-3,-0.106
30.350,8.607E-3,-0.106
30.366,8.538E-3,-0.106
30.383,7.791E-3,-0.106
30.400,6.443E-3,-0.106
30.417,4.567E-3,-0.106
30.434,2.609E-3,-0.106
30.451,6.761E-4,-0.106
30.467,-1.043E-3,-0.106
30.484,-2.272E-3,-0.106
30.501,-2.900E-3,-0.106
30.518,-2.826E-3,-0.106
30.535,-2.075E-3,-0.106
30.552,-7.357E-4,-0.106
30.569,9.713E-4,-0.106
30.585,2.940E-3,-0.106
30.602,4.842E-3,-0.106
30.619,6.664E-3,-0.106
30.636,7.884E-3,-0.106
30.653,8.524E-3,-0.106
30.670,8.502E-3,-0.106
30.686,7.836E-3,-0.106
30.703,6.608E-3,-0.106
30.720,4.785E-3,-0.106
30.737,2.860E-3,-0.106
30.754,9.300E-4,-0.106
30.771,-7.795E-4,-0.106
30.787,-2.078E-3,-0.106
30.804,-2.780E-3,-0.106
30.821,-2.838E-3,-0.106
30.838,-2.186E-3,-0.106
30.855,-9.555E-4,-0.106
30.872,6.737E-4,-0.106
30.889,2.560E-3,-0.106
30.905,4.491E-3,-0.106
30.922,6.159E-3,-0.106
30.939,7.637E-3,-0.106
30.956,8.372E-3,-0.106
30.973,8.485E-3,-0.106
30.990,7.931E-3,-0.106
31.006,6.748E-3,-0.106
31.023,5.167E-3,-0.106
31.040,3.157E-3,-0.106
31.057,1.243E-3,-0.106
31.074,-5.060E-4,-0.106
31.091,-1.845E-3,-0.106
31.107,-2.653E-3,-0.106
31.124,-2.783E-3,-0.106
31.141,-2.266E-3,-0.106
31.158,-1.094E-3,-0.106
31.175,5.035E-4,-0.106
31.192,2.370E-3,-0.106
31.209,4.291E-3,-0.106
31.225,5.978E-3,-0.106
31.242,7.492E-3,-0.106
31.259,8.292E-3,-0.106
31.276,8.471E-3,-0.106
31.293,8.007E-3,-0.106
31.310,6.962E-3,-0.106
31.326,5.296E-3,-0.106
31.343,3.459E-3,-0.106
31.360,1.555E-3,-0.106
31.377,-2.024E-4,-0.106
31.394,-1.626E-3,-0.106
31.411,-2.506E-3,-0.106
31.427,-2.718E-3,-0.106
31.444,-2.264E-3,-0.106
31.461,-1.218E-3,-0.106
31.478,3.142E-4,-0.106
31.495,2.149E-3,-0.106
31.512,4.017E-3,-0.106
31.529,5.754E-3,-0.106
31.545,7.295E-3,-0.106
31.562,8.178E-3,-0.106
31.579,8.484E-3,-0.106
31.596,8.072E-3,-0.106
31.613,7.111E-3,-0.106
31.630,5.664E-3,-0.106
31.646,3.732E-3,-0.106
31.663,1.861E-3,-0.106
31.680,5.889E-5,-0.106
31.697,-1.404E-3,-0.106
31.714,-2.373E-3,-0.106
31.731,-2.704E-3,-0.106
31.747,-2.336E-3,-0.106
31.764,-1.427E-3,-0.106
31.781,3.287E-5,-0.106
31.798,1.779E-3,-0.106
31.815,3.616E-3,-0.106
31.832,5.415E-3,-0.106
31.849,7.014E-3,-0.106
31.865,7.974E-3,-0.106
31.882,8.362E-3,-0.106
31.899,8.109E-3,-0.106
31.916,7.228E-3,-0.106
31.933,5.834E-3,-0.106
31.950,3.998E-3,-0.106
31.966,2.149E-3,-0.106
31.983,3.522E-4,-0.106
32.000,-1.132E-3,-0.106
32.017,-2.188E-3,-0.106
32.034,-2.643E-3,-0.106
32.051,-2.387E-3,-0.106
32.067,-1.556E-3,-0.106
32.084,-2.162E-4,-0.106
32.101,1.521E-3,-0.106
32.118,3.390E-3,-0.106
32.135,5.155E-3,-0.106
32.152,6.796E-3,-0.106
32.169,7.817E-3,-0.106
32.185,8.258E-3,-0.106
32.202,8.078E-3,-0.106
32.219,7.313E-3,-0.106
32.236,6.038E-3,-0.106
32.253,4.244E-3,-0.106
32.270,2.401E-3,-0.106
32.286,6.279E-4,-0.106
32.303,-9.238E-4,-0.106
32.320,-2.048E-3,-0.106
32.337,-2.565E-3,-0.106
32.354,-2.446E-3,-0.106
32.371,-1.694E-3,-0.106
32.387,-3.736E-4,-0.106
32.404,1.254E-3,-0.106
32.421,3.081E-3,-0.106
32.438,4.819E-3,-0.106
32.455,6.505E-3,-0.106
32.472,7.554E-3,-0.106
32.489,8.125E-3,-0.106
32.505,8.040E-3,-0.106
32.522,7.381E-3,-0.106
32.539,6.199E-3,-0.106
32.556,4.473E-3,-0.106
32.573,2.677E-3,-0.106
32.590,8.804E-4,-0.106
32.606,-7.267E-4,-0.106
32.623,-1.891E-3,-0.106
32.640,-2.479E-3,-0.106
32.657,-2.435E-3,-0.106
32.674,-1.785E-3,-0.106
32.691,-5.934E-4,-0.106
32.707,9.794E-4,-0.106
32.724,2.767E-3,-0.106
32.741,4.532E-3,-0.106
32.758,6.243E-3,-0.106
32.775,7.398E-3,-0.106
32.792,8.048E-3,-0.106
32.809,8.061E-3,-0.106
32.825,7.505E-3,-0.106
32.842,6.404E-3,-0.106
32.859,4.860E-3,-0.106
32.876,2.961E-3,-0.106
32.893,1.166E-3,-0.106
32.910,-4.262E-4,-0.106
32.926,-1.641E-3,-0.106
32.943,-2.310E-3,-0.106
32.960,-2.380E-3,-0.106
32.977,-1.855E-3,-0.106
32.994,-7.320E-4,-0.106
33.011,7.338E-4,-0.106
33.027,2.514E-3,-0.106
33.044,4.290E-3,-0.106
33.061,6.015E-3,-0.106
33.078,7.241E-3,-0.106
33.095,7.929E-3,-0.106
33.112,8.036E-3,-0.106
33.129,7.566E-3,-0.106
33.145,6.562E-3,-0.106
33.162,5.141E-3,-0.106
33.179,3.325E-3,-0.106
33.196,1.540E-3,-0.106
33.213,-9.654E-5,-0.106
33.230,-1.347E-3,-0.106
33.246,-2.133E-3,-0.106
33.263,-2.328E-3,-0.106
33.280,-1.911E-3,-0.106
33.297,-8.769E-4,-0.106
33.314,5.622E-4,-0.106
33.331,2.266E-3,-0.106
33.347,4.008E-3,-0.106
33.364,5.620E-3,-0.106
33.381,7.037E-3,-0.106
33.398,7.810E-3,-0.106
33.415,8.030E-3,-0.106
33.432,7.661E-3,-0.106
33.449,6.725E-3,-0.106
33.465,5.342E-3,-0.106
33.482,3.532E-3,-0.106
33.499,1.798E-3,-0.106
33.516,1.745E-4,-0.106
33.533,-1.173E-3,-0.106
33.550,-2.031E-3,-0.106
33.566,-2.301E-3,-0.106
33.583,-1.942E-3,-0.106
33.600,-1.036E-3,-0.106
33.617,3.309E-4,-0.106
33.634,1.999E-3,-0.106
33.651,3.715E-3,-0.106
33.667,5.489E-3,-0.106
33.684,6.790E-3,-0.106
33.701,7.660E-3,-0.106
33.718,7.977E-3,-0.106
33.735,7.723E-3,-0.106
33.752,6.872E-3,-0.106
33.769,5.430E-3,-0.106
33.785,3.806E-3,-0.106
33.802,2.074E-3,-0.106
33.819,4.114E-4,-0.106
33.836,-9.495E-4,-0.106
33.853,-1.895E-3,-0.106
33.870,-2.259E-3,-0.106
33.886,-2.014E-3,-0.106
33.903,-1.181E-3,-0.106
33.920,9.069E-5,-0.106
33.937,1.682E-3,-0.106
33.954,3.391E-3,-0.106
33.971,5.047E-3,-0.106
33.987,6.561E-3,-0.106
34.004,7.523E-3,-0.106
34.021,7.878E-3,-0.106
34.038,7.735E-3,-0.106
34.055,6.957E-3,-0.106
34.072,5.760E-3,-0.106
34.089,4.213E-3,-0.106
34.105,2.380E-3,-0.106
34.122,7.219E-4,-0.106
34.139,-6.884E-4,-0.106
34.156,-1.678E-3,-0.106
34.173,-2.124E-3,-0.106
34.190,-1.999E-3,-0.106
34.206,-1.286E-3,-0.106
34.223,-5.805E-5,-0.106
34.240,1.500E-3,-0.106
34.257,3.186E-3,-0.106
34.274,4.838E-3,-0.106
34.291,6.360E-3,-0.106
34.307,7.382E-3,-0.106
34.324,7.854E-3,-0.106
34.341,7.772E-3,-0.106
34.358,7.149E-3,-0.106
34.375,6.024E-3,-0.106
34.392,4.409E-3,-0.106
34.409,2.733E-3,-0.106
34.425,1.081E-3,-0.106
34.442,-4.028E-4,-0.106
34.459,-1.486E-3,-0.106
34.476,-2.024E-3,-0.106
34.493,-1.979E-3,-0.106
34.510,-1.365E-3,-0.106
34.526,-2.295E-4,-0.106
34.543,1.262E-3,-0.106
34.560,2.941E-3,-0.106
34.577,4.554E-3,-0.106
34.594,6.148E-3,-0.106
34.611,7.226E-3,-0.106
34.627,7.780E-3,-0.106
34.644,7.794E-3,-0.106
34.661,7.255E-3,-0.106
34.678,6.209E-3,-0.106
34.695,4.643E-3,-0.106
34.712,2.991E-3,-0.106
34.729,1.340E-3,-0.106
34.745,-1.344E-4,-0.106
34.762,-1.283E-3,-0.106
34.779,-1.912E-3,-0.106
34.796,-1.948E-3,-0.106
34.813,-1.450E-3,-0.106
34.830,-4.061E-4,-0.106
34.846,1.012E-3,-0.106
34.863,2.649E-3,-0.106
34.880,4.291E-3,-0.106
34.897,5.858E-3,-0.106
34.914,6.980E-3,-0.106
34.931,7.639E-3,-0.106
34.947,7.750E-3,-0.106
34.964,7.305E-3,-0.106
34.981,6.351E-3,-0.106
34.998,5.000E-3,-0.106
35.015,3.268E-3,-0.106
35.032,1.575E-3,-0.106
35.049,9.964E-5,-0.106
35.065,-1.084E-3,-0.106
35.082,-1.814E-3,-0.106
35.099,-1.954E-3,-0.106
35.116,-1.545E-3,-0.106
35.133,-6.145E-4,-0.106
35.150,7.511E-4,-0.106
35.166,2.333E-3,-0.106
35.183,3.965E-3,-0.106
35.200,5.611E-3,-0.106
35.217,6.794E-3,-0.106
35.234,7.516E-3,-0.106
35.251,7.690E-3,-0.106
35.267,7.312E-3,-0.106
35.284,6.462E-3,-0.106
35.301,5.152E-3,-0.106
35.318,3.451E-3,-0.106
35.335,1.830E-3,-0.106
35.352,3.154E-4,-0.106
35.369,-9.011E-4,-0.106
35.385,-1.686E-3,-0.106
35.402,-1.940E-3,-0.106
35.419,-1.625E-3,-0.106
35.436,-7.684E-4,-0.106
35.453,4.995E-4,-0.106
35.470,2.072E-3,-0.106
35.486,3.649E-3,-0.106
35.503,5.144E-3,-0.106
35.520,6.570E-3,-0.106
35.537,7.363E-3,-0.106
35.554,7.657E-3,-0.106
35.571,7.385E-3,-0.106
35.587,6.624E-3,-0.106
35.604,5.401E-3,-0.106
35.621,3.781E-3,-0.106
35.638,2.161E-3,-0.106
35.655,6.358E-4,-0.106
35.672,-6.650E-4,-0.106
35.689,-1.512E-3,-0.106
35.705,-1.859E-3,-0.106
35.722,-1.604E-3,-0.106
35.739,-8.519E-4,-0.106
35.756,3.573E-4,-0.106
35.773,1.854E-3,-0.106
35.790,3.444E-3,-0.106
35.806,4.936E-3,-0.106
35.823,6.357E-3,-0.106
35.840,7.228E-3,-0.106
35.857,7.614E-3,-0.106
35.874,7.432E-3,-0.106
35.891,6.767E-3,-0.106
35.907,5.645E-3,-0.106
35.924,4.045E-3,-0.106
35.941,2.482E-3,-0.106
35.958,9.135E-4,-0.106
35.975,-4.271E-4,-0.106
35.992,-1.349E-3,-0.106
36.009,-1.809E-3,-0.106
36.025,-1.663E-3,-0.106
36.042,-1.012E-3,-0.106
36.059,9.913E-5,-0.106
36.076,1.567E-3,-0.106
36.093,3.153E-3,-0.106
36.110,4.699E-3,-0.106
36.126,6.128E-3,-0.106
36.143,7.045E-3,-0.106
36.160,7.485E-3,-0.106
36.177,7.421E-3,-0.106
36.194,6.825E-3,-0.106
36.211,5.774E-3,-0.106
36.227,4.408E-3,-0.106
36.244,2.707E-3,-0.106
36.261,1.154E-3,-0.106
36.278,-1.997E-4,-0.106
36.295,-1.212E-3,-0.106
36.312,-1.729E-3,-0.106
36.329,-1.713E-3,-0.106
36.345,-1.129E-3,-0.106
36.362,-9.066E-5,-0.106
36.379,1.295E-3,-0.106
36.396,2.821E-3,-0.106
36.413,4.334E-3,-0.106
36.430,5.830E-3,-0.106
36.446,6.863E-3,-0.106
36.463,7.390E-3,-0.106
36.480,7.402E-3,-0.106
36.497,6.936E-3,-0.106
36.514,5.948E-3,-0.106
36.531,4.645E-3,-0.106
36.547,2.940E-3,-0.106
36.564,1.425E-3,-0.106
36.581,2.663E-5,-0.106
36.598,-1.024E-3,-0.106
36.615,-1.630E-3,-0.106
36.632,-1.685E-3,-0.106
36.649,-1.223E-3,-0.106
36.665,-2.535E-4,-0.106
36.682,1.057E-3,-0.106
36.699,2.577E-3,-0.106
36.716,4.107E-3,-0.106
36.733,5.427E-3,-0.106
36.750,6.646E-3,-0.106
36.766,7.281E-3,-0.106
36.783,7.382E-3,-0.106
36.800,6.996E-3,-0.106
36.817,6.121E-3,-0.106
36.834,4.840E-3,-0.106
36.851,3.222E-3,-0.106
36.867,1.679E-3,-0.106
36.884,2.836E-4,-0.106
36.901,-8.699E-4,-0.106
36.918,-1.532E-3,-0.106
36.935,-1.704E-3,-0.106
36.952,-1.301E-3,-0.106
36.969,-4.361E-4,-0.106
36.985,8.017E-4,-0.106
37.002,2.282E-3,-0.106
37.019,3.790E-3,-0.106
37.036,5.198E-3,-0.106
37.053,6.447E-3,-0.106
37.070,7.152E-3,-0.106
37.086,7.376E-3,-0.106
37.103,7.042E-3,-0.106
37.120,6.268E-3,-0.106
37.137,5.065E-3,-0.106
37.154,3.484E-3,-0.106
37.171,1.950E-3,-0.106
37.187,5.399E-4,-0.106
37.204,-6.188E-4,-0.106
37.221,-1.377E-3,-0.106
37.238,-1.642E-3,-0.106
37.255,-1.346E-3,-0.106
37.272,-6.036E-4,-0.106
37.289,5.785E-4,-0.106
37.305,2.010E-3,-0.106
37.322,3.525E-3,-0.106
37.339,4.951E-3,-0.106
37.356,6.262E-3,-0.106
37.373,7.017E-3,-0.106
37.390,7.332E-3,-0.106
37.406,7.078E-3,-0.106
37.423,6.367E-3,-0.106
37.440,5.280E-3,-0.106
37.457,3.860E-3,-0.106
37.474,2.218E-3,-0.106
37.491,7.692E-4,-0.106
37.507,-4.097E-4,-0.106
37.524,-1.240E-3,-0.106
37.541,-1.594E-3,-0.106
37.558,-1.415E-3,-0.106
37.575,-7.202E-4,-0.106
37.592,3.433E-4,-0.106
37.609,1.735E-3,-0.106
37.625,3.261E-3,-0.106
37.642,4.677E-3,-0.106
37.659,6.002E-3,-0.106
37.676,6.857E-3,-0.106
37.693,7.214E-3,-0.106
37.710,7.100E-3,-0.106
37.726,6.486E-3,-0.106
37.743,5.437E-3,-0.106
37.760,3.971E-3,-0.106
37.777,2.488E-3,-0.106
37.794,1.039E-3,-0.106
37.811,-2.117E-4,-0.106
37.827,-1.124E-3,-0.106
37.844,-1.560E-3,-0.106
37.861,-1.486E-3,-0.106
37.878,-8.702E-4,-0.106
37.895,1.562E-4,-0.106
37.912,1.502E-3,-0.106
37.929,2.968E-3,-0.106
37.945,4.399E-3,-0.106
37.962,5.782E-3,-0.106
37.979,6.676E-3,-0.106
37.996,7.154E-3,-0.106
38.013,7.130E-3,-0.106
38.030,6.577E-3,-0.106
38.046,5.638E-3,-0.106
38.063,4.381E-3,-0.106
38.080,2.791E-3,-0.106
38.097,1.366E-3,-0.106
38.114,6.681E-5,-0.106
38.131,-8.989E-4,-0.106
38.147,-1.424E-3,-0.106
38.164,-1.444E-3,-0.106
38.181,-9.163E-4,-0.106
38.198,-3.473E-6,-0.106
38.215,1.280E-3,-0.106
38.232,2.715E-3,-0.106
38.249,4.148E-3,-0.106
38.265,5.436E-3,-0.106
38.282,6.524E-3,-0.106
38.299,7.038E-3,-0.106
38.316,7.086E-3,-0.106
38.333,6.656E-3,-0.106
38.350,5.796E-3,-0.106
38.366,4.453E-3,-0.106
38.383,3.017E-3,-0.106
38.400,1.585E-3,-0.106
38.417,2.842E-4,-0.106
38.434,-7.622E-4,-0.106
38.451,-1.365E-3,-0.106
38.467,-1.460E-3,-0.106
38.484,-1.062E-3,-0.106
38.501,-1.639E-4,-0.106
38.518,1.019E-3,-0.106
38.535,2.423E-3,-0.106
38.552,3.829E-3,-0.106
38.569,5.269E-3,-0.106
38.585,6.316E-3,-0.106
38.602,6.912E-3,-0.106
38.619,7.036E-3,-0.106
38.636,6.730E-3,-0.106
38.653,5.900E-3,-0.106
38.670,4.745E-3,-0.106
38.686,3.234E-3,-0.106
38.703,1.802E-3,-0.106
38.720,4.569E-4,-0.106
38.737,-5.987E-4,-0.106
38.754,-1.263E-3,-0.106
38.771,-1.456E-3,-0.106
38.787,-1.126E-3,-0.106
38.804,-3.804E-4,-0.106
38.821,7.595E-4,-0.106
38.838,2.142E-3,-0.106
38.855,3.575E-3,-0.106
38.872,4.909E-3,-0.106
38.889,6.111E-3,-0.106
38.905,6.798E-3,-0.106
38.922,7.023E-3,-0.106
38.939,6.783E-3,-0.106
38.956,6.091E-3,-0.106
38.973,5.007E-3,-0.106
38.990,3.664E-3,-0.106
39.006,2.103E-3,-0.106
39.023,7.527E-4,-0.106
39.040,-3.753E-4,-0.106
39.057,-1.112E-3,-0.106
39.074,-1.416E-3,-0.106
39.091,-1.191E-3,-0.106
39.107,-5.141E-4,-0.106
39.124,5.284E-4,-0.106
39.141,1.872E-3,-0.106
39.158,3.277E-3,-0.106
39.175,4.605E-3,-0.106
39.192,5.716E-3,-0.106
39.209,6.606E-3,-0.106
39.225,6.955E-3,-0.106
39.242,6.787E-3,-0.106
39.259,6.191E-3,-0.106
39.276,5.199E-3,-0.106
39.293,3.794E-3,-0.106
39.310,2.393E-3,-0.106
39.326,1.032E-3,-0.106
39.343,-1.553E-4,-0.106
39.360,-9.442E-4,-0.106
39.377,-1.317E-3,-0.106
39.394,-1.223E-3,-0.106
39.411,-6.218E-4,-0.106
39.427,3.756E-4,-0.106
39.444,1.630E-3,-0.106
39.461,3.015E-3,-0.106
39.478,4.374E-3,-0.106
39.495,5.681E-3,-0.106
39.512,6.519E-3,-0.106
39.529,6.906E-3,-0.106
39.545,6.798E-3,-0.106
39.562,6.293E-3,-0.106
39.579,5.343E-3,-0.106
39.596,3.992E-3,-0.106
39.613,2.603E-3,-0.106
39.630,1.251E-3,-0.106
39.646,7.446E-5,-0.106
39.663,-8.136E-4,-0.106
39.680,-1.263E-3,-0.106
39.697,-1.215E-3,-0.106
39.714,-7.251E-4,-0.106
39.731,1.848E-4,-0.106
39.747,1.381E-3,-0.106
39.764,2.774E-3,-0.106
39.781,4.139E-3,-0.106
39.798,5.330E-3,-0.106
39.815,6.360E-3,-0.106
39.832,6.847E-3,-0.106
39.849,6.876E-3,-0.106
39.865,6.419E-3,-0.106
39.882,5.581E-3,-0.106
39.899,4.426E-3,-0.106
39.916,2.956E-3,-0.106
39.933,1.605E-3,-0.106
39.950,3.900E-4,-0.106
39.966,-5.553E-4,-0.106
39.983,-1.084E-3,-0.106
40.000,-1.127E-3,-0.106
40.017,-7.493E-4,-0.106
40.034,8.536E-5,-0.106
40.051,1.219E-3,-0.106
40.067,2.542E-3,-0.106
40.084,3.917E-3,-0.106
40.101,5.093E-3,-0.106
40.118,6.152E-3,-0.106
40.135,6.717E-3,-0.106
40.152,6.807E-3,-0.106
40.169,6.457E-3,-0.106
40.185,5.723E-3,-0.106
40.202,4.579E-3,-0.106
40.219,3.293E-3,-0.106
40.236,1.773E-3,-0.106
40.253,5.688E-4,-0.106
40.270,-4.255E-4,-0.106
40.286,-1.005E-3,-0.106
40.303,-1.153E-3,-0.106
40.320,-8.588E-4,-0.106
40.337,-8.051E-5,-0.106
40.354,1.033E-3,-0.106
40.371,2.285E-3,-0.106
40.387,3.615E-3,-0.106
40.404,4.843E-3,-0.106
40.421,5.983E-3,-0.106
40.438,6.613E-3,-0.106
40.455,6.804E-3,-0.106
40.472,6.557E-3,-0.106
40.489,5.855E-3,-0.106
40.505,4.817E-3,-0.106
40.522,3.554E-3,-0.106
40.539,2.236E-3,-0.106
40.556,9.821E-4,-0.106
40.573,-4.026E-5,-0.106
40.590,-8.287E-4,-0.106
40.606,-1.058E-3,-0.106
40.623,-8.308E-4,-0.106
40.640,-1.670E-4,-0.106
40.657,8.491E-4,-0.106
40.674,2.078E-3,-0.106
40.691,3.381E-3,-0.106
40.707,4.640E-3,-0.106
40.724,5.809E-3,-0.106
40.741,6.495E-3,-0.106
40.758,6.743E-3,-0.106
40.775,6.601E-3,-0.106
40.792,5.992E-3,-0.106
40.809,5.036E-3,-0.106
40.825,3.817E-3,-0.106
40.842,2.385E-3,-0.106
40.859,1.119E-3,-0.106
40.876,5.774E-5,-0.106
40.893,-6.947E-4,-0.106
40.910,-9.998E-4,-0.106
40.926,-8.652E-4,-0.106
40.943,-2.868E-4,-0.106
40.960,6.979E-4,-0.106
40.977,1.883E-3,-0.106
40.994,3.164E-3,-0.106
41.011,4.426E-3,-0.106
41.027,5.631E-3,-0.106
41.044,6.380E-3,-0.106
41.061,6.726E-3,-0.106
41.078,6.634E-3,-0.106
41.095,6.105E-3,-0.106
41.112,5.199E-3,-0.106
41.129,4.043E-3,-0.106
41.145,2.607E-3,-0.106
41.162,1.347E-3,-0.106
41.179,2.488E-4,-0.106
41.196,-5.588E-4,-0.106
41.213,-9.876E-4,-0.106
41.230,-9.242E-4,-0.106
41.246,-4.466E-4,-0.106
41.263,4.362E-4,-0.106
41.280,1.578E-3,-0.106
41.297,2.876E-3,-0.106
41.314,4.129E-3,-0.106
41.331,5.374E-3,-0.106
41.347,6.191E-3,-0.106
41.364,6.633E-3,-0.106
41.381,6.631E-3,-0.106
41.398,6.185E-3,-0.106
41.415,5.379E-3,-0.106
41.432,4.272E-3,-0.106
41.449,2.995E-3,-0.106
41.465,1.581E-3,-0.106
41.482,4.684E-4,-0.106
41.499,-4.095E-4,-0.106
41.516,-8.658E-4,-0.106
41.533,-8.896E-4,-0.106
41.550,-4.685E-4,-0.106
41.566,3.496E-4,-0.106
41.583,1.439E-3,-0.106
41.600,2.677E-3,-0.106
41.617,3.923E-3,-0.106
41.634,5.082E-3,-0.106
41.651,5.931E-3,-0.106
41.668,6.412E-3,-0.106
41.684,6.488E-3,-0.106
41.701,6.118E-3,-0.106
41.718,5.364E-3,-0.106
41.735,4.326E-3,-0.106
41.752,3.132E-3,-0.106
41.769,1.870E-3,-0.106
41.785,7.014E-4,-0.106
41.802,-1.987E-4,-0.106
41.819,-7.416E-4,-0.106
41.836,-8.649E-4,-0.106
41.853,-5.415E-4,-0.106
41.870,1.590E-4,-0.106
41.886,1.201E-3,-0.106
41.903,2.436E-3,-0.106
41.920,3.685E-3,-0.106
41.937,4.823E-3,-0.106
41.954,5.846E-3,-0.106
41.971,6.434E-3,-0.106
41.988,6.570E-3,-0.106
42.004,6.302E-3,-0.106
42.021,5.640E-3,-0.106
42.038,4.669E-3,-0.106
42.055,3.458E-3,-0.106
42.072,2.186E-3,-0.106
42.089,1.016E-3,-0.106
42.105,4.679E-5,-0.106
42.122,-5.980E-4,-0.106
42.139,-7.949E-4,-0.106
42.156,-5.317E-4,-0.106
42.173,1.108E-4,-0.106
42.190,1.112E-3,-0.106
42.206,2.301E-3,-0.106
42.223,3.537E-3,-0.106
42.240,4.710E-3,-0.106
42.257,5.658E-3,-0.106
42.274,6.275E-3,-0.106
42.291,6.530E-3,-0.106
42.308,6.309E-3,-0.106
42.324,5.723E-3,-0.106
42.341,4.777E-3,-0.106
42.358,3.653E-3,-0.106
42.375,2.406E-3,-0.106
42.392,1.198E-3,-0.106
42.409,2.129E-4,-0.106
42.425,-4.722E-4,-0.106
42.442,-7.378E-4,-0.106
42.459,-6.082E-4,-0.106
42.476,-4.001E-5,-0.106
42.493,8.920E-4,-0.106
42.510,1.998E-3,-0.106
42.526,3.260E-3,-0.106
42.543,4.422E-3,-0.106
42.560,5.423E-3,-0.106
42.577,6.132E-3,-0.106
42.594,6.415E-3,-0.106
42.611,6.330E-3,-0.106
42.628,5.772E-3,-0.106
42.644,4.964E-3,-0.106
42.661,3.863E-3,-0.106
42.678,2.659E-3,-0.106
42.695,1.447E-3,-0.106
42.712,4.054E-4,-0.106
42.729,-3.265E-4,-0.106
42.745,-7.119E-4,-0.106
42.762,-6.790E-4,-0.106
42.779,-1.554E-4,-0.106
42.796,6.693E-4,-0.106
42.813,1.766E-3,-0.106
42.830,2.983E-3,-0.106
42.846,4.202E-3,-0.106
42.863,5.234E-3,-0.106
42.880,5.964E-3,-0.105
42.897,6.375E-3,-0.106
42.914,6.349E-3,-0.106
42.931,5.946E-3,-0.106
42.948,5.200E-3,-0.106
42.964,4.152E-3,-0.106
42.981,2.959E-3,-0.106
42.998,1.754E-3,-0.106
43.015,7.192E-4,-0.106
43.032,-7.312E-5,-0.106
43.049,-5.231E-4,-0.106
43.065,-5.656E-4,-0.106
43.082,-1.776E-4,-0.106
43.099,6.008E-4,-0.106
43.116,1.652E-3,-0.106
43.133,2.841E-3,-0.106
43.150,4.012E-3,-0.106
43.166,5.090E-3,-0.106
43.183,5.851E-3,-0.106
43.200,6.312E-3,-0.106
43.217,6.353E-3,-0.105
43.234,6.013E-3,-0.106
43.251,5.341E-3,-0.106
43.268,4.355E-3,-0.106
43.284,3.184E-3,-0.106
43.301,1.979E-3,-0.106
43.318,9.050E-4,-0.106
43.335,8.129E-5,-0.106
43.352,-4.361E-4,-0.106
43.369,-5.718E-4,-0.106
43.385,-2.306E-4,-0.106
43.402,4.657E-4,-0.106
43.419,1.453E-3,-0.106
43.436,2.590E-3,-0.106
43.453,3.780E-3,-0.106
43.470,4.882E-3,-0.106
43.486,5.719E-3,-0.106
43.503,6.228E-3,-0.106
43.520,6.346E-3,-0.106
43.537,6.103E-3,-0.106
43.554,5.427E-3,-0.106
43.571,4.517E-3,-0.106
43.588,3.366E-3,-0.106
43.604,2.177E-3,-0.106
43.621,1.105E-3,-0.106
43.638,2.027E-4,-0.106
43.655,-3.611E-4,-0.106
43.672,-5.721E-4,-0.106
43.689,-3.183E-4,-0.106
43.705,2.761E-4,-0.106
43.722,1.192E-3,-0.106
43.739,2.342E-3,-0.106
43.756,3.517E-3,-0.106
43.773,4.609E-3,-0.106
43.790,5.513E-3,-0.106
43.806,6.064E-3,-0.106
43.823,6.265E-3,-0.106
43.840,6.092E-3,-0.106
43.857,5.531E-3,-0.106
43.874,4.646E-3,-0.106
43.891,3.575E-3,-0.106
43.908,2.412E-3,-0.106
43.924,1.297E-3,-0.106
43.941,3.531E-4,-0.106
43.958,-2.964E-4,-0.106
43.975,-5.223E-4,-0.106
43.992,-3.776E-4,-0.106
44.009,1.597E-4,-0.106
44.025,1.035E-3,-0.106
44.042,2.114E-3,-0.106
44.059,3.302E-3,-0.106
44.076,4.401E-3,-0.106
44.093,5.340E-3,-0.105
44.110,5.993E-3,-0.106
44.126,6.303E-3,-0.106
44.143,6.181E-3,-0.106
44.160,5.694E-3,-0.106
44.177,4.861E-3,-0.106
44.194,3.795E-3,-0.106
44.211,2.642E-3,-0.106
44.228,1.518E-3,-0.106
44.244,5.732E-4,-0.106
44.261,-1.132E-4,-0.106
44.278,-4.765E-4,-0.106
44.295,-3.699E-4,-0.106
44.312,8.819E-5,-0.106
44.329,8.601E-4,-0.106
44.345,1.910E-3,-0.106
44.362,3.082E-3,-0.106
44.379,4.184E-3,-0.106
44.396,5.162E-3,-0.106
44.413,5.858E-3,-0.106
44.430,6.203E-3,-0.106
44.446,6.185E-3,-0.106
44.463,5.779E-3,-0.106
44.480,5.040E-3,-0.106
44.497,4.023E-3,-0.106
44.514,2.922E-3,-0.106
44.531,1.796E-3,-0.106
44.548,7.819E-4,-0.106
44.564,2.946E-5,-0.106
44.581,-3.668E-4,-0.106
44.598,-3.735E-4,-0.106
44.615,1.147E-5,-0.106
44.632,7.403E-4,-0.106
44.649,1.746E-3,-0.106
44.665,2.886E-3,-0.106
44.682,3.983E-3,-0.106
44.699,4.989E-3,-0.106
44.716,5.737E-3,-0.105
44.733,6.186E-3,-0.106
44.750,6.208E-3,-0.106
44.766,5.858E-3,-0.106
44.783,5.194E-3,-0.106
44.800,4.246E-3,-0.106
44.817,3.159E-3,-0.106
44.834,2.008E-3,-0.106
44.851,9.884E-4,-0.106
44.868,1.763E-4,-0.106
44.884,-2.668E-4,-0.106
44.901,-3.310E-4,-0.106
44.918,-3.716E-5,-0.106
44.935,6.187E-4,-0.106
44.952,1.563E-3,-0.106
44.969,2.676E-3,-0.106
44.985,3.754E-3,-0.106
45.002,4.796E-3,-0.106
45.019,5.598E-3,-0.106
45.036,6.081E-3,-0.106
45.053,6.184E-3,-0.106
45.070,5.933E-3,-0.106
45.086,5.354E-3,-0.106
45.103,4.482E-3,-0.106
45.120,3.366E-3,-0.106
45.137,2.257E-3,-0.106
45.154,1.204E-3,-0.106
45.171,3.735E-4,-0.106
45.188,-1.746E-4,-0.106
45.204,-3.257E-4,-0.106
45.221,-9.232E-5,-0.106
45.238,5.206E-4,-0.106
45.255,1.398E-3,-0.106
45.272,2.465E-3,-0.106
45.289,3.561E-3,-0.106
45.305,4.620E-3,-0.106
45.322,5.432E-3,-0.106
45.339,5.990E-3,-0.106
45.356,6.178E-3,-0.106
45.373,6.001E-3,-0.106
45.390,5.462E-3,-0.106
45.406,4.619E-3,-0.106
45.423,3.572E-3,-0.106
45.440,2.484E-3,-0.106
45.457,1.411E-3,-0.106
45.474,5.442E-4,-0.106
45.491,-5.515E-5,-0.106
45.508,-2.826E-4,-0.106
45.524,-1.231E-4,-0.106
45.541,4.090E-4,-0.106
45.558,1.215E-3,-0.106
45.575,2.244E-3,-0.106
45.592,3.348E-3,-0.106
45.609,4.385E-3,-0.106
45.625,5.281E-3,-0.106
45.642,5.851E-3,-0.106
45.659,6.118E-3,-0.106
45.676,5.980E-3,-0.106
45.693,5.541E-3,-0.106
45.710,4.778E-3,-0.106
45.726,3.772E-3,-0.106
45.743,2.701E-3,-0.106
45.760,1.598E-3,-0.106
45.777,7.293E-4,-0.106
45.794,7.653E-5,-0.106
45.811,-2.448E-4,-0.106
45.828,-1.833E-4,-0.106
45.844,2.988E-4,-0.106
45.861,1.083E-3,-0.106
45.878,2.013E-3,-0.106
45.895,3.126E-3,-0.106
45.912,4.196E-3,-0.106
45.929,5.115E-3,-0.106
45.945,5.746E-3,-0.105
45.962,6.079E-3,-0.106
45.979,6.026E-3,-0.106
45.996,5.630E-3,-0.106
46.013,4.926E-3,-0.106
46.030,3.985E-3,-0.106
46.046,2.915E-3,-0.106
46.063,1.873E-3,-0.106
46.080,9.309E-4,-0.106
46.097,2.183E-4,-0.106
46.114,-1.596E-4,-0.106
46.131,-1.736E-4,-0.106
46.148,2.008E-4,-0.106
46.164,9.180E-4,-0.106
46.181,1.859E-3,-0.106
46.198,2.916E-3,-0.106
46.215,3.982E-3,-0.106
46.232,4.950E-3,-0.106
46.249,5.645E-3,-0.106
46.265,6.018E-3,-0.106
46.282,6.040E-3,-0.106
46.299,5.735E-3,-0.106
46.316,5.096E-3,-0.106
46.333,4.191E-3,-0.106
46.350,3.141E-3,-0.106
46.366,2.079E-3,-0.106
46.383,1.111E-3,-0.106
46.400,3.936E-4,-0.106
46.417,-5.650E-5,-0.106
46.434,-1.509E-4,-0.106
46.451,1.484E-4,-0.106
46.468,8.169E-4,-0.106
46.484,1.709E-3,-0.106
46.501,2.753E-3,-0.106
46.518,3.824E-3,-0.106
46.535,4.772E-3,-0.106
46.552,5.534E-3,-0.106
46.569,5.960E-3,-0.105
46.585,6.067E-3,-0.106
46.602,5.828E-3,-0.106
46.619,5.234E-3,-0.106
46.636,4.381E-3,-0.106
46.653,3.367E-3,-0.106
46.670,2.332E-3,-0.106
46.686,1.346E-3,-0.106
46.703,5.728E-4,-0.106
46.720,7.016E-5,-0.106
46.737,-1.080E-4,-0.106
46.754,1.064E-4,-0.106
46.771,6.971E-4,-0.106
46.788,1.514E-3,-0.106
46.804,2.542E-3,-0.106
46.821,3.587E-3,-0.106
46.838,4.584E-3,-0.106
46.855,5.370E-3,-0.106
46.872,5.874E-3,-0.106
46.889,6.013E-3,-0.106
46.905,5.848E-3,-0.106
46.922,5.347E-3,-0.106
46.939,4.560E-3,-0.106
46.956,3.569E-3,-0.106
46.973,2.546E-3,-0.106
46.990,1.556E-3,-0.106
47.006,7.338E-4,-0.106
47.023,1.769E-4,-0.106
47.040,-2.200E-5,-0.106
47.057,1.315E-4,-0.106
47.074,6.159E-4,-0.106
47.091,1.391E-3,-0.106
47.108,2.383E-3,-0.106
47.124,3.426E-3,-0.106
47.141,4.396E-3,-0.106
47.158,5.218E-3,-0.106
47.175,5.785E-3,-0.106
47.192,6.007E-3,-0.106
47.209,5.900E-3,-0.106
47.225,5.436E-3,-0.106
47.242,4.677E-3,-0.106
47.259,3.743E-3,-0.106
47.276,2.740E-3,-0.106
47.293,1.735E-3,-0.106
47.310,9.075E-4,-0.106
47.326,2.768E-4,-0.106
47.343,-8.825E-7,-0.106
47.360,8.069E-5,-0.106
47.377,4.769E-4,-0.106
47.394,1.184E-3,-0.106
47.411,2.120E-3,-0.106
47.428,3.169E-3,-0.106
47.444,4.157E-3,-0.106
47.461,5.017E-3,-0.106
47.478,5.619E-3,-0.106
47.495,5.937E-3,-0.106
47.512,5.896E-3,-0.106
47.529,5.512E-3,-0.106
47.545,4.807E-3,-0.106
47.562,3.922E-3,-0.106
47.579,2.920E-3,-0.106
47.596,1.934E-3,-0.106
47.613,1.065E-3,-0.106
47.630,3.897E-4,-0.106
47.646,5.195E-5,-0.106
47.663,3.818E-5,-0.106
47.680,3.851E-4,-0.106
47.697,1.066E-3,-0.106
47.714,1.922E-3,-0.106
47.731,2.940E-3,-0.106
47.748,3.953E-3,-0.106
47.764,4.844E-3,-0.106
47.781,5.484E-3,-0.106
47.798,5.830E-3,-0.106
47.815,5.870E-3,-0.106
47.832,5.535E-3,-0.106
47.849,4.956E-3,-0.106
47.865,4.110E-3,-0.106
47.882,3.114E-3,-0.106
47.899,2.109E-3,-0.106
47.916,1.226E-3,-0.106
47.933,5.187E-4,-0.106
47.950,1.239E-4,-0.106
47.966,7.614E-5,-0.106
47.983,3.647E-4,-0.106
48.000,9.340E-4,-0.106
48.017,1.798E-3,-0.106
48.034,2.759E-3,-0.106
48.051,3.779E-3,-0.106
48.068,4.691E-3,-0.106
48.084,5.374E-3,-0.106
48.101,5.798E-3,-0.106
48.118,5.890E-3,-0.106
48.135,5.621E-3,-0.106
48.152,5.064E-3,-0.106
48.169,4.250E-3,-0.106
48.185,3.291E-3,-0.106
48.202,2.295E-3,-0.106
48.219,1.343E-3,-0.106
48.236,6.319E-4,-0.106
48.253,1.326E-4,-0.106
48.270,2.724E-5,-0.106
48.286,2.277E-4,-0.106
48.303,7.788E-4,-0.106
48.320,1.566E-3,-0.106
48.337,2.529E-3,-0.106
48.354,3.546E-3,-0.106
48.371,4.460E-3,-0.106
48.388,5.185E-3,-0.106
48.404,5.679E-3,-0.106
48.421,5.815E-3,-0.106
48.438,5.627E-3,-0.106
48.455,5.149E-3,-0.106
48.472,4.406E-3,-0.106
48.489,3.477E-3,-0.106
48.505,2.481E-3,-0.106
48.522,1.548E-3,-0.106
48.539,7.770E-4,-0.106
48.556,2.713E-4,-0.106
48.573,4.856E-5,-0.106
48.590,1.884E-4,-0.106
48.606,6.575E-4,-0.106
48.623,1.400E-3,-0.106
48.640,2.304E-3,-0.106
48.657,3.288E-3,-0.106
48.674,4.181E-3,-0.106
48.691,4.986E-3,-0.106
48.708,5.511E-3,-0.106
48.724,5.727E-3,-0.106
48.741,5.577E-3,-0.106
48.758,5.170E-3,-0.106
48.775,4.494E-3,-0.106
48.792,3.590E-3,-0.106
48.809,2.625E-3,-0.106
48.825,1.692E-3,-0.106
48.842,8.554E-4,-0.106
48.859,3.063E-4,-0.106
48.876,5.319E-5,-0.106
48.893,1.058E-4,-0.106
48.910,5.393E-4,-0.106
48.926,1.225E-3,-0.106
48.943,2.112E-3,-0.106
48.960,3.106E-3,-0.106
48.977,4.010E-3,-0.106
48.994,4.836E-3,-0.106
49.011,5.401E-3,-0.106
49.028,5.710E-3,-0.106
49.044,5.639E-3,-0.106
49.061,5.279E-3,-0.106
49.078,4.615E-3,-0.106
49.095,3.785E-3,-0.106
49.112,2.835E-3,-0.106
49.129,1.890E-3,-0.106
49.145,1.047E-3,-0.106
49.162,4.161E-4,-0.106
49.179,8.153E-5,-0.106
49.196,9.937E-5,-0.106
49.213,4.593E-4,-0.106
49.230,1.096E-3,-0.106
49.246,1.897E-3,-0.106
49.263,2.831E-3,-0.106
49.280,3.763E-3,-0.106
49.297,4.611E-3,-0.106
49.314,5.237E-3,-0.106
49.331,5.567E-3,-0.106
49.348,5.615E-3,-0.106
49.364,5.336E-3,-0.106
49.381,4.759E-3,-0.106
49.398,3.964E-3,-0.106
49.415,3.066E-3,-0.106
49.432,2.111E-3,-0.106
49.449,1.275E-3,-0.106
49.465,5.953E-4,-0.106
49.482,1.949E-4,-0.106
49.499,1.505E-4,-0.106
49.516,4.524E-4,-0.106
49.533,9.953E-4,-0.106
49.550,1.789E-3,-0.106
49.566,2.714E-3,-0.106
49.583,3.671E-3,-0.106
49.600,4.532E-3,-0.106
49.617,5.195E-3,-0.106
49.634,5.595E-3,-0.106
49.651,5.680E-3,-0.106
49.668,5.437E-3,-0.106
49.684,4.925E-3,-0.106
49.701,4.130E-3,-0.106
49.718,3.248E-3,-0.106
49.735,2.299E-3,-0.106
49.752,1.409E-3,-0.106
49.769,7.358E-4,-0.106
49.785,3.368E-4,-0.106
49.802,1.879E-4,-0.106
49.819,4.067E-4,-0.106
49.836,9.187E-4,-0.106
49.853,1.678E-3,-0.106
49.870,2.547E-3,-0.106
49.886,3.487E-3,-0.106
49.903,4.351E-3,-0.106
49.920,5.066E-3,-0.106
49.937,5.489E-3,-0.106
49.954,5.621E-3,-0.106
49.971,5.469E-3,-0.106
49.988,4.998E-3,-0.106
50.004,4.302E-3,-0.106
50.021,3.386E-3,-0.106
50.038,2.482E-3,-0.106
50.055,1.575E-3,-0.106
50.072,8.490E-4,-0.106
50.089,3.748E-4,-0.106
50.105,1.804E-4,-0.106
50.122,3.436E-4,-0.106
50.139,7.975E-4,-0.106
50.156,1.502E-3,-0.106
50.173,2.339E-3,-0.106
50.190,3.275E-3,-0.106
50.206,4.141E-3,-0.106
50.223,4.892E-3,-0.106
50.240,5.367E-3,-0.106
50.257,5.583E-3,-0.106
50.274,5.491E-3,-0.106
50.291,5.067E-3,-0.106
50.308,4.399E-3,-0.106
50.324,3.579E-3,-0.106
50.341,2.673E-3,-0.106
50.358,1.772E-3,-0.106
50.375,1.010E-3,-0.106
50.392,4.880E-4,-0.106
50.409,2.109E-4,-0.106
50.425,3.177E-4,-0.106
50.442,7.111E-4,-0.106
50.459,1.361E-3,-0.106
50.476,2.202E-3,-0.106
50.493,3.130E-3,-0.106
50.510,3.997E-3,-0.106
50.526,4.762E-3,-0.106
50.543,5.328E-3,-0.106
50.560,5.602E-3,-0.106
50.577,5.567E-3,-0.106
50.594,5.226E-3,-0.106
50.611,4.617E-3,-0.106
50.628,3.807E-3,-0.106
50.644,2.916E-3,-0.106
50.661,2.033E-3,-0.106
50.678,1.230E-3,-0.106
50.695,6.651E-4,-0.106
50.712,3.514E-4,-0.106
50.729,3.586E-4,-0.106
50.745,6.810E-4,-0.106
50.762,1.253E-3,-0.106
50.779,2.033E-3,-0.106
50.796,2.933E-3,-0.106
50.813,3.821E-3,-0.106
50.830,4.603E-3,-0.106
50.846,5.178E-3,-0.106
50.863,5.530E-3,-0.106
50.880,5.560E-3,-0.106
50.897,5.266E-3,-0.106
50.914,4.716E-3,-0.106
50.931,3.935E-3,-0.106
50.948,3.080E-3,-0.106
50.964,2.152E-3,-0.106
50.981,1.377E-3,-0.106
50.998,7.668E-4,-0.106
51.015,4.127E-4,-0.106
51.032,3.593E-4,-0.106
51.049,6.045E-4,-0.106
51.065,1.157E-3,-0.106
51.082,1.912E-3,-0.106
51.099,2.784E-3,-0.106
51.116,3.661E-3,-0.106
51.133,4.464E-3,-0.106
51.150,5.081E-3,-0.106
51.166,5.439E-3,-0.106
51.183,5.522E-3,-0.106
51.200,5.268E-3,-0.106
51.217,4.762E-3,-0.106
51.234,4.047E-3,-0.106
51.251,3.192E-3,-0.106
51.268,2.327E-3,-0.106
51.284,1.529E-3,-0.106
51.301,8.710E-4,-0.106
51.318,4.786E-4,-0.106
51.335,3.361E-4,-0.106
51.352,5.414E-4,-0.106
51.369,1.029E-3,-0.106
51.385,1.734E-3,-0.106
51.402,2.590E-3,-0.106
51.419,3.470E-3,-0.106
51.436,4.275E-3,-0.106
51.453,4.929E-3,-0.106
51.470,5.349E-3,-0.106
51.486,5.508E-3,-0.106
51.503,5.340E-3,-0.106
51.520,4.899E-3,-0.106
51.537,4.223E-3,-0.106
51.554,3.418E-3,-0.106
51.571,2.525E-3,-0.106
51.588,1.708E-3,-0.106
51.604,1.041E-3,-0.106
51.621,5.707E-4,-0.106
51.638,4.161E-4,-0.106
51.655,5.246E-4,-0.106
51.672,9.647E-4,-0.106
51.689,1.621E-3,-0.106
51.705,2.435E-3,-0.106
51.722,3.298E-3,-0.106
51.739,4.104E-3,-0.106
51.756,4.780E-3,-0.106
51.773,5.236E-3,-0.106
51.790,5.450E-3,-0.106
51.806,5.346E-3,-0.106
51.823,4.961E-3,-0.106
51.840,4.358E-3,-0.106
51.857,3.574E-3,-0.106
51.874,2.699E-3,-0.106
51.891,1.832E-3,-0.106
51.908,1.137E-3,-0.106
51.924,6.449E-4,-0.106
51.941,3.940E-4,-0.106
51.958,4.773E-4,-0.106
51.975,8.083E-4,-0.106
51.992,1.432E-3,-0.106
52.009,2.212E-3,-0.106
52.025,3.060E-3,-0.106
52.042,3.885E-3,-0.106
52.059,4.566E-3,-0.106
52.076,5.111E-3,-0.106
52.093,5.341E-3,-0.106
52.110,5.336E-3,-0.106
52.126,5.004E-3,-0.106
52.143,4.412E-3,-0.106
52.160,3.649E-3,-0.106
52.177,2.808E-3,-0.106
52.194,1.960E-3,-0.106
52.211,1.235E-3,-0.106
52.228,7.236E-4,-0.106
52.244,4.333E-4,-0.106
52.261,4.533E-4,-0.106
52.278,7.424E-4,-0.106
52.295,1.309E-3,-0.106
52.312,2.054E-3,-0.106
52.329,2.899E-3,-0.106
52.345,3.719E-3,-0.106
52.362,4.476E-3,-0.106
52.379,5.010E-3,-0.106
52.396,5.327E-3,-0.106
52.413,5.312E-3,-0.106
52.430,5.033E-3,-0.106
52.446,4.501E-3,-0.106
52.463,3.765E-3,-0.106
52.480,2.968E-3,-0.106
52.497,2.129E-3,-0.106
52.514,1.389E-3,-0.106
52.531,8.271E-4,-0.106
52.548,4.945E-4,-0.106
52.564,4.217E-4,-0.106
52.581,6.664E-4,-0.106
52.598,1.163E-3,-0.106
52.615,1.889E-3,-0.106
52.632,2.679E-3,-0.106
52.649,3.500E-3,-0.106
52.665,4.239E-3,-0.106
52.682,4.832E-3,-0.106
52.699,5.179E-3,-0.106
52.716,5.263E-3,-0.106
52.733,5.039E-3,-0.106
52.750,4.576E-3,-0.106
52.766,3.916E-3,-0.106
52.783,3.098E-3,-0.106
52.800,2.246E-3,-0.106
52.817,1.476E-3,-0.106
52.834,8.662E-4,-0.106
52.851,4.875E-4,-0.106
52.868,3.572E-4,-0.106
52.884,5.745E-4,-0.106
52.901,1.036E-3,-0.106
52.918,1.698E-3,-0.106
52.935,2.498E-3,-0.106
52.952,3.313E-3,-0.106
52.969,4.058E-3,-0.106
52.985,4.669E-3,-0.106
53.002,5.063E-3,-0.106
53.019,5.183E-3,-0.106
53.036,5.031E-3,-0.106
53.053,4.633E-3,-0.106
53.070,3.987E-3,-0.106
53.086,3.223E-3,-0.106
53.103,2.400E-3,-0.106
53.120,1.621E-3,-0.106
53.137,9.980E-4,-0.106
53.154,5.627E-4,-0.106
53.171,4.187E-4,-0.106
53.188,5.618E-4,-0.106
53.204,9.770E-4,-0.106
53.221,1.597E-3,-0.106
53.238,2.368E-3,-0.106
53.255,3.185E-3,-0.106
53.272,3.982E-3,-0.106
53.289,4.625E-3,-0.106
53.305,5.079E-3,-0.106
53.322,5.259E-3,-0.106
53.339,5.159E-3,-0.106
53.356,4.813E-3,-0.106
53.373,4.217E-3,-0.106
53.390,3.489E-3,-0.106
53.406,2.624E-3,-0.106
53.423,1.840E-3,-0.106
53.440,1.176E-3,-0.106
53.457,7.361E-4,-0.106
53.474,5.270E-4,-0.106
53.491,6.025E-4,-0.106
53.508,9.622E-4,-0.106
53.524,1.552E-3,-0.106
53.541,2.316E-3,-0.106
53.558,3.127E-3,-0.106
53.575,3.933E-3,-0.106
53.592,4.611E-3,-0.106
53.609,5.089E-3,-0.106
53.625,5.295E-3,-0.106
53.642,5.239E-3,-0.106
53.659,4.939E-3,-0.106
53.676,4.390E-3,-0.106
53.693,3.689E-3,-0.106
53.710,2.887E-3,-0.106
53.726,2.066E-3,-0.106
53.743,1.369E-3,-0.106
53.760,8.609E-4,-0.106
53.777,5.896E-4,-0.106
53.794,5.897E-4,-0.106
53.811,9.096E-4,-0.106
53.828,1.451E-3,-0.106
53.844,2.145E-3,-0.106
53.861,2.944E-3,-0.106
53.878,3.762E-3,-0.106
53.895,4.463E-3,-0.106
53.912,4.995E-3,-0.106
53.929,5.245E-3,-0.106
53.945,5.254E-3,-0.106
53.962,4.998E-3,-0.106
53.979,4.512E-3,-0.106
53.996,3.811E-3,-0.106
54.013,3.015E-3,-0.106
54.030,2.244E-3,-0.106
54.046,1.527E-3,-0.106
54.063,1.002E-3,-0.106
54.080,7.050E-4,-0.106
54.097,6.682E-4,-0.106
54.114,8.712E-4,-0.106
54.131,1.349E-3,-0.106
54.148,2.029E-3,-0.106
54.164,2.816E-3,-0.106
54.181,3.603E-3,-0.106
54.198,4.301E-3,-0.106
54.215,4.834E-3,-0.106
54.232,5.181E-3,-0.106
54.249,5.230E-3,-0.106
54.265,5.026E-3,-0.106
54.282,4.578E-3,-0.106
54.299,3.955E-3,-0.106
54.316,3.205E-3,-0.106
54.333,2.406E-3,-0.106
54.350,1.676E-3,-0.106
54.366,1.106E-3,-0.106
54.383,7.616E-4,-0.106
54.400,6.740E-4,-0.106
54.417,8.143E-4,-0.106
54.434,1.269E-3,-0.106
54.451,1.897E-3,-0.106
54.468,2.618E-3,-0.106
54.484,3.377E-3,-0.106
54.501,4.140E-3,-0.106
54.518,4.724E-3,-0.106
54.535,5.126E-3,-0.106
54.552,5.241E-3,-0.106
54.569,5.095E-3,-0.106
54.585,4.667E-3,-0.106
54.602,4.038E-3,-0.106
54.619,3.321E-3,-0.106
54.636,2.562E-3,-0.106
54.653,1.828E-3,-0.106
54.670,1.226E-3,-0.106
54.686,8.141E-4,-0.106
54.703,6.592E-4,-0.106
54.720,7.884E-4,-0.106
54.737,1.173E-3,-0.106
54.754,1.749E-3,-0.106
54.771,2.491E-3,-0.106
54.788,3.225E-3,-0.106
54.804,3.978E-3,-0.106
54.821,4.616E-3,-0.106
54.838,5.014E-3,-0.106
54.855,5.184E-3,-0.106
54.872,5.085E-3,-0.106
54.889,4.736E-3,-0.106
54.905,4.194E-3,-0.106
54.922,3.505E-3,-0.106
54.939,2.705E-3,-0.106
54.956,1.939E-3,-0.106
54.973,1.325E-3,-0.106
54.990,8.994E-4,-0.106
55.006,7.115E-4,-0.106
55.023,7.858E-4,-0.106
55.040,1.120E-3,-0.106
55.057,1.685E-3,-0.106
55.074,2.364E-3,-0.106
55.091,3.130E-3,-0.106
55.108,3.902E-3,-0.106
55.124,4.501E-3,-0.106
55.141,4.937E-3,-0.106
55.158,5.166E-3,-0.106
55.175,5.131E-3,-0.106
55.192,4.843E-3,-0.106
55.209,4.339E-3,-0.106
55.225,3.666E-3,-0.106
55.242,2.905E-3,-0.106
55.259,2.122E-3,-0.106
55.276,1.495E-3,-0.106
55.293,9.860E-4,-0.106
55.310,7.609E-4,-0.106
55.326,7.832E-4,-0.106
55.343,1.053E-3,-0.106
55.360,1.553E-3,-0.106
55.377,2.220E-3,-0.106
55.394,2.959E-3,-0.106
55.411,3.725E-3,-0.106
55.428,4.392E-3,-0.106
55.444,4.868E-3,-0.106
55.461,5.138E-3,-0.106
55.478,5.156E-3,-0.106
55.495,4.907E-3,-0.106
55.512,4.421E-3,-0.106
55.529,3.773E-3,-0.106
55.545,3.034E-3,-0.106
55.562,2.297E-3,-0.106
55.579,1.605E-3,-0.106
55.596,1.101E-3,-0.106
55.613,7.889E-4,-0.106
55.630,7.613E-4,-0.106
55.646,9.750E-4,-0.106
55.663,1.455E-3,-0.106
55.680,2.065E-3,-0.106
55.697,2.798E-3,-0.106
55.714,3.540E-3,-0.106
55.731,4.205E-3,-0.106
55.748,4.741E-3,-0.106
55.764,5.075E-3,-0.106
55.781,5.104E-3,-0.106
55.798,4.902E-3,-0.106
55.815,4.437E-3,-0.106
55.832,3.832E-3,-0.106
55.849,3.116E-3,-0.106
55.865,2.386E-3,-0.106
55.882,1.702E-3,-0.106
55.899,1.166E-3,-0.106
55.916,8.356E-4,-0.106
55.933,7.463E-4,-0.106
55.950,9.236E-4,-0.106
55.966,1.347E-3,-0.106
55.983,1.975E-3,-0.106
56.000,2.685E-3,-0.106
56.017,3.418E-3,-0.106
56.034,4.078E-3,-0.106
56.051,4.616E-3,-0.106
56.068,4.966E-3,-0.106
56.084,5.079E-3,-0.106
56.101,4.929E-3,-0.106
56.118,4.553E-3,-0.106
56.135,3.987E-3,-0.106
56.152,3.291E-3,-0.106
56.169,2.560E-3,-0.106
56.185,1.870E-3,-0.106
56.202,1.281E-3,-0.106
56.219,8.971E-4,-0.106
56.236,7.547E-4,-0.106
56.253,8.755E-4,-0.106
56.270,1.229E-3,-0.106
56.286,1.776E-3,-0.106
56.303,2.484E-3,-0.106
56.320,3.205E-3,-0.106
56.337,3.876E-3,-0.106
56.354,4.453E-3,-0.106
56.371,4.843E-3,-0.106
56.388,4.979E-3,-0.106
56.404,4.898E-3,-0.106
56.421,4.556E-3,-0.106
56.438,4.027E-3,-0.106
56.455,3.375E-3,-0.106
56.472,2.642E-3,-0.106
56.489,1.952E-3,-0.106
56.505,1.361E-3,-0.106
56.522,9.632E-4,-0.106
56.539,7.964E-4,-0.106
56.556,8.526E-4,-0.106
56.573,1.164E-3,-0.106
56.590,1.706E-3,-0.106
56.606,2.395E-3,-0.106
56.623,3.121E-3,-0.106
56.640,3.814E-3,-0.106
56.657,4.413E-3,-0.106
56.674,4.816E-3,-0.106
56.691,5.025E-3,-0.106
56.708,4.976E-3,-0.106
56.724,4.709E-3,-0.106
56.741,4.192E-3,-0.106
56.758,3.550E-3,-0.106
56.775,2.862E-3,-0.106
56.792,2.135E-3,-0.106
56.809,1.555E-3,-0.106
56.825,1.114E-3,-0.106
56.842,9.088E-4,-0.106
56.859,9.308E-4,-0.106
56.876,1.227E-3,-0.106
56.893,1.686E-3,-0.106
56.910,2.314E-3,-0.106
56.926,3.027E-3,-0.106
56.943,3.716E-3,-0.106
56.960,4.319E-3,-0.106
56.977,4.744E-3,-0.106
56.994,5.018E-3,-0.106
57.011,5.015E-3,-0.106
57.028,4.750E-3,-0.106
57.044,4.328E-3,-0.106
57.061,3.739E-3,-0.106
57.078,3.046E-3,-0.106
57.095,2.333E-3,-0.106
57.112,1.716E-3,-0.106
57.129,1.259E-3,-0.106
57.145,9.670E-4,-0.106
57.162,9.629E-4,-0.106
57.179,1.182E-3,-0.106
57.196,1.613E-3,-0.106
57.213,2.184E-3,-0.106
57.230,2.894E-3,-0.106
57.246,3.579E-3,-0.106
57.263,4.210E-3,-0.106
57.280,4.705E-3,-0.106
57.297,4.949E-3,-0.106
57.314,5.014E-3,-0.106
57.331,4.826E-3,-0.106
57.348,4.404E-3,-0.106
57.364,3.842E-3,-0.106
57.381,3.154E-3,-0.106
57.398,2.448E-3,-0.106
57.415,1.790E-3,-0.106
57.432,1.309E-3,-0.106
57.449,9.924E-4,-0.106
57.465,9.331E-4,-0.106
57.482,1.119E-3,-0.106
57.499,1.525E-3,-0.106
57.516,2.102E-3,-0.106
57.533,2.763E-3,-0.106
57.550,3.471E-3,-0.106
57.566,4.077E-3,-0.106
57.583,4.588E-3,-0.106
57.600,4.912E-3,-0.106
57.617,4.992E-3,-0.106
57.634,4.837E-3,-0.106
57.651,4.479E-3,-0.106
57.668,3.928E-3,-0.106
57.684,3.280E-3,-0.106
57.701,2.564E-3,-0.106
57.718,1.938E-3,-0.106
57.735,1.397E-3,-0.106
57.752,1.053E-3,-0.106
57.769,9.330E-4,-0.106
57.785,1.064E-3,-0.106
57.802,1.392E-3,-0.106
57.819,1.933E-3,-0.106
57.836,2.600E-3,-0.106
57.853,3.289E-3,-0.106
57.870,3.926E-3,-0.106
57.886,4.477E-3,-0.106
57.903,4.805E-3,-0.106
57.920,4.959E-3,-0.106
57.937,4.864E-3,-0.106
57.954,4.553E-3,-0.106
57.971,4.023E-3,-0.106
57.988,3.405E-3,-0.106
58.004,2.741E-3,-0.106
58.021,2.059E-3,-0.106
58.038,1.508E-3,-0.106
58.055,1.154E-3,-0.106
58.072,9.769E-4,-0.106
58.089,1.053E-3,-0.106
58.105,1.348E-3,-0.106
58.122,1.859E-3,-0.106
58.139,2.477E-3,-0.106
58.156,3.165E-3,-0.106
58.173,3.796E-3,-0.106
58.190,4.356E-3,-0.106
58.207,4.757E-3,-0.106
58.223,4.981E-3,-0.106
58.240,4.909E-3,-0.106
58.257,4.608E-3,-0.106
58.274,4.140E-3,-0.106
58.291,3.548E-3,-0.106
58.308,2.897E-3,-0.106
58.324,2.202E-3,-0.106
58.341,1.626E-3,-0.106
58.358,1.211E-3,-0.106
58.375,9.836E-4,-0.106
58.392,1.019E-3,-0.106
58.409,1.274E-3,-0.106
58.425,1.720E-3,-0.106
58.442,2.364E-3,-0.106
58.459,3.026E-3,-0.106
58.476,3.673E-3,-0.106
58.493,4.236E-3,-0.106
58.510,4.655E-3,-0.106
58.527,4.869E-3,-0.106
58.543,4.857E-3,-0.106
58.560,4.603E-3,-0.106
58.577,4.172E-3,-0.106
58.594,3.613E-3,-0.106
58.611,2.955E-3,-0.106
58.628,2.293E-3,-0.106
58.644,1.694E-3,-0.106
58.661,1.219E-3,-0.106
58.678,9.913E-4,-0.106
58.695,9.621E-4,-0.106
58.712,1.184E-3,-0.106
58.729,1.593E-3,-0.106
58.745,2.173E-3,-0.106
58.762,2.832E-3,-0.106
58.779,3.510E-3,-0.106
58.796,4.084E-3,-0.106
58.813,4.526E-3,-0.106
58.830,4.792E-3,-0.106
58.847,4.818E-3,-0.106
58.863,4.647E-3,-0.106
58.880,4.244E-3,-0.106
58.897,3.695E-3,-0.106
58.914,3.041E-3,-0.106
58.931,2.371E-3,-0.106
58.948,1.781E-3,-0.106
58.964,1.325E-3,-0.106
58.981,1.055E-3,-0.106
58.998,9.720E-4,-0.106
59.015,1.152E-3,-0.106
59.032,1.554E-3,-0.106
59.049,2.087E-3,-0.106
59.065,2.727E-3,-0.106
59.082,3.391E-3,-0.106
59.099,3.992E-3,-0.106
59.116,4.497E-3,-0.106
59.133,4.757E-3,-0.106
59.150,4.841E-3,-0.106
59.167,4.702E-3,-0.106
59.183,4.336E-3,-0.106
59.200,3.834E-3,-0.106
59.217,3.181E-3,-0.106
59.234,2.548E-3,-0.106
59.251,1.963E-3,-0.106
59.268,1.461E-3,-0.106
59.284,1.145E-3,-0.106
59.301,1.032E-3,-0.106
59.318,1.158E-3,-0.106
59.335,1.515E-3,-0.106
59.352,2.014E-3,-0.106
59.369,2.644E-3,-0.106
59.385,3.268E-3,-0.106
59.402,3.869E-3,-0.106
59.419,4.367E-3,-0.106
59.436,4.725E-3,-0.106
59.453,4.848E-3,-0.106
59.470,4.752E-3,-0.106
59.487,4.452E-3,-0.106
59.503,3.955E-3,-0.106
59.520,3.358E-3,-0.106
59.537,2.722E-3,-0.106
59.554,2.116E-3,-0.106
59.571,1.624E-3,-0.106
59.588,1.257E-3,-0.106
59.604,1.099E-3,-0.106
59.621,1.163E-3,-0.106
59.638,1.444E-3,-0.106
59.655,1.931E-3,-0.106
59.672,2.532E-3,-0.106
59.689,3.182E-3,-0.106
59.705,3.823E-3,-0.106
59.722,4.318E-3,-0.106
59.739,4.664E-3,-0.106
59.756,4.801E-3,-0.106
59.773,4.760E-3,-0.106
59.790,4.520E-3,-0.106
59.807,4.025E-3,-0.106
59.823,3.467E-3,-0.106
59.840,2.800E-3,-0.106
59.857,2.165E-3,-0.106
59.874,1.633E-3,-0.106
59.891,1.256E-3,-0.106
59.908,1.066E-3,-0.106
59.924,1.093E-3,-0.106
59.941,1.322E-3,-0.106
59.958,1.775E-3,-0.106
59.975,2.343E-3,-0.106
59.992,3.000E-3,-0.106
60.009,3.634E-3,-0.106
60.025,4.168E-3,-0.106
60.042,4.577E-3,-0.106
60.059,4.779E-3,-0.106
60.076,4.770E-3,-0.106
60.093,4.548E-3,-0.106
60.110,4.146E-3,-0.106
60.127,3.608E-3,-0.106
60.143,2.960E-3,-0.106
60.160,2.352E-3,-0.106
60.177,1.808E-3,-0.106
60.194,1.384E-3,-0.106
60.211,1.166E-3,-0.106
60.228,1.170E-3,-0.106
60.244,1.365E-3,-0.106
60.261,1.770E-3,-0.106
60.278,2.326E-3,-0.106
60.295,2.947E-3,-0.106
60.312,3.593E-3,-0.106
60.329,4.148E-3,-0.106
60.345,4.580E-3,-0.106
60.362,4.816E-3,-0.106
60.379,4.827E-3,-0.106
60.396,4.630E-3,-0.106
60.413,4.261E-3,-0.106
60.430,3.695E-3,-0.106
60.447,3.071E-3,-0.106
60.463,2.439E-3,-0.106
60.480,1.871E-3,-0.106
60.497,1.420E-3,-0.106
60.514,1.162E-3,-0.106
60.531,1.128E-3,-0.106
60.548,1.300E-3,-0.106
60.564,1.631E-3,-0.106
60.581,2.140E-3,-0.106
60.598,2.763E-3,-0.106
60.615,3.405E-3,-0.106
60.632,3.964E-3,-0.106
60.649,4.419E-3,-0.106
60.665,4.694E-3,-0.106
60.682,4.738E-3,-0.106
60.699,4.600E-3,-0.106
60.716,4.256E-3,-0.106
60.733,3.769E-3,-0.106
60.750,3.171E-3,-0.106
60.767,2.571E-3,-0.106
60.783,1.992E-3,-0.106
60.800,1.541E-3,-0.106
60.817,1.254E-3,-0.106
60.834,1.158E-3,-0.106
60.851,1.295E-3,-0.106
60.868,1.592E-3,-0.106
60.884,2.055E-3,-0.106
60.901,2.648E-3,-0.106
60.918,3.252E-3,-0.106
60.935,3.818E-3,-0.106
60.952,4.284E-3,-0.106
60.969,4.604E-3,-0.106
60.985,4.709E-3,-0.106
61.002,4.586E-3,-0.106
61.019,4.293E-3,-0.106
61.036,3.816E-3,-0.106
61.053,3.216E-3,-0.106
61.070,2.615E-3,-0.106
61.087,2.032E-3,-0.106
61.103,1.559E-3,-0.106
61.120,1.213E-3,-0.106
61.137,1.122E-3,-0.106
61.154,1.207E-3,-0.106
61.171,1.501E-3,-0.106
61.188,1.932E-3,-0.106
61.204,2.528E-3,-0.106
61.221,3.148E-3,-0.106
61.238,3.757E-3,-0.106
61.255,4.231E-3,-0.106
61.272,4.560E-3,-0.106
61.289,4.721E-3,-0.106
61.305,4.637E-3,-0.106
61.322,4.368E-3,-0.106
61.339,3.942E-3,-0.106
61.356,3.395E-3,-0.106
61.373,2.808E-3,-0.106
61.390,2.205E-3,-0.106
61.407,1.704E-3,-0.106
61.423,1.327E-3,-0.106
61.440,1.182E-3,-0.106
61.457,1.220E-3,-0.106
61.474,1.468E-3,-0.106
61.491,1.890E-3,-0.106
61.508,2.416E-3,-0.106
61.524,3.016E-3,-0.106
61.541,3.589E-3,-0.106
61.558,4.100E-3,-0.106
61.575,4.433E-3,-0.106
61.592,4.627E-3,-0.106
61.609,4.626E-3,-0.106
61.625,4.366E-3,-0.106
61.642,3.989E-3,-0.106
61.659,3.471E-3,-0.106
61.676,2.860E-3,-0.106
61.693,2.264E-3,-0.106
61.710,1.738E-3,-0.106
61.727,1.356E-3,-0.106
61.743,1.194E-3,-0.106
61.760,1.193E-3,-0.106
61.777,1.392E-3,-0.106
61.794,1.784E-3,-0.106
61.811,2.303E-3,-0.106
61.828,2.885E-3,-0.106
61.844,3.452E-3,-0.106
61.861,3.952E-3,-0.106
61.878,4.369E-3,-0.106
61.895,4.595E-3,-0.106
61.912,4.604E-3,-0.106
61.929,4.433E-3,-0.106
61.945,4.055E-3,-0.106
61.962,3.557E-3,-0.106
61.979,2.995E-3,-0.106
61.996,2.393E-3,-0.106
62.013,1.871E-3,-0.106
62.030,1.452E-3,-0.106
62.047,1.207E-3,-0.106
62.063,1.178E-3,-0.106
62.080,1.343E-3,-0.106
62.097,1.714E-3,-0.106
62.114,2.227E-3,-0.106
62.131,2.798E-3,-0.106
62.148,3.384E-3,-0.106
62.164,3.933E-3,-0.106
62.181,4.354E-3,-0.106
62.198,4.614E-3,-0.106
62.215,4.666E-3,-0.106
62.232,4.515E-3,-0.106
62.249,4.158E-3,-0.106
62.265,3.698E-3,-0.106
62.282,3.127E-3,-0.106
62.299,2.548E-3,-0.106
62.316,2.007E-3,-0.106
62.333,1.586E-3,-0.106
62.350,1.307E-3,-0.106
62.367,1.261E-3,-0.106
62.383,1.355E-3,-0.106
62.400,1.696E-3,-0.106
62.417,2.139E-3,-0.106
62.434,2.720E-3,-0.106
62.451,3.336E-3,-0.106
62.468,3.881E-3,-0.106
62.484,4.289E-3,-0.106
62.501,4.547E-3,-0.106
62.518,4.658E-3,-0.106
62.535,4.547E-3,-0.106
62.552,4.257E-3,-0.106
62.569,3.802E-3,-0.106
62.585,3.239E-3,-0.106
62.602,2.684E-3,-0.106
62.619,2.110E-3,-0.106
62.636,1.685E-3,-0.106
62.653,1.357E-3,-0.106
62.670,1.255E-3,-0.106
62.687,1.351E-3,-0.106
62.703,1.631E-3,-0.106
62.720,2.035E-3,-0.106
62.737,2.581E-3,-0.106
62.754,3.162E-3,-0.106
62.771,3.727E-3,-0.106
62.788,4.191E-3,-0.106
62.804,4.512E-3,-0.106
62.821,4.633E-3,-0.106
62.838,4.541E-3,-0.106
62.855,4.295E-3,-0.106
62.872,3.867E-3,-0.106
62.889,3.321E-3,-0.106
62.905,2.777E-3,-0.106
62.922,2.227E-3,-0.106
62.939,1.746E-3,-0.106
62.956,1.445E-3,-0.106
62.973,1.287E-3,-0.106
62.990,1.305E-3,-0.106
63.007,1.579E-3,-0.106
63.023,1.986E-3,-0.106
63.040,2.507E-3,-0.106
63.057,3.065E-3,-0.106
63.074,3.597E-3,-0.106
63.091,4.061E-3,-0.106
63.108,4.390E-3,-0.106
63.124,4.563E-3,-0.106
63.141,4.553E-3,-0.106
63.158,4.340E-3,-0.106
63.175,3.969E-3,-0.106
63.192,3.462E-3,-0.106
63.209,2.868E-3,-0.106
63.225,2.327E-3,-0.106
63.242,1.839E-3,-0.106
63.259,1.487E-3,-0.106
63.276,1.308E-3,-0.106
63.293,1.327E-3,-0.106
63.310,1.564E-3,-0.106
63.327,1.936E-3,-0.106
63.343,2.444E-3,-0.106
63.360,2.990E-3,-0.106
63.377,3.546E-3,-0.106
63.394,4.043E-3,-0.106
63.411,4.395E-3,-0.106
63.428,4.595E-3,-0.106
63.444,4.602E-3,-0.106
63.461,4.400E-3,-0.106
63.478,4.036E-3,-0.106
63.495,3.577E-3,-0.106
63.512,3.026E-3,-0.106
63.529,2.454E-3,-0.106
63.545,1.951E-3,-0.106
63.562,1.584E-3,-0.106
63.579,1.377E-3,-0.106
63.596,1.350E-3,-0.106
63.613,1.535E-3,-0.106
63.630,1.899E-3,-0.106
63.647,2.359E-3,-0.106
63.663,2.888E-3,-0.106
63.680,3.430E-3,-0.106
63.697,3.920E-3,-0.106
63.714,4.336E-3,-0.106
63.731,4.560E-3,-0.106
63.748,4.608E-3,-0.106
63.764,4.463E-3,-0.106
63.781,4.122E-3,-0.106
63.798,3.679E-3,-0.106
63.815,3.145E-3,-0.106
63.832,2.594E-3,-0.106
63.849,2.085E-3,-0.106
63.865,1.673E-3,-0.106
63.882,1.400E-3,-0.106
63.899,1.341E-3,-0.106
63.916,1.509E-3,-0.106
63.933,1.818E-3,-0.106
63.950,2.265E-3,-0.106
63.967,2.785E-3,-0.106
63.983,3.337E-3,-0.106
64.000,3.855E-3,-0.106
64.017,4.244E-3,-0.106
64.034,4.495E-3,-0.106
64.051,4.567E-3,-0.106
64.068,4.435E-3,-0.106
64.084,4.163E-3,-0.106
64.101,3.733E-3,-0.106
64.118,3.227E-3,-0.106
64.135,2.663E-3,-0.106
64.152,2.127E-3,-0.106
64.169,1.735E-3,-0.106
64.185,1.493E-3,-0.106
64.202,1.367E-3,-0.106
64.219,1.474E-3,-0.106
64.236,1.736E-3,-0.106
64.253,2.154E-3,-0.106
64.270,2.701E-3,-0.106
64.287,3.219E-3,-0.106
64.303,3.727E-3,-0.106
64.320,4.159E-3,-0.106
64.337,4.456E-3,-0.106
64.354,4.558E-3,-0.106
64.371,4.493E-3,-0.106
64.388,4.219E-3,-0.106
64.404,3.817E-3,-0.106
64.421,3.315E-3,-0.106
64.438,2.746E-3,-0.106
64.455,2.236E-3,-0.106
64.472,1.781E-3,-0.106
64.489,1.507E-3,-0.106
64.505,1.388E-3,-0.106
64.522,1.438E-3,-0.106
64.539,1.681E-3,-0.106
64.556,2.054E-3,-0.106
64.573,2.549E-3,-0.106
64.590,3.115E-3,-0.106
64.607,3.631E-3,-0.106
64.623,4.064E-3,-0.106
64.640,4.365E-3,-0.106
64.657,4.502E-3,-0.106
64.674,4.442E-3,-0.106
64.691,4.214E-3,-0.106
64.708,3.839E-3,-0.106
64.724,3.383E-3,-0.106
64.741,2.849E-3,-0.106
64.758,2.318E-3,-0.106
64.775,1.884E-3,-0.106
64.792,1.546E-3,-0.106
64.809,1.387E-3,-0.106
64.825,1.401E-3,-0.106
64.842,1.634E-3,-0.106
64.859,1.980E-3,-0.106
64.876,2.474E-3,-0.106
64.893,2.980E-3,-0.106
64.910,3.501E-3,-0.106
64.927,3.937E-3,-0.106
64.943,4.285E-3,-0.106
64.960,4.438E-3,-0.106
64.977,4.428E-3,-0.106
64.994,4.241E-3,-0.106
65.011,3.912E-3,-0.106
65.028,3.431E-3,-0.106
65.044,2.885E-3,-0.106
65.061,2.371E-3,-0.106
65.078,1.919E-3,-0.106
65.095,1.572E-3,-0.106
65.112,1.388E-3,-0.106
65.129,1.382E-3,-0.106
65.145,1.565E-3,-0.106
65.162,1.930E-3,-0.106
65.179,2.388E-3,-0.106
65.196,2.902E-3,-0.106
65.213,3.420E-3,-0.106
65.230,3.875E-3,-0.106
65.247,4.213E-3,-0.106
65.263,4.397E-3,-0.106
65.280,4.417E-3,-0.106
65.297,4.278E-3,-0.106
65.314,3.953E-3,-0.106
65.331,3.529E-3,-0.106
65.348,3.029E-3,-0.106
65.364,2.508E-3,-0.106
65.381,2.006E-3,-0.106
65.398,1.649E-3,-0.106
65.415,1.423E-3,-0.106
65.432,1.378E-3,-0.106
65.449,1.541E-3,-0.106
65.465,1.844E-3,-0.106
65.482,2.270E-3,-0.106
65.499,2.759E-3,-0.106
65.516,3.275E-3,-0.106
65.533,3.749E-3,-0.106
65.550,4.140E-3,-0.106
65.567,4.377E-3,-0.106
65.583,4.448E-3,-0.106
65.600,4.332E-3,-0.106
65.617,4.056E-3,-0.106
65.634,3.611E-3,-0.106
65.651,3.148E-3,-0.106
65.668,2.642E-3,-0.106
65.684,2.136E-3,-0.106
65.701,1.760E-3,-0.106
65.718,1.540E-3,-0.106
65.735,1.470E-3,-0.106
65.752,1.569E-3,-0.106
65.769,1.826E-3,-0.106
65.785,2.234E-3,-0.106
65.802,2.732E-3,-0.106
65.819,3.242E-3,-0.106
65.836,3.719E-3,-0.106
65.853,4.135E-3,-0.106
65.870,4.397E-3,-0.106
65.887,4.495E-3,-0.106
65.903,4.381E-3,-0.106
65.920,4.137E-3,-0.106
65.937,3.760E-3,-0.106
65.954,3.279E-3,-0.106
65.971,2.758E-3,-0.106
65.988,2.267E-3,-0.106
66.004,1.845E-3,-0.106
66.021,1.578E-3,-0.106
66.038,1.462E-3,-0.106
66.055,1.548E-3,-0.106
66.072,1.772E-3,-0.106
66.089,2.169E-3,-0.106
66.105,2.631E-3,-0.106
66.122,3.138E-3,-0.106
66.139,3.637E-3,-0.106
66.156,4.024E-3,-0.106
66.173,4.307E-3,-0.106
66.190,4.406E-3,-0.106
66.207,4.367E-3,-0.106
66.223,4.131E-3,-0.106
66.240,3.784E-3,-0.106
66.257,3.299E-3,-0.106
66.274,2.759E-3,-0.106
66.291,2.205E-3,-0.106
66.308,1.658E-3,-0.106
66.324,1.188E-3,-0.106
66.341,8.633E-4,-0.106
66.358,7.161E-4,-0.106
66.375,7.701E-4,-0.106
66.392,9.387E-4,-0.106
66.409,1.293E-3,-0.106
66.425,1.655E-3,-0.106
66.442,2.081E-3,-0.106
66.459,2.465E-3,-0.106
66.476,2.780E-3,-0.106
66.493,3.048E-3,-0.106
66.510,3.148E-3,-0.106
66.527,3.163E-3,-0.106
66.543,3.068E-3,-0.106
66.560,2.776E-3,-0.106
66.577,2.434E-3,-0.106
66.594,2.071E-3,-0.106
66.611,1.710E-3,-0.106
66.628,1.479E-3,-0.106
66.644,1.288E-3,-0.106
66.661,1.226E-3,-0.106
66.678,1.291E-3,-0.106
66.695,1.486E-3,-0.106
66.712,1.723E-3,-0.106
66.729,1.998E-3,-0.106
66.745,2.253E-3,-0.106
66.762,2.392E-3,-0.106
66.779,2.442E-3,-0.106
66.796,2.402E-3,-0.106
66.813,2.279E-3,-0.106
66.830,2.042E-3,-0.106
66.847,1.835E-3,-0.106
66.863,1.616E-3,-0.106
66.880,1.497E-3,-0.106
66.897,1.386E-3,-0.106
66.914,1.393E-3,-0.106
66.931,1.472E-3,-0.106
66.948,1.626E-3,-0.106
66.964,1.848E-3,-0.106
66.981,2.239E-3,-0.106
66.998,3.014E-3,-0.105
67.015,2.755E-3,-0.105
67.032,2.428E-3,-0.106
67.049,2.966E-3,-0.106
