,mass A,,
t,x,y,
0.000,2.362E-2,-9.083E-2
0.017,2.395E-2,-9.107E-2
0.034,1.845E-2,-9.177E-2
0.051,1.836E-2,-9.194E-2
0.067,1.829E-2,-9.186E-2
0.084,1.834E-2,-9.159E-2
0.101,1.833E-2,-9.150E-2
0.118,1.835E-2,-9.162E-2
0.135,1.845E-2,-9.177E-2
0.152,1.856E-2,-9.178E-2
0.168,2.169E-2,-8.924E-2
0.185,2.181E-2,-8.903E-2
0.202,2.205E-2,-8.912E-2
0.219,2.209E-2,-8.925E-2
0.236,2.202E-2,-8.924E-2
0.253,2.202E-2,-8.908E-2
0.270,2.205E-2,-8.901E-2
0.286,2.205E-2,-8.905E-2
0.303,2.214E-2,-8.918E-2
0.320,2.214E-2,-8.911E-2
0.337,2.210E-2,-8.899E-2
0.354,2.205E-2,-8.885E-2
0.371,2.205E-2,-8.894E-2
0.387,2.201E-2,-8.906E-2
0.404,2.196E-2,-8.911E-2
0.421,2.194E-2,-8.904E-2
0.438,2.185E-2,-8.900E-2
0.455,2.182E-2,-8.913E-2
0.472,2.187E-2,-8.927E-2
0.488,2.184E-2,-8.928E-2
0.505,2.185E-2,-8.923E-2
0.522,2.186E-2,-8.913E-2
0.539,2.182E-2,-8.918E-2
0.556,2.186E-2,-8.925E-2
0.573,2.191E-2,-8.923E-2
0.590,2.183E-2,-8.917E-2
0.606,2.176E-2,-8.916E-2
0.623,2.172E-2,-8.917E-2
0.640,2.174E-2,-8.923E-2
0.657,2.176E-2,-8.927E-2
0.674,2.167E-2,-8.926E-2
0.691,2.161E-2,-8.925E-2
0.707,2.161E-2,-8.927E-2
0.724,2.165E-2,-8.936E-2
0.741,2.165E-2,-8.939E-2
0.758,2.170E-2,-8.933E-2
0.775,2.170E-2,-8.927E-2
0.792,2.176E-2,-8.923E-2
0.809,2.176E-2,-8.924E-2
0.825,2.179E-2,-8.923E-2
0.842,2.178E-2,-8.913E-2
0.859,2.176E-2,-8.911E-2
0.876,2.176E-2,-8.910E-2
0.893,2.179E-2,-8.912E-2
0.910,2.175E-2,-8.920E-2
0.926,2.171E-2,-8.929E-2
0.943,2.172E-2,-8.926E-2
0.960,2.179E-2,-8.925E-2
0.977,2.187E-2,-8.925E-2
0.994,2.191E-2,-8.927E-2
1.011,2.185E-2,-8.923E-2
1.027,2.185E-2,-8.918E-2
1.044,2.181E-2,-8.922E-2
1.061,2.181E-2,-8.921E-2
1.078,2.183E-2,-8.920E-2
1.095,2.178E-2,-8.916E-2
1.112,2.178E-2,-8.915E-2
1.129,2.179E-2,-8.918E-2
1.145,2.179E-2,-8.920E-2
1.162,2.182E-2,-8.924E-2
1.179,2.180E-2,-8.920E-2
1.196,2.180E-2,-8.920E-2
1.213,2.182E-2,-8.922E-2
1.230,2.186E-2,-8.925E-2
1.246,2.185E-2,-8.924E-2
1.263,2.187E-2,-8.919E-2
1.280,2.186E-2,-8.916E-2
1.297,2.186E-2,-8.913E-2
1.314,2.185E-2,-8.914E-2
1.331,2.190E-2,-8.915E-2
1.348,2.195E-2,-8.915E-2
1.364,2.189E-2,-8.913E-2
1.381,2.185E-2,-8.914E-2
1.398,2.185E-2,-8.916E-2
1.415,2.185E-2,-8.919E-2
1.432,2.186E-2,-8.921E-2
1.449,2.189E-2,-8.922E-2
1.465,2.186E-2,-8.923E-2
1.482,2.187E-2,-8.923E-2
1.499,2.187E-2,-8.923E-2
1.516,2.186E-2,-8.916E-2
1.533,2.187E-2,-8.912E-2
1.550,2.182E-2,-8.914E-2
1.566,2.188E-2,-8.916E-2
1.583,2.188E-2,-8.917E-2
1.600,2.188E-2,-8.917E-2
1.617,2.186E-2,-8.913E-2
1.634,2.186E-2,-8.916E-2
1.651,2.186E-2,-8.919E-2
1.668,2.185E-2,-8.921E-2
1.684,2.187E-2,-8.923E-2
1.701,2.184E-2,-8.925E-2
1.718,2.184E-2,-8.925E-2
1.735,2.184E-2,-8.925E-2
1.752,2.185E-2,-8.920E-2
1.769,2.183E-2,-8.924E-2
1.785,2.184E-2,-8.919E-2
1.802,2.184E-2,-8.920E-2
1.819,2.186E-2,-8.914E-2
1.836,2.185E-2,-8.915E-2
1.853,2.184E-2,-8.915E-2
1.870,2.182E-2,-8.915E-2
1.887,2.183E-2,-8.919E-2
1.903,2.182E-2,-8.919E-2
1.920,2.183E-2,-8.923E-2
1.937,2.184E-2,-8.923E-2
1.954,2.183E-2,-8.925E-2
1.971,2.184E-2,-8.925E-2
1.988,2.184E-2,-8.920E-2
2.004,2.184E-2,-8.921E-2
2.021,2.186E-2,-8.920E-2
2.038,2.184E-2,-8.915E-2
2.055,2.183E-2,-8.915E-2
2.072,2.183E-2,-8.916E-2
2.089,2.184E-2,-8.916E-2
2.105,2.185E-2,-8.918E-2
2.122,2.185E-2,-8.918E-2
2.139,2.184E-2,-8.919E-2
2.156,2.184E-2,-8.921E-2
2.173,2.184E-2,-8.922E-2
2.190,2.184E-2,-8.922E-2
2.207,2.183E-2,-8.924E-2
2.223,2.180E-2,-8.923E-2
2.240,2.180E-2,-8.923E-2
2.257,2.182E-2,-8.917E-2
2.274,2.182E-2,-8.918E-2
2.291,2.183E-2,-8.914E-2
2.308,2.183E-2,-8.914E-2
2.324,2.183E-2,-8.916E-2
2.341,2.183E-2,-8.916E-2
2.358,2.182E-2,-8.918E-2
2.375,2.180E-2,-8.921E-2
2.392,2.180E-2,-8.921E-2
2.409,2.181E-2,-8.923E-2
2.426,2.181E-2,-8.922E-2
2.442,2.180E-2,-8.923E-2
2.459,2.180E-2,-8.923E-2
2.476,2.180E-2,-8.923E-2
2.493,2.181E-2,-8.923E-2
2.510,2.181E-2,-8.918E-2
2.527,2.181E-2,-8.919E-2
2.543,2.181E-2,-8.918E-2
2.560,2.186E-2,-8.918E-2
2.577,2.186E-2,-8.918E-2
2.594,2.184E-2,-8.920E-2
2.611,2.185E-2,-8.923E-2
2.628,2.185E-2,-8.925E-2
2.645,2.181E-2,-8.924E-2
2.661,2.182E-2,-8.924E-2
2.678,2.178E-2,-8.926E-2
2.695,2.178E-2,-8.927E-2
2.712,2.179E-2,-8.922E-2
2.729,2.181E-2,-8.923E-2
2.746,2.181E-2,-8.924E-2
2.762,2.181E-2,-8.919E-2
2.779,2.180E-2,-8.920E-2
2.796,2.181E-2,-8.920E-2
2.813,2.182E-2,-8.920E-2
2.830,2.186E-2,-8.919E-2
2.847,2.184E-2,-8.921E-2
2.863,2.181E-2,-8.920E-2
2.880,2.182E-2,-8.923E-2
2.897,2.181E-2,-8.923E-2
2.914,2.184E-2,-8.926E-2
2.931,2.182E-2,-8.925E-2
2.948,2.183E-2,-8.921E-2
2.965,2.181E-2,-8.920E-2
2.981,2.182E-2,-8.920E-2
2.998,2.182E-2,-8.920E-2
3.015,2.182E-2,-8.915E-2
3.032,2.183E-2,-8.923E-2
3.049,2.182E-2,-8.921E-2
3.066,2.182E-2,-8.921E-2
3.082,2.181E-2,-8.921E-2
3.099,2.184E-2,-8.924E-2
3.116,2.182E-2,-8.925E-2
3.133,2.180E-2,-8.923E-2
3.150,2.179E-2,-8.924E-2
3.167,2.179E-2,-8.924E-2
3.184,2.179E-2,-8.926E-2
3.200,2.179E-2,-8.927E-2
3.217,2.179E-2,-8.925E-2
3.234,2.177E-2,-8.920E-2
3.251,2.181E-2,-8.921E-2
3.268,2.182E-2,-8.920E-2
3.285,2.180E-2,-8.920E-2
3.301,2.182E-2,-8.920E-2
3.318,2.182E-2,-8.920E-2
3.335,2.179E-2,-8.925E-2
3.352,2.180E-2,-8.923E-2
3.369,2.180E-2,-8.923E-2
3.386,2.180E-2,-8.926E-2
3.402,2.180E-2,-8.926E-2
3.419,2.180E-2,-8.927E-2
3.436,2.180E-2,-8.927E-2
3.453,2.177E-2,-8.921E-2
3.470,2.181E-2,-8.923E-2
3.487,2.180E-2,-8.923E-2
3.504,2.179E-2,-8.922E-2
3.520,2.185E-2,-8.922E-2
3.537,2.184E-2,-8.922E-2
3.554,2.184E-2,-8.922E-2
3.571,2.183E-2,-8.923E-2
3.588,2.178E-2,-8.920E-2
3.605,2.180E-2,-8.923E-2
3.621,2.177E-2,-8.922E-2
3.638,2.177E-2,-8.923E-2
3.655,2.174E-2,-8.923E-2
3.672,2.178E-2,-8.922E-2
3.689,2.177E-2,-8.921E-2
3.706,2.178E-2,-8.923E-2
3.723,2.178E-2,-8.922E-2
3.739,2.178E-2,-8.918E-2
3.756,2.181E-2,-8.921E-2
3.773,2.181E-2,-8.920E-2
3.790,2.180E-2,-8.922E-2
3.807,2.181E-2,-8.921E-2
3.824,2.181E-2,-8.921E-2
3.840,2.177E-2,-8.920E-2
3.857,2.179E-2,-8.923E-2
3.874,2.178E-2,-8.923E-2
3.891,2.179E-2,-8.924E-2
3.908,2.178E-2,-8.924E-2
3.925,2.178E-2,-8.924E-2
3.941,2.179E-2,-8.922E-2
3.958,2.178E-2,-8.918E-2
3.975,2.178E-2,-8.918E-2
3.992,2.181E-2,-8.920E-2
4.009,2.181E-2,-8.919E-2
4.026,2.180E-2,-8.921E-2
4.043,2.182E-2,-8.922E-2
4.059,2.180E-2,-8.922E-2
4.076,2.179E-2,-8.922E-2
4.093,2.180E-2,-8.924E-2
4.110,2.180E-2,-8.925E-2
4.127,2.181E-2,-8.925E-2
4.144,2.181E-2,-8.923E-2
4.160,2.179E-2,-8.924E-2
4.177,2.176E-2,-8.923E-2
4.194,2.175E-2,-8.923E-2
4.211,2.180E-2,-8.920E-2
4.228,2.179E-2,-8.921E-2
4.245,2.181E-2,-8.916E-2
4.262,2.181E-2,-8.917E-2
4.278,2.182E-2,-8.918E-2
4.295,2.180E-2,-8.924E-2
4.312,2.180E-2,-8.923E-2
4.329,2.177E-2,-8.921E-2
4.346,2.181E-2,-8.924E-2
4.363,2.178E-2,-8.920E-2
4.379,2.184E-2,-8.926E-2
4.396,2.180E-2,-8.920E-2
4.413,2.185E-2,-8.918E-2
4.430,2.186E-2,-8.916E-2
4.447,2.194E-2,-8.921E-2
4.464,2.198E-2,-8.917E-2
4.480,2.203E-2,-8.912E-2
4.497,2.201E-2,-8.913E-2
4.514,2.205E-2,-8.912E-2
4.531,2.202E-2,-8.906E-2
4.548,2.202E-2,-8.904E-2
4.565,2.203E-2,-8.902E-2
4.582,2.207E-2,-8.898E-2
4.598,2.206E-2,-8.901E-2
4.615,2.206E-2,-8.898E-2
4.632,2.206E-2,-8.898E-2
4.649,2.212E-2,-8.900E-2
4.666,2.213E-2,-8.901E-2
4.683,2.220E-2,-8.899E-2
4.699,2.222E-2,-8.897E-2
4.716,2.229E-2,-8.893E-2
4.733,2.228E-2,-8.894E-2
4.750,2.227E-2,-8.894E-2
4.767,2.228E-2,-8.895E-2
4.784,2.227E-2,-8.895E-2
4.801,2.223E-2,-8.895E-2
4.817,2.223E-2,-8.895E-2
4.834,2.223E-2,-8.895E-2
4.851,2.223E-2,-8.896E-2
4.868,2.223E-2,-8.896E-2
4.885,2.223E-2,-8.896E-2
4.902,2.223E-2,-8.896E-2
4.918,2.222E-2,-8.897E-2
4.935,2.224E-2,-8.896E-2
4.952,2.224E-2,-8.896E-2
4.969,2.228E-2,-8.895E-2
4.986,2.225E-2,-8.891E-2
5.003,2.226E-2,-8.894E-2
5.020,2.227E-2,-8.893E-2
5.036,2.227E-2,-8.894E-2
5.053,2.225E-2,-8.898E-2
5.070,2.226E-2,-8.898E-2
5.087,2.223E-2,-8.899E-2
5.104,2.223E-2,-8.899E-2
5.121,2.230E-2,-8.896E-2
5.137,2.234E-2,-8.902E-2
5.154,2.247E-2,-8.897E-2
5.171,2.293E-2,-8.911E-2
5.188,2.404E-2,-8.923E-2
5.205,2.587E-2,-8.957E-2
5.222,2.864E-2,-9.003E-2
5.238,3.264E-2,-9.067E-2
5.255,3.764E-2,-9.128E-2
5.272,4.368E-2,-9.190E-2
5.289,5.671E-2,-9.757E-2
5.306,6.502E-2,-9.816E-2
5.323,7.415E-2,-9.853E-2
5.340,8.326E-2,-9.852E-2
5.356,9.235E-2,-9.815E-2
5.373,0.101,-9.733E-2
5.390,0.108,-9.650E-2
5.407,0.114,-9.546E-2
5.424,0.119,-9.468E-2
5.441,0.122,-9.412E-2
5.457,0.122,-9.410E-2
5.474,0.121,-9.439E-2
5.491,0.117,-9.508E-2
5.508,0.112,-9.587E-2
5.525,0.106,-9.688E-2
5.542,9.833E-2,-9.766E-2
5.559,8.995E-2,-9.828E-2
5.575,8.077E-2,-9.847E-2
5.592,7.180E-2,-9.848E-2
5.609,6.330E-2,-9.808E-2
5.626,5.576E-2,-9.748E-2
5.643,4.926E-2,-9.691E-2
5.660,4.412E-2,-9.621E-2
5.676,4.112E-2,-9.598E-2
5.693,3.564E-2,-9.265E-2
5.710,3.695E-2,-9.280E-2
5.727,4.028E-2,-9.325E-2
5.744,4.539E-2,-9.389E-2
5.761,5.218E-2,-9.447E-2
5.777,6.021E-2,-9.505E-2
5.794,6.889E-2,-9.534E-2
5.811,7.812E-2,-9.528E-2
5.828,8.717E-2,-9.492E-2
5.845,9.577E-2,-9.425E-2
5.862,0.103,-9.345E-2
5.879,0.109,-9.251E-2
5.895,0.114,-9.166E-2
5.912,0.117,-9.109E-2
5.929,0.118,-9.096E-2
5.946,0.117,-9.122E-2
5.963,0.113,-9.182E-2
5.980,0.109,-9.265E-2
5.996,0.102,-9.344E-2
6.013,9.417E-2,-9.430E-2
6.030,8.553E-2,-9.490E-2
6.047,7.655E-2,-9.526E-2
6.064,6.755E-2,-9.525E-2
6.081,5.897E-2,-9.494E-2
6.098,5.120E-2,-9.430E-2
6.114,4.474E-2,-9.368E-2
6.131,3.995E-2,-9.313E-2
6.148,3.708E-2,-9.275E-2
6.165,3.631E-2,-9.263E-2
6.182,3.753E-2,-9.278E-2
6.199,4.073E-2,-9.325E-2
6.215,4.589E-2,-9.382E-2
6.232,5.248E-2,-9.448E-2
6.249,6.031E-2,-9.491E-2
6.266,6.901E-2,-9.525E-2
6.283,7.814E-2,-9.529E-2
6.300,8.708E-2,-9.492E-2
6.316,9.556E-2,-9.423E-2
6.333,0.103,-9.339E-2
6.350,0.109,-9.250E-2
6.367,0.114,-9.173E-2
6.384,0.117,-9.116E-2
6.401,0.118,-9.101E-2
6.418,0.116,-9.125E-2
6.434,0.113,-9.178E-2
6.451,0.109,-9.259E-2
6.468,0.102,-9.347E-2
6.485,9.454E-2,-9.424E-2
6.502,8.600E-2,-9.482E-2
6.519,7.703E-2,-9.523E-2
6.535,6.809E-2,-9.528E-2
6.552,5.962E-2,-9.501E-2
6.569,5.187E-2,-9.451E-2
6.586,4.538E-2,-9.387E-2
6.603,4.052E-2,-9.329E-2
6.620,3.752E-2,-9.286E-2
6.637,3.649E-2,-9.275E-2
6.653,3.756E-2,-9.285E-2
6.670,4.066E-2,-9.328E-2
6.687,4.550E-2,-9.383E-2
6.704,5.208E-2,-9.450E-2
6.721,5.976E-2,-9.496E-2
6.738,6.849E-2,-9.526E-2
6.754,7.734E-2,-9.528E-2
6.771,8.626E-2,-9.494E-2
6.788,9.468E-2,-9.425E-2
6.805,0.102,-9.346E-2
6.822,0.108,-9.259E-2
6.839,0.113,-9.182E-2
6.855,0.116,-9.133E-2
6.872,0.117,-9.107E-2
6.889,0.116,-9.122E-2
6.906,0.113,-9.176E-2
6.923,0.109,-9.258E-2
6.940,0.102,-9.340E-2
6.957,9.470E-2,-9.426E-2
6.973,8.632E-2,-9.488E-2
6.990,7.739E-2,-9.528E-2
7.007,6.838E-2,-9.529E-2
7.024,5.990E-2,-9.500E-2
7.041,5.215E-2,-9.449E-2
7.058,4.563E-2,-9.391E-2
7.074,4.082E-2,-9.340E-2
7.091,3.769E-2,-9.304E-2
7.108,3.656E-2,-9.283E-2
7.125,3.755E-2,-9.299E-2
7.142,4.046E-2,-9.336E-2
7.159,4.509E-2,-9.388E-2
7.176,5.146E-2,-9.450E-2
7.192,5.914E-2,-9.507E-2
7.209,6.757E-2,-9.529E-2
7.226,7.639E-2,-9.533E-2
7.243,8.542E-2,-9.509E-2
7.260,9.380E-2,-9.447E-2
7.277,0.101,-9.363E-2
7.293,0.107,-9.272E-2
7.310,0.112,-9.197E-2
7.327,0.115,-9.148E-2
7.344,0.116,-9.118E-2
7.361,0.116,-9.135E-2
7.378,0.113,-9.189E-2
7.395,0.108,-9.260E-2
7.411,0.102,-9.347E-2
7.428,9.498E-2,-9.430E-2
7.445,8.670E-2,-9.489E-2
7.462,7.779E-2,-9.527E-2
7.479,6.909E-2,-9.532E-2
7.496,6.064E-2,-9.506E-2
7.512,5.297E-2,-9.461E-2
7.529,4.648E-2,-9.401E-2
7.546,4.146E-2,-9.344E-2
7.563,3.827E-2,-9.304E-2
7.580,3.696E-2,-9.292E-2
7.597,3.772E-2,-9.295E-2
7.613,4.040E-2,-9.327E-2
7.630,4.507E-2,-9.381E-2
7.647,5.129E-2,-9.444E-2
7.664,5.878E-2,-9.506E-2
7.681,6.695E-2,-9.530E-2
7.698,7.563E-2,-9.529E-2
7.715,8.453E-2,-9.505E-2
7.731,9.289E-2,-9.444E-2
7.748,0.100,-9.370E-2
7.765,0.107,-9.285E-2
7.782,0.112,-9.207E-2
7.799,0.115,-9.153E-2
7.816,0.116,-9.124E-2
7.832,0.115,-9.135E-2
7.849,0.113,-9.186E-2
7.866,0.108,-9.259E-2
7.883,0.103,-9.343E-2
7.900,9.539E-2,-9.423E-2
7.917,8.710E-2,-9.487E-2
7.934,7.848E-2,-9.525E-2
7.950,6.965E-2,-9.534E-2
7.967,6.124E-2,-9.510E-2
7.984,5.353E-2,-9.471E-2
8.001,4.707E-2,-9.407E-2
8.018,4.196E-2,-9.353E-2
8.035,3.871E-2,-9.311E-2
8.051,3.739E-2,-9.293E-2
8.068,3.796E-2,-9.299E-2
8.085,4.040E-2,-9.331E-2
8.102,4.491E-2,-9.382E-2
8.119,5.085E-2,-9.434E-2
8.136,5.824E-2,-9.485E-2
8.152,6.650E-2,-9.524E-2
8.169,7.513E-2,-9.529E-2
8.186,8.390E-2,-9.495E-2
8.203,9.212E-2,-9.448E-2
8.220,9.975E-2,-9.369E-2
8.237,0.106,-9.294E-2
8.254,0.111,-9.218E-2
8.270,0.114,-9.164E-2
8.287,0.116,-9.138E-2
8.304,0.115,-9.141E-2
8.321,0.113,-9.181E-2
8.338,0.109,-9.264E-2
8.355,0.103,-9.341E-2
8.371,9.603E-2,-9.418E-2
8.388,8.787E-2,-9.489E-2
8.405,7.945E-2,-9.525E-2
8.422,7.055E-2,-9.534E-2
8.439,6.223E-2,-9.509E-2
8.456,5.436E-2,-9.469E-2
8.473,4.772E-2,-9.409E-2
8.489,4.282E-2,-9.361E-2
8.506,3.940E-2,-9.321E-2
8.523,3.783E-2,-9.300E-2
8.540,3.822E-2,-9.309E-2
8.557,4.047E-2,-9.340E-2
8.574,4.447E-2,-9.386E-2
8.590,5.048E-2,-9.443E-2
8.607,5.737E-2,-9.492E-2
8.624,6.550E-2,-9.530E-2
8.641,7.415E-2,-9.544E-2
8.658,8.261E-2,-9.517E-2
8.675,9.092E-2,-9.462E-2
8.691,9.852E-2,-9.391E-2
8.708,0.105,-9.306E-2
8.725,0.110,-9.225E-2
8.742,0.113,-9.170E-2
8.759,0.115,-9.144E-2
8.776,0.115,-9.148E-2
8.793,0.113,-9.186E-2
8.809,0.109,-9.259E-2
8.826,0.103,-9.339E-2
8.843,9.604E-2,-9.419E-2
8.860,8.805E-2,-9.483E-2
8.877,7.952E-2,-9.523E-2
8.894,7.091E-2,-9.537E-2
8.910,6.259E-2,-9.526E-2
8.927,5.497E-2,-9.483E-2
8.944,4.826E-2,-9.425E-2
8.961,4.306E-2,-9.370E-2
8.978,3.952E-2,-9.332E-2
8.995,3.789E-2,-9.309E-2
9.012,3.818E-2,-9.313E-2
9.028,4.034E-2,-9.339E-2
9.045,4.432E-2,-9.380E-2
9.062,4.975E-2,-9.432E-2
9.079,5.677E-2,-9.486E-2
9.096,6.472E-2,-9.523E-2
9.113,7.309E-2,-9.535E-2
9.129,8.166E-2,-9.511E-2
9.146,9.007E-2,-9.463E-2
9.163,9.766E-2,-9.393E-2
9.180,0.104,-9.321E-2
9.197,0.109,-9.242E-2
9.214,0.113,-9.178E-2
9.230,0.113,-8.984E-2
9.247,0.113,-8.985E-2
9.264,0.111,-9.021E-2
9.281,0.107,-9.076E-2
9.298,0.103,-9.323E-2
9.315,9.653E-2,-9.402E-2
9.332,8.886E-2,-9.470E-2
9.348,8.044E-2,-9.514E-2
9.365,7.198E-2,-9.527E-2
9.382,6.354E-2,-9.512E-2
9.399,5.597E-2,-9.482E-2
9.416,4.923E-2,-9.434E-2
9.433,4.367E-2,-9.370E-2
9.449,4.006E-2,-9.328E-2
9.466,3.825E-2,-9.306E-2
9.483,3.822E-2,-9.307E-2
9.500,4.017E-2,-9.330E-2
9.517,4.403E-2,-9.380E-2
9.534,4.930E-2,-9.430E-2
9.551,5.604E-2,-9.472E-2
9.567,6.386E-2,-9.510E-2
9.584,7.226E-2,-9.524E-2
9.601,8.073E-2,-9.509E-2
9.618,8.911E-2,-9.471E-2
9.635,9.687E-2,-9.403E-2
9.652,0.103,-9.322E-2
9.668,0.109,-9.248E-2
9.685,0.112,-9.178E-2
9.702,0.114,-9.152E-2
9.719,0.114,-9.151E-2
9.736,0.112,-9.180E-2
9.753,0.109,-9.243E-2
9.769,0.104,-9.313E-2
9.786,9.722E-2,-9.392E-2
9.803,8.958E-2,-9.459E-2
9.820,8.136E-2,-9.505E-2
9.837,7.283E-2,-9.527E-2
9.854,6.447E-2,-9.517E-2
9.871,5.681E-2,-9.484E-2
9.887,4.998E-2,-9.427E-2
9.904,4.440E-2,-9.375E-2
9.921,4.093E-2,-9.341E-2
9.938,3.885E-2,-9.318E-2
9.955,3.865E-2,-9.314E-2
9.972,4.057E-2,-9.337E-2
9.988,4.419E-2,-9.385E-2
10.005,4.931E-2,-9.430E-2
10.022,5.605E-2,-9.480E-2
10.039,6.352E-2,-9.512E-2
10.056,7.175E-2,-9.531E-2
10.073,8.010E-2,-9.514E-2
10.090,8.839E-2,-9.471E-2
10.106,9.626E-2,-9.412E-2
10.123,0.103,-9.330E-2
10.140,0.108,-9.260E-2
10.157,0.112,-9.194E-2
10.174,0.114,-9.158E-2
10.191,0.114,-9.158E-2
10.207,0.113,-9.187E-2
10.224,0.109,-9.241E-2
10.241,0.104,-9.313E-2
10.258,9.781E-2,-9.389E-2
10.275,9.037E-2,-9.459E-2
10.292,8.227E-2,-9.507E-2
10.309,7.392E-2,-9.531E-2
10.325,6.570E-2,-9.524E-2
10.342,5.790E-2,-9.489E-2
10.359,5.119E-2,-9.441E-2
10.376,4.560E-2,-9.390E-2
10.393,4.164E-2,-9.344E-2
10.410,3.944E-2,-9.318E-2
10.426,3.914E-2,-9.319E-2
10.443,4.074E-2,-9.341E-2
10.460,4.401E-2,-9.384E-2
10.477,4.890E-2,-9.430E-2
10.494,5.538E-2,-9.482E-2
10.511,6.275E-2,-9.519E-2
10.527,7.071E-2,-9.536E-2
10.544,7.915E-2,-9.527E-2
10.561,8.725E-2,-9.495E-2
10.578,9.497E-2,-9.430E-2
10.595,0.102,-9.353E-2
10.612,0.107,-9.283E-2
10.629,0.111,-9.218E-2
10.645,0.113,-9.189E-2
10.662,0.113,-9.182E-2
10.679,0.112,-9.209E-2
10.696,0.109,-9.260E-2
10.713,0.104,-9.322E-2
10.730,9.803E-2,-9.396E-2
10.746,9.091E-2,-9.456E-2
10.763,8.298E-2,-9.503E-2
10.780,7.477E-2,-9.526E-2
10.797,6.650E-2,-9.528E-2
10.814,5.854E-2,-9.497E-2
10.831,5.161E-2,-9.449E-2
10.848,4.606E-2,-9.402E-2
10.864,4.190E-2,-9.360E-2
10.881,3.962E-2,-9.336E-2
10.898,3.899E-2,-9.331E-2
10.915,4.044E-2,-9.340E-2
10.932,4.362E-2,-9.384E-2
10.949,4.832E-2,-9.427E-2
10.965,5.456E-2,-9.480E-2
10.982,6.179E-2,-9.517E-2
10.999,6.972E-2,-9.532E-2
11.016,7.819E-2,-9.533E-2
11.033,8.647E-2,-9.502E-2
11.050,9.412E-2,-9.443E-2
11.066,0.101,-9.363E-2
11.083,0.106,-9.289E-2
11.100,0.111,-9.226E-2
11.117,0.113,-9.183E-2
11.134,0.114,-9.180E-2
11.151,0.113,-9.200E-2
11.168,0.110,-9.243E-2
11.184,0.105,-9.311E-2
11.201,9.915E-2,-9.382E-2
11.218,9.199E-2,-9.454E-2
11.235,8.419E-2,-9.504E-2
11.252,7.601E-2,-9.528E-2
11.269,6.781E-2,-9.524E-2
11.285,6.003E-2,-9.506E-2
11.302,5.322E-2,-9.461E-2
11.319,4.739E-2,-9.412E-2
11.336,4.315E-2,-9.366E-2
11.353,4.051E-2,-9.333E-2
11.370,3.988E-2,-9.324E-2
11.387,4.095E-2,-9.341E-2
11.403,4.381E-2,-9.374E-2
11.420,4.846E-2,-9.424E-2
11.437,5.441E-2,-9.471E-2
11.454,6.148E-2,-9.509E-2
11.471,6.941E-2,-9.529E-2
11.488,7.749E-2,-9.528E-2
11.504,8.552E-2,-9.493E-2
11.521,9.340E-2,-9.442E-2
11.538,0.100,-9.372E-2
11.555,0.106,-9.300E-2
11.572,0.110,-9.229E-2
11.589,0.113,-9.189E-2
11.605,0.114,-9.178E-2
11.622,0.113,-9.196E-2
11.639,0.110,-9.239E-2
11.656,0.105,-9.308E-2
11.673,9.965E-2,-9.380E-2
11.690,9.266E-2,-9.452E-2
11.707,8.497E-2,-9.501E-2
11.723,7.671E-2,-9.531E-2
11.740,6.862E-2,-9.528E-2
11.757,6.090E-2,-9.509E-2
11.774,5.388E-2,-9.476E-2
11.791,4.813E-2,-9.419E-2
11.808,4.361E-2,-9.375E-2
11.824,4.096E-2,-9.340E-2
11.841,3.998E-2,-9.334E-2
11.858,4.083E-2,-9.343E-2
11.875,4.345E-2,-9.372E-2
11.892,4.780E-2,-9.415E-2
11.909,5.369E-2,-9.464E-2
11.926,6.058E-2,-9.511E-2
11.942,6.830E-2,-9.529E-2
11.959,7.637E-2,-9.528E-2
11.976,8.445E-2,-9.496E-2
11.993,9.227E-2,-9.444E-2
12.010,9.922E-2,-9.382E-2
12.027,0.105,-9.307E-2
12.043,0.109,-9.248E-2
12.060,0.112,-9.204E-2
12.077,0.113,-9.182E-2
12.094,0.113,-9.197E-2
12.111,0.110,-9.234E-2
12.128,0.106,-9.298E-2
12.144,0.100,-9.372E-2
12.161,9.346E-2,-9.437E-2
12.178,8.575E-2,-9.492E-2
12.195,7.770E-2,-9.526E-2
12.212,6.957E-2,-9.530E-2
12.229,6.184E-2,-9.515E-2
12.246,5.497E-2,-9.481E-2
12.262,4.885E-2,-9.432E-2
12.279,4.432E-2,-9.383E-2
12.296,4.138E-2,-9.353E-2
12.313,4.020E-2,-9.338E-2
12.330,4.077E-2,-9.351E-2
12.347,4.314E-2,-9.373E-2
12.363,4.725E-2,-9.412E-2
12.380,5.288E-2,-9.461E-2
12.397,5.962E-2,-9.504E-2
12.414,6.719E-2,-9.525E-2
12.431,7.516E-2,-9.533E-2
12.448,8.336E-2,-9.504E-2
12.465,9.107E-2,-9.459E-2
12.481,9.801E-2,-9.393E-2
12.498,0.104,-9.323E-2
12.515,0.109,-9.261E-2
12.532,0.111,-9.210E-2
12.549,0.113,-9.188E-2
12.566,0.112,-9.192E-2
12.582,0.110,-9.225E-2
12.599,0.106,-9.286E-2
12.616,0.101,-9.358E-2
12.633,9.432E-2,-9.425E-2
12.650,8.682E-2,-9.485E-2
12.667,7.891E-2,-9.523E-2
12.684,7.089E-2,-9.531E-2
12.700,6.301E-2,-9.515E-2
12.717,5.611E-2,-9.483E-2
12.734,4.996E-2,-9.433E-2
12.751,4.524E-2,-9.387E-2
12.768,4.217E-2,-9.359E-2
12.785,4.068E-2,-9.341E-2
12.801,4.108E-2,-9.347E-2
12.818,4.313E-2,-9.369E-2
12.835,4.694E-2,-9.405E-2
12.852,5.201E-2,-9.452E-2
12.869,5.851E-2,-9.491E-2
12.886,6.596E-2,-9.523E-2
12.902,7.374E-2,-9.533E-2
12.919,8.181E-2,-9.513E-2
12.936,8.952E-2,-9.467E-2
12.953,9.662E-2,-9.404E-2
12.970,0.103,-9.335E-2
12.987,0.107,-9.264E-2
13.004,0.111,-9.218E-2
13.020,0.112,-9.196E-2
13.037,0.112,-9.202E-2
13.054,0.110,-9.234E-2
13.071,0.106,-9.287E-2
13.088,0.101,-9.357E-2
13.105,9.514E-2,-9.428E-2
13.121,8.777E-2,-9.482E-2
13.138,8.003E-2,-9.523E-2
13.155,7.181E-2,-9.531E-2
13.172,6.406E-2,-9.521E-2
13.189,5.693E-2,-9.496E-2
13.206,5.085E-2,-9.448E-2
13.223,4.599E-2,-9.403E-2
13.239,4.265E-2,-9.368E-2
13.256,4.103E-2,-9.351E-2
13.273,4.112E-2,-9.351E-2
13.290,4.299E-2,-9.373E-2
13.307,4.656E-2,-9.404E-2
13.324,5.141E-2,-9.445E-2
13.340,5.788E-2,-9.498E-2
13.357,6.501E-2,-9.529E-2
13.374,7.277E-2,-9.531E-2
13.391,8.053E-2,-9.510E-2
13.408,8.830E-2,-9.473E-2
13.425,9.559E-2,-9.409E-2
13.441,0.102,-9.345E-2
13.458,0.107,-9.286E-2
13.475,0.110,-9.225E-2
13.492,0.112,-9.202E-2
13.509,0.112,-9.201E-2
13.526,0.110,-9.228E-2
13.543,0.107,-9.281E-2
13.559,0.102,-9.343E-2
13.576,9.585E-2,-9.412E-2
13.593,8.873E-2,-9.467E-2
13.610,8.106E-2,-9.514E-2
13.627,7.313E-2,-9.529E-2
13.644,6.549E-2,-9.523E-2
13.660,5.829E-2,-9.488E-2
13.677,5.191E-2,-9.448E-2
13.694,4.699E-2,-9.405E-2
13.711,4.342E-2,-9.369E-2
13.728,4.156E-2,-9.347E-2
13.745,4.145E-2,-9.347E-2
13.762,4.308E-2,-9.363E-2
13.778,4.642E-2,-9.400E-2
13.795,5.115E-2,-9.442E-2
13.812,5.722E-2,-9.488E-2
13.829,6.419E-2,-9.515E-2
13.846,7.192E-2,-9.529E-2
13.863,7.971E-2,-9.514E-2
13.879,8.752E-2,-9.485E-2
13.896,9.463E-2,-9.429E-2
13.913,0.101,-9.362E-2
13.930,0.106,-9.293E-2
13.947,0.110,-9.240E-2
13.964,0.112,-9.209E-2
13.980,0.112,-9.204E-2
13.997,0.110,-9.230E-2
14.014,0.107,-9.276E-2
14.031,0.103,-9.344E-2
14.048,9.665E-2,-9.410E-2
14.065,8.961E-2,-9.465E-2
14.082,8.210E-2,-9.510E-2
14.098,7.425E-2,-9.527E-2
14.115,6.654E-2,-9.526E-2
14.132,5.937E-2,-9.505E-2
14.149,5.302E-2,-9.459E-2
14.166,4.769E-2,-9.416E-2
14.183,4.392E-2,-9.380E-2
14.199,4.193E-2,-9.360E-2
14.216,4.153E-2,-9.358E-2
14.233,4.292E-2,-9.374E-2
14.250,4.594E-2,-9.403E-2
14.267,5.040E-2,-9.445E-2
14.284,5.620E-2,-9.488E-2
14.301,6.312E-2,-9.520E-2
14.317,7.055E-2,-9.534E-2
14.334,7.843E-2,-9.527E-2
14.351,8.617E-2,-9.499E-2
14.368,9.333E-2,-9.443E-2
14.385,9.970E-2,-9.374E-2
14.402,0.105,-9.312E-2
14.418,0.109,-9.259E-2
14.435,0.111,-9.226E-2
14.452,0.112,-9.214E-2
14.469,0.110,-9.227E-2
14.486,0.108,-9.272E-2
14.503,0.103,-9.331E-2
14.519,9.752E-2,-9.400E-2
14.536,9.066E-2,-9.465E-2
14.553,8.315E-2,-9.511E-2
14.570,7.539E-2,-9.532E-2
14.587,6.772E-2,-9.530E-2
14.604,6.051E-2,-9.504E-2
14.621,5.403E-2,-9.470E-2
14.637,4.871E-2,-9.427E-2
14.654,4.479E-2,-9.389E-2
14.671,4.253E-2,-9.360E-2
14.688,4.177E-2,-9.355E-2
14.705,4.287E-2,-9.365E-2
14.722,4.550E-2,-9.391E-2
14.738,4.981E-2,-9.431E-2
14.755,5.545E-2,-9.473E-2
14.772,6.222E-2,-9.509E-2
14.789,6.963E-2,-9.522E-2
14.806,7.733E-2,-9.527E-2
14.823,8.494E-2,-9.493E-2
14.840,9.217E-2,-9.444E-2
14.856,9.861E-2,-9.383E-2
14.873,0.104,-9.312E-2
14.890,0.108,-9.263E-2
14.907,0.111,-9.224E-2
14.924,0.111,-9.216E-2
14.941,0.110,-9.232E-2
14.957,0.108,-9.267E-2
14.974,0.104,-9.328E-2
14.991,9.822E-2,-9.389E-2
15.008,9.159E-2,-9.451E-2
15.025,8.423E-2,-9.496E-2
15.042,7.668E-2,-9.523E-2
15.059,6.900E-2,-9.529E-2
15.075,6.171E-2,-9.505E-2
15.092,5.507E-2,-9.471E-2
15.109,4.965E-2,-9.432E-2
15.126,4.547E-2,-9.392E-2
15.143,4.293E-2,-9.364E-2
15.160,4.205E-2,-9.357E-2
15.176,4.281E-2,-9.367E-2
15.193,4.532E-2,-9.391E-2
15.210,4.929E-2,-9.427E-2
15.227,5.461E-2,-9.472E-2
15.244,6.113E-2,-9.506E-2
15.261,6.838E-2,-9.526E-2
15.277,7.602E-2,-9.529E-2
15.294,8.380E-2,-9.500E-2
15.311,9.109E-2,-9.463E-2
15.328,9.761E-2,-9.400E-2
15.345,0.103,-9.334E-2
15.362,0.107,-9.277E-2
15.379,0.110,-9.236E-2
15.395,0.111,-9.220E-2
15.412,0.111,-9.231E-2
15.429,0.108,-9.263E-2
15.446,0.104,-9.322E-2
15.463,9.919E-2,-9.387E-2
15.480,9.283E-2,-9.445E-2
15.496,8.563E-2,-9.498E-2
15.513,7.813E-2,-9.525E-2
15.530,7.040E-2,-9.530E-2
15.547,6.310E-2,-9.513E-2
15.564,5.659E-2,-9.483E-2
15.581,5.102E-2,-9.443E-2
15.598,4.656E-2,-9.404E-2
15.614,4.365E-2,-9.375E-2
15.631,4.252E-2,-9.359E-2
15.648,4.303E-2,-9.365E-2
15.665,4.526E-2,-9.389E-2
15.682,4.902E-2,-9.426E-2
15.699,5.413E-2,-9.469E-2
15.715,6.044E-2,-9.505E-2
15.732,6.750E-2,-9.528E-2
15.749,7.492E-2,-9.534E-2
15.766,8.261E-2,-9.513E-2
15.783,8.981E-2,-9.468E-2
15.800,9.652E-2,-9.408E-2
15.816,0.102,-9.348E-2
15.833,0.107,-9.285E-2
15.850,0.109,-9.239E-2
15.867,0.111,-9.223E-2
15.884,0.110,-9.228E-2
15.901,0.109,-9.260E-2
15.918,0.105,-9.311E-2
15.934,9.994E-2,-9.371E-2
15.951,9.374E-2,-9.435E-2
15.968,8.687E-2,-9.486E-2
15.985,7.946E-2,-9.523E-2
16.002,7.182E-2,-9.528E-2
16.019,6.458E-2,-9.528E-2
16.035,5.776E-2,-9.492E-2
16.052,5.196E-2,-9.448E-2
16.069,4.738E-2,-9.403E-2
16.086,4.439E-2,-9.383E-2
16.103,4.291E-2,-9.365E-2
16.120,4.309E-2,-9.369E-2
16.137,4.499E-2,-9.385E-2
16.153,4.851E-2,-9.421E-2
16.170,5.330E-2,-9.466E-2
16.187,5.932E-2,-9.504E-2
16.204,6.626E-2,-9.528E-2
16.221,7.358E-2,-9.532E-2
16.238,8.111E-2,-9.512E-2
16.254,8.854E-2,-9.482E-2
16.271,9.526E-2,-9.423E-2
16.288,0.101,-9.361E-2
16.305,0.106,-9.304E-2
16.322,0.109,-9.252E-2
16.339,0.110,-9.226E-2
16.355,0.110,-9.227E-2
16.372,0.109,-9.260E-2
16.389,0.105,-9.307E-2
16.406,0.101,-9.365E-2
16.423,9.489E-2,-9.427E-2
16.440,8.803E-2,-9.482E-2
16.457,8.064E-2,-9.518E-2
16.473,7.320E-2,-9.534E-2
16.490,6.594E-2,-9.526E-2
16.507,5.903E-2,-9.492E-2
16.524,5.321E-2,-9.459E-2
16.541,4.854E-2,-9.423E-2
16.558,4.510E-2,-9.387E-2
16.574,4.335E-2,-9.369E-2
16.591,4.328E-2,-9.368E-2
16.608,4.486E-2,-9.382E-2
16.625,4.799E-2,-9.413E-2
16.642,5.253E-2,-9.449E-2
16.659,5.835E-2,-9.489E-2
16.676,6.518E-2,-9.518E-2
16.692,7.237E-2,-9.533E-2
16.709,7.977E-2,-9.518E-2
16.726,8.719E-2,-9.483E-2
16.743,9.397E-2,-9.434E-2
16.760,9.992E-2,-9.369E-2
16.777,0.105,-9.311E-2
16.793,0.108,-9.264E-2
16.810,0.110,-9.231E-2
16.827,0.110,-9.228E-2
16.844,0.109,-9.248E-2
16.861,0.106,-9.292E-2
16.878,0.101,-9.347E-2
16.894,9.569E-2,-9.407E-2
16.911,8.909E-2,-9.465E-2
16.928,8.200E-2,-9.509E-2
16.945,7.464E-2,-9.527E-2
16.962,6.732E-2,-9.526E-2
16.979,6.050E-2,-9.506E-2
16.996,5.439E-2,-9.471E-2
17.012,4.944E-2,-9.430E-2
17.029,4.588E-2,-9.391E-2
17.046,4.383E-2,-9.368E-2
17.063,4.344E-2,-9.366E-2
17.080,4.476E-2,-9.382E-2
17.097,4.766E-2,-9.409E-2
17.113,5.201E-2,-9.446E-2
17.130,5.746E-2,-9.484E-2
17.147,6.394E-2,-9.514E-2
17.164,7.117E-2,-9.527E-2
17.181,7.859E-2,-9.524E-2
17.198,8.578E-2,-9.490E-2
17.215,9.271E-2,-9.444E-2
17.231,9.877E-2,-9.383E-2
17.248,0.104,-9.323E-2
17.265,0.107,-9.277E-2
17.282,0.109,-9.245E-2
17.299,0.110,-9.234E-2
17.316,0.109,-9.246E-2
17.332,0.106,-9.288E-2
17.349,0.102,-9.344E-2
17.366,9.668E-2,-9.403E-2
17.383,9.033E-2,-9.461E-2
17.400,8.323E-2,-9.509E-2
17.417,7.593E-2,-9.533E-2
17.434,6.868E-2,-9.530E-2
17.450,6.179E-2,-9.512E-2
17.467,5.551E-2,-9.477E-2
17.484,5.050E-2,-9.439E-2
17.501,4.670E-2,-9.406E-2
17.518,4.439E-2,-9.382E-2
17.535,4.369E-2,-9.373E-2
17.551,4.470E-2,-9.380E-2
17.568,4.718E-2,-9.408E-2
17.585,5.118E-2,-9.443E-2
17.602,5.653E-2,-9.483E-2
17.619,6.277E-2,-9.515E-2
17.636,6.975E-2,-9.527E-2
17.652,7.705E-2,-9.528E-2
17.669,8.434E-2,-9.503E-2
17.686,9.120E-2,-9.458E-2
17.703,9.748E-2,-9.402E-2
17.720,0.103,-9.346E-2
17.737,0.106,-9.291E-2
17.754,0.109,-9.256E-2
17.770,0.110,-9.248E-2
17.787,0.109,-9.257E-2
17.804,0.107,-9.292E-2
17.821,0.103,-9.342E-2
17.838,9.761E-2,-9.405E-2
17.855,9.147E-2,-9.458E-2
17.871,8.448E-2,-9.510E-2
17.888,7.722E-2,-9.534E-2
17.905,6.990E-2,-9.534E-2
17.922,6.307E-2,-9.522E-2
17.939,5.671E-2,-9.494E-2
17.956,5.148E-2,-9.451E-2
17.973,4.751E-2,-9.417E-2
17.989,4.487E-2,-9.391E-2
18.006,4.394E-2,-9.381E-2
18.023,4.455E-2,-9.389E-2
18.040,4.675E-2,-9.409E-2
18.057,5.038E-2,-9.441E-2
18.074,5.545E-2,-9.479E-2
18.090,6.136E-2,-9.513E-2
18.107,6.818E-2,-9.525E-2
18.124,7.542E-2,-9.528E-2
18.141,8.267E-2,-9.510E-2
18.158,8.954E-2,-9.472E-2
18.175,9.601E-2,-9.413E-2
18.191,0.102,-9.357E-2
18.208,0.106,-9.304E-2
18.225,0.108,-9.265E-2
18.242,0.109,-9.247E-2
18.259,0.109,-9.253E-2
18.276,0.107,-9.281E-2
18.293,0.103,-9.329E-2
18.309,9.839E-2,-9.389E-2
18.326,9.251E-2,-9.448E-2
18.343,8.579E-2,-9.492E-2
18.360,7.859E-2,-9.526E-2
18.377,7.140E-2,-9.527E-2
18.394,6.431E-2,-9.515E-2
18.410,5.794E-2,-9.490E-2
18.427,5.249E-2,-9.455E-2
18.444,4.828E-2,-9.416E-2
18.461,4.545E-2,-9.390E-2
18.478,4.424E-2,-9.380E-2
18.495,4.455E-2,-9.384E-2
18.512,4.642E-2,-9.403E-2
18.528,4.983E-2,-9.435E-2
18.545,5.465E-2,-9.465E-2
18.562,6.050E-2,-9.504E-2
18.579,6.705E-2,-9.528E-2
18.596,7.413E-2,-9.531E-2
18.613,8.137E-2,-9.510E-2
18.629,8.847E-2,-9.485E-2
18.646,9.491E-2,-9.425E-2
18.663,0.100,-9.367E-2
18.680,0.105,-9.310E-2
18.697,0.107,-9.274E-2
18.714,0.109,-9.241E-2
18.730,0.109,-9.247E-2
18.747,0.107,-9.270E-2
18.764,0.104,-9.320E-2
18.781,9.946E-2,-9.379E-2
18.798,9.361E-2,-9.434E-2
18.815,8.723E-2,-9.481E-2
18.832,7.997E-2,-9.516E-2
18.848,7.287E-2,-9.530E-2
18.865,6.592E-2,-9.522E-2
18.882,5.936E-2,-9.497E-2
18.899,5.390E-2,-9.465E-2
18.916,4.940E-2,-9.425E-2
18.933,4.629E-2,-9.397E-2
18.949,4.467E-2,-9.383E-2
18.966,4.465E-2,-9.385E-2
18.983,4.625E-2,-9.402E-2
19.000,4.928E-2,-9.428E-2
19.017,5.376E-2,-9.465E-2
19.034,5.945E-2,-9.502E-2
19.051,6.585E-2,-9.529E-2
19.067,7.282E-2,-9.532E-2
19.084,8.005E-2,-9.522E-2
19.101,8.699E-2,-9.489E-2
19.118,9.339E-2,-9.435E-2
19.135,9.919E-2,-9.383E-2
19.152,0.104,-9.326E-2
19.168,0.107,-9.282E-2
19.185,0.109,-9.259E-2
19.202,0.109,-9.260E-2
19.219,0.108,-9.281E-2
19.236,0.105,-9.319E-2
19.253,0.100,-9.376E-2
19.269,9.485E-2,-9.431E-2
19.286,8.848E-2,-9.485E-2
19.303,8.169E-2,-9.522E-2
19.320,7.447E-2,-9.534E-2
19.337,6.743E-2,-9.532E-2
19.354,6.097E-2,-9.511E-2
19.371,5.521E-2,-9.480E-2
19.387,5.039E-2,-9.444E-2
19.404,4.694E-2,-9.410E-2
19.421,4.506E-2,-9.392E-2
19.438,4.463E-2,-9.390E-2
19.455,4.593E-2,-9.403E-2
19.472,4.862E-2,-9.432E-2
19.488,5.266E-2,-9.464E-2
19.505,5.793E-2,-9.496E-2
19.522,6.408E-2,-9.515E-2
19.539,7.101E-2,-9.526E-2
19.556,7.798E-2,-9.523E-2
19.573,8.494E-2,-9.495E-2
19.590,9.155E-2,-9.449E-2
19.606,9.743E-2,-9.394E-2
19.623,0.102,-9.339E-2
19.640,0.106,-9.292E-2
19.657,0.108,-9.265E-2
19.674,0.108,-9.260E-2
19.691,0.107,-9.273E-2
19.707,0.105,-9.306E-2
19.724,0.101,-9.362E-2
19.741,9.571E-2,-9.418E-2
19.758,8.946E-2,-9.471E-2
19.775,8.279E-2,-9.506E-2
19.792,7.573E-2,-9.529E-2
19.809,6.879E-2,-9.526E-2
19.825,6.213E-2,-9.506E-2
19.842,5.630E-2,-9.482E-2
19.859,5.140E-2,-9.448E-2
19.876,4.776E-2,-9.410E-2
19.893,4.543E-2,-9.392E-2
19.910,4.489E-2,-9.386E-2
19.926,4.576E-2,-9.394E-2
19.943,4.812E-2,-9.416E-2
19.960,5.197E-2,-9.444E-2
19.977,5.701E-2,-9.483E-2
19.994,6.294E-2,-9.509E-2
20.011,6.968E-2,-9.528E-2
20.027,7.672E-2,-9.521E-2
20.044,8.363E-2,-9.497E-2
20.061,9.022E-2,-9.451E-2
20.078,9.629E-2,-9.402E-2
20.095,0.101,-9.351E-2
20.112,0.105,-9.300E-2
20.129,0.107,-9.273E-2
20.145,0.108,-9.258E-2
20.162,0.107,-9.270E-2
20.179,0.105,-9.301E-2
20.196,0.102,-9.346E-2
20.213,9.686E-2,-9.403E-2
20.230,9.090E-2,-9.454E-2
20.246,8.443E-2,-9.504E-2
20.263,7.739E-2,-9.529E-2
20.280,7.032E-2,-9.529E-2
20.297,6.370E-2,-9.514E-2
20.314,5.765E-2,-9.487E-2
20.331,5.243E-2,-9.450E-2
20.348,4.866E-2,-9.422E-2
20.364,4.623E-2,-9.399E-2
20.381,4.517E-2,-9.392E-2
20.398,4.572E-2,-9.393E-2
20.415,4.777E-2,-9.410E-2
20.432,5.130E-2,-9.445E-2
20.449,5.613E-2,-9.482E-2
20.465,6.195E-2,-9.513E-2
20.482,6.838E-2,-9.527E-2
20.499,7.539E-2,-9.527E-2
20.516,8.227E-2,-9.508E-2
20.533,8.898E-2,-9.469E-2
20.550,9.512E-2,-9.418E-2
20.566,0.100,-9.364E-2
20.583,0.104,-9.314E-2
20.600,0.107,-9.276E-2
20.617,0.108,-9.266E-2
20.634,0.108,-9.268E-2
20.651,0.106,-9.297E-2
20.668,0.103,-9.341E-2
20.684,9.784E-2,-9.395E-2
20.701,9.223E-2,-9.448E-2
20.718,8.572E-2,-9.493E-2
20.735,7.893E-2,-9.519E-2
20.752,7.189E-2,-9.534E-2
20.769,6.521E-2,-9.529E-2
20.785,5.915E-2,-9.507E-2
20.802,5.387E-2,-9.472E-2
20.819,4.962E-2,-9.434E-2
20.836,4.686E-2,-9.406E-2
20.853,4.554E-2,-9.397E-2
20.870,4.577E-2,-9.402E-2
20.887,4.752E-2,-9.416E-2
20.903,5.073E-2,-9.444E-2
20.920,5.525E-2,-9.479E-2
20.937,6.079E-2,-9.512E-2
20.954,6.717E-2,-9.528E-2
20.971,7.393E-2,-9.530E-2
20.988,8.101E-2,-9.524E-2
21.004,8.765E-2,-9.489E-2
21.021,9.385E-2,-9.440E-2
21.038,9.923E-2,-9.385E-2
21.055,0.103,-9.329E-2
21.072,0.106,-9.293E-2
21.089,0.108,-9.268E-2
21.105,0.108,-9.271E-2
21.122,0.106,-9.292E-2
21.139,0.103,-9.331E-2
21.156,9.909E-2,-9.379E-2
21.173,9.355E-2,-9.437E-2
21.190,8.743E-2,-9.479E-2
21.207,8.052E-2,-9.515E-2
21.223,7.371E-2,-9.529E-2
21.240,6.701E-2,-9.527E-2
21.257,6.075E-2,-9.508E-2
21.274,5.512E-2,-9.474E-2
21.291,5.095E-2,-9.439E-2
21.308,4.768E-2,-9.414E-2
21.324,4.606E-2,-9.395E-2
21.341,4.591E-2,-9.392E-2
21.358,4.729E-2,-9.404E-2
21.375,5.011E-2,-9.431E-2
21.392,5.434E-2,-9.466E-2
21.409,5.971E-2,-9.499E-2
21.426,6.580E-2,-9.524E-2
21.442,7.243E-2,-9.527E-2
21.459,7.940E-2,-9.523E-2
21.476,8.609E-2,-9.494E-2
21.493,9.239E-2,-9.447E-2
21.510,9.787E-2,-9.391E-2
21.527,0.102,-9.339E-2
21.543,0.106,-9.301E-2
21.560,0.107,-9.276E-2
21.577,0.108,-9.269E-2
21.594,0.106,-9.287E-2
21.611,0.104,-9.321E-2
21.628,9.979E-2,-9.372E-2
21.644,9.467E-2,-9.424E-2
21.661,8.859E-2,-9.473E-2
21.678,8.208E-2,-9.509E-2
21.695,7.520E-2,-9.530E-2
21.712,6.848E-2,-9.527E-2
21.729,6.220E-2,-9.509E-2
21.746,5.658E-2,-9.482E-2
21.762,5.190E-2,-9.450E-2
21.779,4.857E-2,-9.421E-2
21.796,4.648E-2,-9.405E-2
21.813,4.604E-2,-9.400E-2
21.830,4.703E-2,-9.412E-2
21.847,4.941E-2,-9.432E-2
21.863,5.319E-2,-9.465E-2
21.880,5.808E-2,-9.490E-2
21.897,6.405E-2,-9.524E-2
21.914,7.055E-2,-9.535E-2
21.931,7.739E-2,-9.530E-2
21.948,8.416E-2,-9.504E-2
21.965,9.049E-2,-9.469E-2
21.981,9.624E-2,-9.413E-2
21.998,0.101,-9.359E-2
22.015,0.105,-9.320E-2
22.032,0.107,-9.289E-2
22.049,0.107,-9.279E-2
22.066,0.106,-9.289E-2
22.082,0.104,-9.324E-2
22.099,0.100,-9.368E-2
22.116,9.566E-2,-9.420E-2
22.133,8.975E-2,-9.471E-2
22.150,8.330E-2,-9.504E-2
22.167,7.647E-2,-9.529E-2
22.184,6.974E-2,-9.533E-2
22.200,6.354E-2,-9.519E-2
22.217,5.769E-2,-9.491E-2
22.234,5.297E-2,-9.460E-2
22.251,4.922E-2,-9.433E-2
22.268,4.699E-2,-9.413E-2
22.285,4.614E-2,-9.405E-2
22.301,4.678E-2,-9.411E-2
22.318,4.896E-2,-9.424E-2
22.335,5.251E-2,-9.459E-2
22.352,5.715E-2,-9.489E-2
22.369,6.275E-2,-9.508E-2
22.386,6.905E-2,-9.529E-2
22.402,7.582E-2,-9.525E-2
22.419,8.260E-2,-9.509E-2
22.436,8.905E-2,-9.469E-2
22.453,9.494E-2,-9.424E-2
22.470,9.978E-2,-9.367E-2
22.487,0.104,-9.322E-2
22.504,0.106,-9.291E-2
22.520,0.107,-9.276E-2
22.537,0.106,-9.285E-2
22.554,0.104,-9.311E-2
22.571,0.101,-9.357E-2
22.588,9.668E-2,-9.406E-2
22.605,9.104E-2,-9.455E-2
22.621,8.481E-2,-9.498E-2
22.638,7.817E-2,-9.529E-2
22.655,7.138E-2,-9.527E-2
22.672,6.499E-2,-9.527E-2
22.689,5.918E-2,-9.505E-2
22.706,5.416E-2,-9.471E-2
22.723,5.029E-2,-9.440E-2
22.739,4.761E-2,-9.423E-2
22.756,4.653E-2,-9.411E-2
22.773,4.679E-2,-9.413E-2
22.790,4.858E-2,-9.427E-2
22.807,5.164E-2,-9.454E-2
22.824,5.613E-2,-9.483E-2
22.840,6.155E-2,-9.506E-2
22.857,6.765E-2,-9.533E-2
22.874,7.426E-2,-9.528E-2
22.891,8.088E-2,-9.512E-2
22.908,8.747E-2,-9.485E-2
22.925,9.345E-2,-9.434E-2
22.941,9.851E-2,-9.386E-2
22.958,0.103,-9.334E-2
22.975,0.105,-9.297E-2
22.992,0.107,-9.284E-2
23.009,0.107,-9.282E-2
23.026,0.105,-9.305E-2
23.043,0.102,-9.343E-2
23.059,9.784E-2,-9.393E-2
23.076,9.255E-2,-9.448E-2
23.093,8.654E-2,-9.493E-2
23.110,7.992E-2,-9.514E-2
23.127,7.326E-2,-9.525E-2
23.144,6.678E-2,-9.523E-2
23.160,6.075E-2,-9.509E-2
23.177,5.560E-2,-9.478E-2
23.194,5.140E-2,-9.445E-2
23.211,4.850E-2,-9.422E-2
23.228,4.691E-2,-9.410E-2
23.245,4.685E-2,-9.407E-2
23.262,4.832E-2,-9.421E-2
23.278,5.109E-2,-9.446E-2
23.295,5.505E-2,-9.471E-2
23.312,6.016E-2,-9.505E-2
23.329,6.613E-2,-9.525E-2
23.346,7.251E-2,-9.531E-2
23.363,7.913E-2,-9.512E-2
23.379,8.565E-2,-9.489E-2
23.396,9.174E-2,-9.449E-2
23.413,9.713E-2,-9.399E-2
23.430,0.101,-9.353E-2
23.447,0.105,-9.312E-2
23.464,0.106,-9.290E-2
23.480,0.106,-9.283E-2
23.497,0.105,-9.304E-2
23.514,0.103,-9.339E-2
23.531,9.861E-2,-9.388E-2
23.548,9.356E-2,-9.434E-2
23.565,8.769E-2,-9.477E-2
23.582,8.126E-2,-9.507E-2
23.598,7.470E-2,-9.525E-2
23.615,6.821E-2,-9.524E-2
23.632,6.201E-2,-9.511E-2
23.649,5.666E-2,-9.482E-2
23.666,5.213E-2,-9.452E-2
23.683,4.897E-2,-9.427E-2
23.699,4.722E-2,-9.417E-2
23.716,4.684E-2,-9.406E-2
23.733,4.790E-2,-9.420E-2
23.750,5.036E-2,-9.439E-2
23.767,5.405E-2,-9.465E-2
23.784,5.898E-2,-9.502E-2
23.801,6.482E-2,-9.528E-2
23.817,7.105E-2,-9.528E-2
23.834,7.765E-2,-9.523E-2
23.851,8.415E-2,-9.503E-2
23.868,9.024E-2,-9.469E-2
23.885,9.585E-2,-9.418E-2
23.902,0.100,-9.367E-2
23.918,0.104,-9.328E-2
23.935,0.106,-9.302E-2
23.952,0.106,-9.291E-2
23.969,0.106,-9.299E-2
23.986,0.103,-9.330E-2
24.003,9.969E-2,-9.378E-2
24.019,9.487E-2,-9.431E-2
24.036,8.914E-2,-9.477E-2
24.053,8.295E-2,-9.507E-2
24.070,7.637E-2,-9.530E-2
24.087,6.981E-2,-9.528E-2
24.104,6.368E-2,-9.520E-2
24.121,5.801E-2,-9.496E-2
24.137,5.346E-2,-9.468E-2
24.154,4.996E-2,-9.442E-2
24.171,4.778E-2,-9.425E-2
24.188,4.692E-2,-9.418E-2
24.205,4.760E-2,-9.424E-2
24.222,4.970E-2,-9.440E-2
24.238,5.315E-2,-9.468E-2
24.255,5.767E-2,-9.488E-2
24.272,6.332E-2,-9.519E-2
24.289,6.929E-2,-9.534E-2
24.306,7.581E-2,-9.532E-2
24.323,8.227E-2,-9.512E-2
24.340,8.861E-2,-9.480E-2
24.356,9.420E-2,-9.432E-2
24.373,9.905E-2,-9.380E-2
24.390,0.103,-9.341E-2
24.407,0.105,-9.310E-2
24.424,0.106,-9.291E-2
24.441,0.105,-9.300E-2
24.457,0.104,-9.327E-2
24.474,0.100,-9.369E-2
24.491,9.581E-2,-9.415E-2
24.508,9.069E-2,-9.466E-2
24.525,8.455E-2,-9.503E-2
24.542,7.806E-2,-9.529E-2
24.559,7.147E-2,-9.532E-2
24.575,6.527E-2,-9.525E-2
24.592,5.960E-2,-9.504E-2
24.609,5.471E-2,-9.476E-2
24.626,5.098E-2,-9.444E-2
24.643,4.842E-2,-9.426E-2
24.660,4.736E-2,-9.420E-2
24.676,4.762E-2,-9.426E-2
24.693,4.932E-2,-9.436E-2
24.710,5.241E-2,-9.460E-2
24.727,5.653E-2,-9.492E-2
24.744,6.181E-2,-9.514E-2
24.761,6.780E-2,-9.526E-2
24.777,7.416E-2,-9.534E-2
24.794,8.069E-2,-9.519E-2
24.811,8.689E-2,-9.490E-2
24.828,9.266E-2,-9.442E-2
24.845,9.757E-2,-9.392E-2
24.862,0.102,-9.345E-2
24.879,0.104,-9.316E-2
24.895,0.106,-9.300E-2
24.912,0.106,-9.303E-2
24.929,0.104,-9.326E-2
24.946,0.101,-9.361E-2
24.963,9.698E-2,-9.407E-2
24.980,9.178E-2,-9.452E-2
24.996,8.590E-2,-9.490E-2
25.013,7.952E-2,-9.514E-2
25.030,7.308E-2,-9.530E-2
25.047,6.681E-2,-9.529E-2
25.064,6.102E-2,-9.511E-2
25.081,5.598E-2,-9.484E-2
25.098,5.187E-2,-9.457E-2
25.114,4.910E-2,-9.429E-2
25.131,4.765E-2,-9.420E-2
25.148,4.749E-2,-9.423E-2
25.165,4.884E-2,-9.436E-2
25.182,5.150E-2,-9.456E-2
25.199,5.559E-2,-9.480E-2
25.215,6.046E-2,-9.508E-2
25.232,6.627E-2,-9.529E-2
25.249,7.241E-2,-9.532E-2
25.266,7.900E-2,-9.527E-2
25.283,8.534E-2,-9.499E-2
25.300,9.104E-2,-9.452E-2
25.316,9.630E-2,-9.403E-2
25.333,0.101,-9.360E-2
25.350,0.104,-9.328E-2
25.367,0.105,-9.305E-2
25.384,0.105,-9.302E-2
25.401,0.104,-9.318E-2
25.418,0.102,-9.353E-2
25.434,9.806E-2,-9.390E-2
25.451,9.320E-2,-9.441E-2
25.468,8.756E-2,-9.485E-2
25.485,8.130E-2,-9.513E-2
25.502,7.494E-2,-9.532E-2
25.519,6.862E-2,-9.527E-2
25.535,6.264E-2,-9.515E-2
25.552,5.738E-2,-9.488E-2
25.569,5.315E-2,-9.464E-2
25.586,4.999E-2,-9.438E-2
25.603,4.817E-2,-9.425E-2
25.620,4.769E-2,-9.423E-2
25.637,4.865E-2,-9.430E-2
25.653,5.102E-2,-9.446E-2
25.670,5.448E-2,-9.475E-2
25.687,5.927E-2,-9.502E-2
25.704,6.476E-2,-9.520E-2
25.721,7.076E-2,-9.530E-2
25.738,7.710E-2,-9.525E-2
25.754,8.338E-2,-9.503E-2
25.771,8.947E-2,-9.467E-2
25.788,9.484E-2,-9.421E-2
25.805,9.926E-2,-9.379E-2
25.822,0.103,-9.344E-2
25.839,0.104,-9.311E-2
25.855,0.105,-9.302E-2
25.872,0.104,-9.309E-2
25.889,0.102,-9.336E-2
25.906,9.896E-2,-9.381E-2
25.923,9.431E-2,-9.428E-2
25.940,8.880E-2,-9.473E-2
25.957,8.287E-2,-9.508E-2
25.973,7.646E-2,-9.528E-2
25.990,7.012E-2,-9.531E-2
26.007,6.421E-2,-9.524E-2
26.024,5.878E-2,-9.504E-2
26.041,5.418E-2,-9.474E-2
26.058,5.067E-2,-9.448E-2
26.074,4.854E-2,-9.427E-2
26.091,4.769E-2,-9.419E-2
26.108,4.819E-2,-9.426E-2
26.125,5.017E-2,-9.443E-2
26.142,5.349E-2,-9.468E-2
26.159,5.786E-2,-9.489E-2
26.176,6.308E-2,-9.515E-2
26.192,6.897E-2,-9.528E-2
26.209,7.528E-2,-9.524E-2
26.226,8.152E-2,-9.512E-2
26.243,8.748E-2,-9.477E-2
26.260,9.315E-2,-9.430E-2
26.277,9.785E-2,-9.384E-2
26.293,0.102,-9.345E-2
26.310,0.104,-9.311E-2
26.327,0.105,-9.300E-2
