,mass A,,
t,x,y,
0.000,-1.187E-2,-0.102
0.017,-9.209E-3,-0.102
0.034,-7.825E-3,-0.102
0.051,-7.828E-3,-0.102
0.067,-9.251E-3,-0.102
0.084,-1.193E-2,-0.102
0.101,-1.506E-2,-0.102
0.118,-1.767E-2,-0.102
0.135,-1.925E-2,-0.102
0.152,-1.926E-2,-0.102
0.168,-1.803E-2,-0.102
0.185,-1.602E-2,-0.102
0.202,-1.333E-2,-0.102
0.219,-1.076E-2,-0.102
0.236,-9.023E-3,-0.102
0.253,-8.589E-3,-0.102
0.269,-9.428E-3,-0.102
0.286,-1.128E-2,-0.102
0.303,-1.380E-2,-0.102
0.320,-1.628E-2,-0.102
0.337,-1.791E-2,-0.102
0.354,-1.842E-2,-0.102
0.371,-1.777E-2,-0.102
0.387,-1.643E-2,-0.102
0.404,-1.438E-2,-0.102
0.421,-1.226E-2,-0.102
0.438,-1.048E-2,-0.102
0.455,-9.568E-3,-0.102
0.472,-9.775E-3,-0.102
0.488,-1.101E-2,-0.102
0.505,-1.290E-2,-0.102
0.522,-1.504E-2,-0.102
0.539,-1.683E-2,-0.102
0.556,-1.766E-2,-0.102
0.573,-1.753E-2,-0.102
0.589,-1.658E-2,-0.102
0.606,-1.512E-2,-0.102
0.623,-1.329E-2,-0.102
0.640,-1.159E-2,-0.102
0.657,-1.041E-2,-0.102
0.674,-1.013E-2,-0.102
0.691,-1.082E-2,-0.102
0.707,-1.222E-2,-0.102
0.724,-1.402E-2,-0.102
0.741,-1.579E-2,-0.102
0.758,-1.700E-2,-0.102
0.775,-1.722E-2,-0.102
0.792,-1.685E-2,-0.102
0.808,-1.567E-2,-0.102
0.825,-1.410E-2,-0.102
0.842,-1.245E-2,-0.102
0.859,-1.117E-2,-0.102
0.876,-1.047E-2,-0.102
0.893,-1.066E-2,-0.102
0.909,-1.162E-2,-0.102
0.926,-1.313E-2,-0.102
0.943,-1.479E-2,-0.102
0.960,-1.621E-2,-0.102
0.977,-1.689E-2,-0.102
0.994,-1.678E-2,-0.102
1.011,-1.601E-2,-0.102
1.027,-1.469E-2,-0.102
1.044,-1.317E-2,-0.102
1.061,-1.180E-2,-0.102
1.078,-1.086E-2,-0.102
1.095,-1.065E-2,-0.102
1.112,-1.119E-2,-0.102
1.128,-1.240E-2,-0.102
1.145,-1.391E-2,-0.102
1.162,-1.536E-2,-0.102
1.179,-1.635E-2,-0.102
1.196,-1.663E-2,-0.102
1.213,-1.620E-2,-0.102
1.229,-1.521E-2,-0.102
1.246,-1.387E-2,-0.102
1.263,-1.251E-2,-0.102
1.280,-1.141E-2,-0.102
1.297,-1.084E-2,-0.102
1.314,-1.102E-2,-0.102
1.331,-1.188E-2,-0.102
1.347,-1.323E-2,-0.102
1.364,-1.468E-2,-0.102
1.381,-1.586E-2,-0.102
1.398,-1.643E-2,-0.102
1.415,-1.631E-2,-0.102
1.432,-1.562E-2,-0.102
1.448,-1.450E-2,-0.102
1.465,-1.321E-2,-0.102
1.482,-1.199E-2,-0.102
1.499,-1.118E-2,-0.102
1.516,-1.102E-2,-0.102
1.533,-1.153E-2,-0.102
1.549,-1.257E-2,-0.102
1.566,-1.392E-2,-0.102
1.583,-1.517E-2,-0.102
1.600,-1.604E-2,-0.102
1.617,-1.625E-2,-0.102
1.634,-1.583E-2,-0.102
1.651,-1.496E-2,-0.102
1.667,-1.377E-2,-0.102
1.684,-1.257E-2,-0.102
1.701,-1.158E-2,-0.102
1.718,-1.114E-2,-0.102
1.735,-1.134E-2,-0.102
1.752,-1.208E-2,-0.102
1.768,-1.325E-2,-0.102
1.785,-1.454E-2,-0.102
1.802,-1.555E-2,-0.102
1.819,-1.605E-2,-0.102
1.836,-1.595E-2,-0.102
1.853,-1.530E-2,-0.102
1.869,-1.431E-2,-0.102
1.886,-1.317E-2,-0.102
1.903,-1.214E-2,-0.102
1.920,-1.142E-2,-0.102
1.937,-1.132E-2,-0.102
1.954,-1.177E-2,-0.102
1.971,-1.271E-2,-0.102
1.987,-1.389E-2,-0.102
2.004,-1.499E-2,-0.102
2.021,-1.577E-2,-0.102
2.038,-1.598E-2,-0.102
2.055,-1.561E-2,-0.102
2.072,-1.487E-2,-0.102
2.088,-1.380E-2,-0.102
2.105,-1.274E-2,-0.102
2.122,-1.190E-2,-0.102
2.139,-1.153E-2,-0.102
2.156,-1.168E-2,-0.102
2.173,-1.236E-2,-0.102
2.189,-1.338E-2,-0.102
2.206,-1.449E-2,-0.102
2.223,-1.537E-2,-0.102
2.240,-1.586E-2,-0.102
2.257,-1.574E-2,-0.102
2.274,-1.517E-2,-0.102
2.291,-1.428E-2,-0.102
2.307,-1.330E-2,-0.102
2.324,-1.236E-2,-0.102
2.341,-1.176E-2,-0.102
2.358,-1.164E-2,-0.102
2.375,-1.204E-2,-0.102
2.392,-1.286E-2,-0.102
2.408,-1.395E-2,-0.102
2.425,-1.490E-2,-0.102
2.442,-1.554E-2,-0.102
2.459,-1.569E-2,-0.102
2.476,-1.534E-2,-0.102
2.493,-1.463E-2,-0.102
2.509,-1.376E-2,-0.102
2.526,-1.284E-2,-0.102
2.543,-1.213E-2,-0.102
2.560,-1.177E-2,-0.102
2.577,-1.191E-2,-0.102
2.594,-1.251E-2,-0.102
2.611,-1.340E-2,-0.102
2.627,-1.437E-2,-0.102
2.644,-1.514E-2,-0.102
2.661,-1.554E-2,-0.102
2.678,-1.543E-2,-0.102
2.695,-1.493E-2,-0.102
2.712,-1.416E-2,-0.102
2.728,-1.326E-2,-0.102
2.745,-1.250E-2,-0.102
2.762,-1.198E-2,-0.102
2.779,-1.189E-2,-0.102
2.796,-1.224E-2,-0.102
2.813,-1.300E-2,-0.102
2.829,-1.389E-2,-0.102
2.846,-1.475E-2,-0.102
2.863,-1.532E-2,-0.102
2.880,-1.542E-2,-0.102
2.897,-1.513E-2,-0.102
2.914,-1.452E-2,-0.102
2.931,-1.374E-2,-0.102
2.947,-1.291E-2,-0.102
2.964,-1.226E-2,-0.102
2.981,-1.199E-2,-0.102
2.998,-1.214E-2,-0.102
3.015,-1.267E-2,-0.102
3.032,-1.348E-2,-0.102
3.048,-1.435E-2,-0.102
3.065,-1.502E-2,-0.102
3.082,-1.536E-2,-0.102
3.099,-1.525E-2,-0.102
3.116,-1.479E-2,-0.102
3.133,-1.413E-2,-0.102
3.149,-1.338E-2,-0.102
3.166,-1.264E-2,-0.102
3.183,-1.222E-2,-0.102
3.200,-1.216E-2,-0.102
3.217,-1.249E-2,-0.102
3.234,-1.313E-2,-0.102
3.251,-1.393E-2,-0.102
3.267,-1.466E-2,-0.102
3.284,-1.515E-2,-0.102
3.301,-1.524E-2,-0.102
3.318,-1.494E-2,-0.102
3.335,-1.440E-2,-0.102
3.352,-1.372E-2,-0.102
3.368,-1.302E-2,-0.102
3.385,-1.247E-2,-0.102
3.402,-1.223E-2,-0.102
3.419,-1.237E-2,-0.102
3.436,-1.281E-2,-0.102
3.453,-1.353E-2,-0.102
3.469,-1.424E-2,-0.102
3.486,-1.486E-2,-0.102
3.503,-1.514E-2,-0.102
3.520,-1.502E-2,-0.102
3.537,-1.460E-2,-0.102
3.554,-1.403E-2,-0.102
3.571,-1.337E-2,-0.102
3.587,-1.273E-2,-0.102
3.604,-1.239E-2,-0.102
3.621,-1.235E-2,-0.102
3.638,-1.268E-2,-0.102
3.655,-1.328E-2,-0.102
3.672,-1.397E-2,-0.102
3.688,-1.457E-2,-0.102
3.705,-1.495E-2,-0.102
3.722,-1.501E-2,-0.102
3.739,-1.475E-2,-0.102
3.756,-1.420E-2,-0.102
3.773,-1.364E-2,-0.102
3.789,-1.302E-2,-0.102
3.806,-1.255E-2,-0.102
3.823,-1.240E-2,-0.102
3.840,-1.254E-2,-0.102
3.857,-1.298E-2,-0.102
3.874,-1.361E-2,-0.102
3.891,-1.427E-2,-0.102
3.907,-1.475E-2,-0.102
3.924,-1.496E-2,-0.102
3.941,-1.482E-2,-0.102
3.958,-1.444E-2,-0.102
3.975,-1.387E-2,-0.102
3.992,-1.332E-2,-0.102
4.008,-1.278E-2,-0.102
4.025,-1.248E-2,-0.102
4.042,-1.254E-2,-0.102
4.059,-1.284E-2,-0.102
4.076,-1.339E-2,-0.102
4.093,-1.401E-2,-0.102
4.109,-1.454E-2,-0.102
4.126,-1.486E-2,-0.102
4.143,-1.487E-2,-0.102
4.160,-1.460E-2,-0.102
4.177,-1.414E-2,-0.102
4.194,-1.359E-2,-0.102
4.211,-1.302E-2,-0.102
4.227,-1.261E-2,-0.102
4.244,-1.250E-2,-0.102
4.261,-1.270E-2,-0.102
4.278,-1.311E-2,-0.102
4.295,-1.370E-2,-0.102
4.312,-1.426E-2,-0.102
4.328,-1.469E-2,-0.102
4.345,-1.485E-2,-0.102
4.362,-1.469E-2,-0.102
4.379,-1.432E-2,-0.102
4.396,-1.377E-2,-0.102
4.413,-1.324E-2,-0.102
4.429,-1.280E-2,-0.102
4.446,-1.259E-2,-0.102
4.463,-1.262E-2,-0.102
4.480,-1.295E-2,-0.102
4.497,-1.346E-2,-0.102
4.514,-1.402E-2,-0.102
4.531,-1.450E-2,-0.102
4.547,-1.474E-2,-0.102
4.564,-1.470E-2,-0.102
4.581,-1.444E-2,-0.102
4.598,-1.396E-2,-0.102
4.615,-1.345E-2,-0.102
4.632,-1.296E-2,-0.102
4.648,-1.266E-2,-0.102
4.665,-1.262E-2,-0.102
4.682,-1.285E-2,-0.102
4.699,-1.327E-2,-0.102
4.716,-1.383E-2,-0.102
4.733,-1.433E-2,-0.102
4.749,-1.467E-2,-0.102
4.766,-1.475E-2,-0.102
4.783,-1.456E-2,-0.102
4.800,-1.414E-2,-0.102
4.817,-1.366E-2,-0.102
4.834,-1.314E-2,-0.102
4.851,-1.279E-2,-0.102
4.867,-1.263E-2,-0.102
4.884,-1.276E-2,-0.102
4.901,-1.309E-2,-0.102
4.918,-1.358E-2,-0.102
4.935,-1.407E-2,-0.102
4.952,-1.449E-2,-0.102
4.968,-1.465E-2,-0.102
4.985,-1.457E-2,-0.102
5.002,-1.426E-2,-0.102
5.019,-1.382E-2,-0.102
5.036,-1.335E-2,-0.102
5.053,-1.290E-2,-0.102
5.069,-1.271E-2,-0.102
5.086,-1.272E-2,-0.102
5.103,-1.300E-2,-0.102
5.120,-1.339E-2,-0.102
5.137,-1.390E-2,-0.102
5.154,-1.434E-2,-0.102
5.171,-1.457E-2,-0.102
5.187,-1.458E-2,-0.102
5.204,-1.435E-2,-0.102
5.221,-1.395E-2,-0.102
5.238,-1.346E-2,-0.102
5.255,-1.302E-2,-0.102
5.272,-1.271E-2,-0.102
5.288,-1.267E-2,-0.102
5.305,-1.288E-2,-0.102
5.322,-1.324E-2,-0.102
5.339,-1.374E-2,-0.102
5.356,-1.417E-2,-0.102
5.373,-1.448E-2,-0.102
5.389,-1.458E-2,-0.102
5.406,-1.445E-2,-0.102
5.423,-1.411E-2,-0.102
5.440,-1.368E-2,-0.102
5.457,-1.324E-2,-0.102
5.474,-1.290E-2,-0.102
5.491,-1.275E-2,-0.102
5.507,-1.283E-2,-0.102
5.524,-1.315E-2,-0.102
5.541,-1.358E-2,-0.102
5.558,-1.402E-2,-0.102
5.575,-1.442E-2,-0.102
5.592,-1.462E-2,-0.102
5.608,-1.458E-2,-0.102
5.625,-1.429E-2,-0.102
5.642,-1.389E-2,-0.102
5.659,-1.344E-2,-0.102
5.676,-1.307E-2,-0.102
5.693,-1.283E-2,-0.102
5.709,-1.285E-2,-0.102
5.726,-1.310E-2,-0.102
5.743,-1.350E-2,-0.102
5.760,-1.394E-2,-0.102
5.777,-1.436E-2,-0.102
5.794,-1.459E-2,-0.102
5.811,-1.461E-2,-0.102
5.827,-1.445E-2,-0.102
5.844,-1.411E-2,-0.102
5.861,-1.367E-2,-0.102
5.878,-1.324E-2,-0.102
5.895,-1.298E-2,-0.102
5.912,-1.287E-2,-0.102
5.928,-1.301E-2,-0.102
5.945,-1.334E-2,-0.102
5.962,-1.376E-2,-0.102
5.979,-1.416E-2,-0.102
5.996,-1.448E-2,-0.102
6.013,-1.457E-2,-0.102
6.029,-1.447E-2,-0.102
6.046,-1.416E-2,-0.102
6.063,-1.375E-2,-0.102
6.080,-1.331E-2,-0.102
6.097,-1.296E-2,-0.102
6.114,-1.281E-2,-0.102
6.131,-1.286E-2,-0.102
6.147,-1.313E-2,-0.102
6.164,-1.352E-2,-0.102
6.181,-1.398E-2,-0.102
6.198,-1.431E-2,-0.102
6.215,-1.449E-2,-0.102
6.232,-1.447E-2,-0.102
6.248,-1.422E-2,-0.102
6.265,-1.390E-2,-0.102
6.282,-1.347E-2,-0.102
6.299,-1.310E-2,-0.102
6.316,-1.289E-2,-0.102
6.333,-1.290E-2,-0.102
6.349,-1.309E-2,-0.102
6.366,-1.345E-2,-0.102
6.383,-1.388E-2,-0.102
6.400,-1.427E-2,-0.102
6.417,-1.452E-2,-0.102
6.434,-1.455E-2,-0.102
6.451,-1.439E-2,-0.102
6.467,-1.403E-2,-0.102
6.484,-1.365E-2,-0.102
6.501,-1.327E-2,-0.102
6.518,-1.301E-2,-0.102
6.535,-1.290E-2,-0.102
6.552,-1.305E-2,-0.102
6.568,-1.335E-2,-0.102
6.585,-1.373E-2,-0.102
6.602,-1.412E-2,-0.102
6.619,-1.441E-2,-0.102
6.636,-1.453E-2,-0.102
6.653,-1.447E-2,-0.102
6.669,-1.417E-2,-0.102
6.686,-1.377E-2,-0.102
6.703,-1.336E-2,-0.102
6.720,-1.306E-2,-0.102
6.737,-1.292E-2,-0.102
6.754,-1.297E-2,-0.102
6.771,-1.320E-2,-0.102
6.787,-1.353E-2,-0.102
6.804,-1.396E-2,-0.102
6.821,-1.425E-2,-0.102
6.838,-1.446E-2,-0.102
6.855,-1.444E-2,-0.102
6.872,-1.423E-2,-0.102
6.888,-1.390E-2,-0.102
6.905,-1.353E-2,-0.102
6.922,-1.318E-2,-0.102
6.939,-1.297E-2,-0.102
6.956,-1.292E-2,-0.102
6.973,-1.308E-2,-0.102
6.989,-1.342E-2,-0.102
7.006,-1.383E-2,-0.102
7.023,-1.418E-2,-0.102
7.040,-1.442E-2,-0.102
7.057,-1.449E-2,-0.102
7.074,-1.433E-2,-0.102
7.091,-1.403E-2,-0.102
7.107,-1.369E-2,-0.102
7.124,-1.332E-2,-0.102
7.141,-1.306E-2,-0.102
7.158,-1.298E-2,-0.102
7.175,-1.308E-2,-0.102
7.192,-1.337E-2,-0.102
7.208,-1.372E-2,-0.102
7.225,-1.411E-2,-0.102
7.242,-1.435E-2,-0.102
7.259,-1.447E-2,-0.102
7.276,-1.439E-2,-0.102
7.293,-1.416E-2,-0.102
7.309,-1.378E-2,-0.102
7.326,-1.341E-2,-0.102
7.343,-1.308E-2,-0.102
7.360,-1.297E-2,-0.102
7.377,-1.300E-2,-0.102
7.394,-1.319E-2,-0.102
7.411,-1.352E-2,-0.102
7.427,-1.389E-2,-0.102
7.444,-1.418E-2,-0.102
7.461,-1.434E-2,-0.102
7.478,-1.433E-2,-0.102
7.495,-1.413E-2,-0.102
7.512,-1.379E-2,-0.102
7.528,-1.344E-2,-0.102
7.545,-1.313E-2,-0.102
7.562,-1.294E-2,-0.102
7.579,-1.293E-2,-0.102
7.596,-1.308E-2,-0.102
7.613,-1.338E-2,-0.102
7.629,-1.375E-2,-0.102
7.646,-1.408E-2,-0.102
7.663,-1.429E-2,-0.102
7.680,-1.434E-2,-0.102
7.697,-1.419E-2,-0.102
7.714,-1.393E-2,-0.102
7.731,-1.357E-2,-0.102
7.747,-1.323E-2,-0.102
7.764,-1.300E-2,-0.102
7.781,-1.293E-2,-0.102
7.798,-1.299E-2,-0.102
7.815,-1.327E-2,-0.102
7.832,-1.361E-2,-0.102
7.848,-1.397E-2,-0.102
7.865,-1.419E-2,-0.102
7.882,-1.430E-2,-0.102
7.899,-1.423E-2,-0.102
7.916,-1.403E-2,-0.102
7.933,-1.370E-2,-0.102
7.949,-1.337E-2,-0.102
7.966,-1.308E-2,-0.102
7.983,-1.298E-2,-0.102
8.000,-1.298E-2,-0.102
8.017,-1.320E-2,-0.102
8.034,-1.351E-2,-0.102
8.051,-1.384E-2,-0.102
8.067,-1.414E-2,-0.102
8.084,-1.429E-2,-0.102
8.101,-1.430E-2,-0.102
8.118,-1.411E-2,-0.102
8.135,-1.381E-2,-0.102
8.152,-1.350E-2,-0.102
8.168,-1.319E-2,-0.102
8.185,-1.299E-2,-0.102
8.202,-1.297E-2,-0.102
8.219,-1.312E-2,-0.102
8.236,-1.341E-2,-0.102
8.253,-1.374E-2,-0.102
8.269,-1.404E-2,-0.102
8.286,-1.424E-2,-0.102
8.303,-1.430E-2,-0.102
8.320,-1.418E-2,-0.102
8.337,-1.391E-2,-0.102
8.354,-1.361E-2,-0.102
8.371,-1.326E-2,-0.102
8.387,-1.304E-2,-0.102
8.404,-1.300E-2,-0.102
8.421,-1.305E-2,-0.102
8.438,-1.334E-2,-0.102
8.455,-1.368E-2,-0.102
8.472,-1.397E-2,-0.102
8.488,-1.417E-2,-0.102
8.505,-1.427E-2,-0.102
8.522,-1.423E-2,-0.102
8.539,-1.403E-2,-0.102
8.556,-1.374E-2,-0.102
8.573,-1.339E-2,-0.102
8.590,-1.313E-2,-0.102
8.606,-1.303E-2,-0.102
8.623,-1.306E-2,-0.102
8.640,-1.329E-2,-0.102
8.657,-1.356E-2,-0.102
8.674,-1.388E-2,-0.102
8.691,-1.415E-2,-0.102
8.707,-1.429E-2,-0.102
8.724,-1.429E-2,-0.102
8.741,-1.414E-2,-0.102
8.758,-1.384E-2,-0.102
8.775,-1.354E-2,-0.102
8.792,-1.329E-2,-0.102
8.808,-1.310E-2,-0.102
8.825,-1.308E-2,-0.102
8.842,-1.321E-2,-0.102
8.859,-1.349E-2,-0.102
8.876,-1.380E-2,-0.102
8.893,-1.407E-2,-0.102
8.910,-1.424E-2,-0.102
8.926,-1.430E-2,-0.102
8.943,-1.418E-2,-0.102
8.960,-1.392E-2,-0.102
8.977,-1.363E-2,-0.102
8.994,-1.336E-2,-0.102
9.011,-1.315E-2,-0.102
9.027,-1.306E-2,-0.102
9.044,-1.318E-2,-0.102
9.061,-1.339E-2,-0.102
9.078,-1.368E-2,-0.102
9.095,-1.397E-2,-0.102
9.112,-1.420E-2,-0.102
9.128,-1.432E-2,-0.102
9.145,-1.421E-2,-0.102
9.162,-1.407E-2,-0.102
9.179,-1.378E-2,-0.102
9.196,-1.345E-2,-0.102
9.213,-1.325E-2,-0.102
9.230,-1.313E-2,-0.102
9.246,-1.316E-2,-0.102
9.263,-1.335E-2,-0.102
9.280,-1.360E-2,-0.102
9.297,-1.388E-2,-0.102
9.314,-1.414E-2,-0.102
9.331,-1.426E-2,-0.102
9.347,-1.426E-2,-0.102
9.364,-1.411E-2,-0.102
9.381,-1.385E-2,-0.102
9.398,-1.356E-2,-0.102
9.415,-1.331E-2,-0.102
9.432,-1.315E-2,-0.102
9.448,-1.313E-2,-0.102
9.465,-1.328E-2,-0.102
9.482,-1.351E-2,-0.102
9.499,-1.380E-2,-0.102
9.516,-1.406E-2,-0.102
9.533,-1.424E-2,-0.102
9.550,-1.428E-2,-0.102
9.566,-1.418E-2,-0.102
9.583,-1.393E-2,-0.102
9.600,-1.367E-2,-0.102
9.617,-1.338E-2,-0.102
9.634,-1.317E-2,-0.102
9.651,-1.311E-2,-0.102
9.667,-1.321E-2,-0.102
9.684,-1.339E-2,-0.102
9.701,-1.366E-2,-0.102
9.718,-1.394E-2,-0.102
9.735,-1.414E-2,-0.102
9.752,-1.423E-2,-0.102
9.768,-1.419E-2,-0.102
9.785,-1.396E-2,-0.102
9.802,-1.371E-2,-0.102
9.819,-1.341E-2,-0.102
9.836,-1.318E-2,-0.102
9.853,-1.304E-2,-0.102
9.870,-1.312E-2,-0.102
9.886,-1.331E-2,-0.102
9.903,-1.356E-2,-0.102
9.920,-1.382E-2,-0.102
9.937,-1.408E-2,-0.102
9.954,-1.418E-2,-0.102
9.971,-1.416E-2,-0.102
9.987,-1.400E-2,-0.102
10.004,-1.377E-2,-0.102
10.021,-1.349E-2,-0.102
10.038,-1.327E-2,-0.102
10.055,-1.313E-2,-0.102
10.072,-1.313E-2,-0.102
10.088,-1.327E-2,-0.102
10.105,-1.349E-2,-0.102
10.122,-1.376E-2,-0.102
10.139,-1.399E-2,-0.102
10.156,-1.416E-2,-0.102
10.173,-1.415E-2,-0.102
10.190,-1.406E-2,-0.102
10.206,-1.384E-2,-0.102
10.223,-1.359E-2,-0.102
10.240,-1.333E-2,-0.102
10.257,-1.314E-2,-0.102
10.274,-1.309E-2,-0.102
10.291,-1.322E-2,-0.102
10.307,-1.343E-2,-0.102
10.324,-1.372E-2,-0.102
10.341,-1.395E-2,-0.102
10.358,-1.414E-2,-0.102
10.375,-1.418E-2,-0.102
10.392,-1.412E-2,-0.102
10.408,-1.392E-2,-0.102
10.425,-1.368E-2,-0.102
10.442,-1.344E-2,-0.102
10.459,-1.326E-2,-0.102
10.476,-1.317E-2,-0.102
10.493,-1.320E-2,-0.102
10.510,-1.334E-2,-0.102
10.526,-1.357E-2,-0.102
10.543,-1.381E-2,-0.102
10.560,-1.408E-2,-0.102
10.577,-1.418E-2,-0.102
10.594,-1.412E-2,-0.102
10.611,-1.400E-2,-0.102
10.627,-1.377E-2,-0.102
10.644,-1.351E-2,-0.102
10.661,-1.331E-2,-0.102
10.678,-1.317E-2,-0.102
10.695,-1.316E-2,-0.102
10.712,-1.330E-2,-0.102
10.728,-1.350E-2,-0.102
10.745,-1.375E-2,-0.102
10.762,-1.397E-2,-0.102
10.779,-1.411E-2,-0.102
10.796,-1.413E-2,-0.102
10.813,-1.404E-2,-0.102
10.830,-1.384E-2,-0.102
10.846,-1.359E-2,-0.102
10.863,-1.337E-2,-0.102
10.880,-1.318E-2,-0.102
10.897,-1.313E-2,-0.102
10.914,-1.322E-2,-0.102
10.931,-1.344E-2,-0.102
10.947,-1.370E-2,-0.102
10.964,-1.394E-2,-0.102
10.981,-1.409E-2,-0.102
10.998,-1.416E-2,-0.102
11.015,-1.409E-2,-0.102
11.032,-1.391E-2,-0.102
11.048,-1.370E-2,-0.102
11.065,-1.342E-2,-0.102
11.082,-1.328E-2,-0.102
11.099,-1.321E-2,-0.102
11.116,-1.324E-2,-0.102
11.133,-1.341E-2,-0.102
11.150,-1.364E-2,-0.102
11.166,-1.387E-2,-0.102
11.183,-1.406E-2,-0.102
11.200,-1.416E-2,-0.102
11.217,-1.412E-2,-0.102
11.234,-1.398E-2,-0.102
11.251,-1.375E-2,-0.102
11.267,-1.351E-2,-0.102
11.284,-1.331E-2,-0.102
11.301,-1.320E-2,-0.102
11.318,-1.319E-2,-0.102
11.335,-1.333E-2,-0.102
11.352,-1.352E-2,-0.102
11.368,-1.374E-2,-0.102
11.385,-1.396E-2,-0.102
11.402,-1.409E-2,-0.102
11.419,-1.409E-2,-0.102
11.436,-1.399E-2,-0.102
11.453,-1.377E-2,-0.102
11.470,-1.355E-2,-0.102
11.486,-1.331E-2,-0.102
11.503,-1.317E-2,-0.102
11.520,-1.315E-2,-0.102
11.537,-1.322E-2,-0.102
11.554,-1.343E-2,-0.102
11.571,-1.370E-2,-0.102
11.587,-1.390E-2,-0.102
11.604,-1.405E-2,-0.102
11.621,-1.412E-2,-0.102
11.638,-1.406E-2,-0.102
11.655,-1.387E-2,-0.102
11.672,-1.368E-2,-0.102
11.688,-1.345E-2,-0.102
11.705,-1.331E-2,-0.102
11.722,-1.326E-2,-0.102
11.739,-1.332E-2,-0.102
11.756,-1.346E-2,-0.102
11.773,-1.371E-2,-0.102
11.790,-1.391E-2,-0.102
11.806,-1.411E-2,-0.102
11.823,-1.418E-2,-0.102
11.840,-1.412E-2,-0.102
11.857,-1.397E-2,-0.102
11.874,-1.374E-2,-0.102
11.891,-1.351E-2,-0.102
11.907,-1.335E-2,-0.102
11.924,-1.325E-2,-0.102
11.941,-1.327E-2,-0.102
11.958,-1.341E-2,-0.102
11.975,-1.363E-2,-0.102
11.992,-1.385E-2,-0.102
12.008,-1.406E-2,-0.102
12.025,-1.417E-2,-0.102
12.042,-1.416E-2,-0.102
12.059,-1.406E-2,-0.102
12.076,-1.386E-2,-0.102
12.093,-1.366E-2,-0.102
12.110,-1.347E-2,-0.102
12.126,-1.335E-2,-0.102
12.143,-1.332E-2,-0.102
12.160,-1.341E-2,-0.102
12.177,-1.355E-2,-0.102
12.194,-1.377E-2,-0.102
12.211,-1.394E-2,-0.102
12.227,-1.409E-2,-0.102
12.244,-1.413E-2,-0.102
12.261,-1.403E-2,-0.102
12.278,-1.390E-2,-0.102
12.295,-1.371E-2,-0.102
12.312,-1.347E-2,-0.102
12.328,-1.336E-2,-0.102
12.345,-1.328E-2,-0.102
12.362,-1.336E-2,-0.102
12.379,-1.348E-2,-0.102
12.396,-1.371E-2,-0.102
12.413,-1.391E-2,-0.102
12.430,-1.409E-2,-0.102
12.446,-1.415E-2,-0.102
12.463,-1.408E-2,-0.102
12.480,-1.394E-2,-0.102
12.497,-1.376E-2,-0.102
12.514,-1.353E-2,-0.102
12.531,-1.336E-2,-0.102
12.547,-1.327E-2,-0.102
12.564,-1.332E-2,-0.102
12.581,-1.343E-2,-0.102
12.598,-1.364E-2,-0.102
12.615,-1.385E-2,-0.102
12.632,-1.405E-2,-0.102
12.648,-1.414E-2,-0.102
12.665,-1.413E-2,-0.102
12.682,-1.402E-2,-0.102
12.699,-1.384E-2,-0.102
12.716,-1.368E-2,-0.102
12.733,-1.347E-2,-0.102
12.750,-1.340E-2,-0.102
12.766,-1.335E-2,-0.102
12.783,-1.344E-2,-0.102
12.800,-1.360E-2,-0.102
12.817,-1.380E-2,-0.102
12.834,-1.395E-2,-0.102
12.851,-1.408E-2,-0.102
12.867,-1.408E-2,-0.102
12.884,-1.404E-2,-0.102
12.901,-1.388E-2,-0.102
12.918,-1.370E-2,-0.102
12.935,-1.352E-2,-0.102
12.952,-1.336E-2,-0.102
12.968,-1.334E-2,-0.102
12.985,-1.338E-2,-0.102
13.002,-1.351E-2,-0.102
13.019,-1.371E-2,-0.102
13.036,-1.388E-2,-0.102
13.053,-1.406E-2,-0.102
13.070,-1.409E-2,-0.102
13.086,-1.407E-2,-0.102
13.103,-1.392E-2,-0.102
13.120,-1.375E-2,-0.102
13.137,-1.353E-2,-0.102
13.154,-1.339E-2,-0.102
13.171,-1.332E-2,-0.102
13.187,-1.334E-2,-0.102
13.204,-1.344E-2,-0.102
13.221,-1.365E-2,-0.102
13.238,-1.386E-2,-0.102
13.255,-1.400E-2,-0.102
13.272,-1.411E-2,-0.102
13.288,-1.410E-2,-0.102
13.305,-1.398E-2,-0.102
13.322,-1.380E-2,-0.102
13.339,-1.359E-2,-0.102
13.356,-1.341E-2,-0.102
13.373,-1.334E-2,-0.102
13.390,-1.334E-2,-0.102
13.406,-1.343E-2,-0.102
13.423,-1.359E-2,-0.102
13.440,-1.376E-2,-0.102
13.457,-1.390E-2,-0.102
13.474,-1.400E-2,-0.102
13.491,-1.406E-2,-0.102
13.507,-1.398E-2,-0.102
13.524,-1.382E-2,-0.102
13.541,-1.367E-2,-0.102
13.558,-1.348E-2,-0.102
13.575,-1.337E-2,-0.102
13.592,-1.335E-2,-0.102
13.608,-1.339E-2,-0.102
13.625,-1.352E-2,-0.102
13.642,-1.372E-2,-0.102
13.659,-1.386E-2,-0.102
13.676,-1.401E-2,-0.102
13.693,-1.408E-2,-0.102
13.710,-1.403E-2,-0.102
13.726,-1.390E-2,-0.102
13.743,-1.373E-2,-0.102
13.760,-1.354E-2,-0.102
13.777,-1.341E-2,-0.102
13.794,-1.335E-2,-0.102
13.811,-1.335E-2,-0.102
13.827,-1.348E-2,-0.102
13.844,-1.364E-2,-0.102
13.861,-1.384E-2,-0.102
13.878,-1.399E-2,-0.102
13.895,-1.406E-2,-0.102
13.912,-1.403E-2,-0.102
13.928,-1.394E-2,-0.102
13.945,-1.378E-2,-0.102
13.962,-1.357E-2,-0.102
13.979,-1.341E-2,-0.102
13.996,-1.337E-2,-0.102
14.013,-1.336E-2,-0.102
14.030,-1.343E-2,-0.102
14.046,-1.359E-2,-0.102
14.063,-1.376E-2,-0.102
14.080,-1.391E-2,-0.102
14.097,-1.401E-2,-0.102
14.114,-1.403E-2,-0.102
14.131,-1.394E-2,-0.102
14.147,-1.379E-2,-0.102
14.164,-1.361E-2,-0.102
14.181,-1.345E-2,-0.102
14.198,-1.336E-2,-0.102
14.215,-1.335E-2,-0.102
14.232,-1.340E-2,-0.102
14.248,-1.353E-2,-0.102
14.265,-1.372E-2,-0.102
14.282,-1.387E-2,-0.102
14.299,-1.400E-2,-0.102
14.316,-1.398E-2,-0.102
14.333,-1.393E-2,-0.102
14.350,-1.378E-2,-0.102
14.366,-1.361E-2,-0.102
14.383,-1.341E-2,-0.102
14.400,-1.329E-2,-0.102
14.417,-1.326E-2,-0.102
14.434,-1.331E-2,-0.102
14.451,-1.341E-2,-0.102
14.467,-1.364E-2,-0.102
14.484,-1.380E-2,-0.102
14.501,-1.393E-2,-0.102
14.518,-1.397E-2,-0.102
14.535,-1.394E-2,-0.102
14.552,-1.382E-2,-0.102
14.568,-1.369E-2,-0.102
14.585,-1.351E-2,-0.102
14.602,-1.339E-2,-0.102
14.619,-1.333E-2,-0.102
14.636,-1.333E-2,-0.102
14.653,-1.341E-2,-0.102
14.670,-1.359E-2,-0.102
14.686,-1.373E-2,-0.102
14.703,-1.388E-2,-0.102
14.720,-1.396E-2,-0.102
14.737,-1.395E-2,-0.102
14.754,-1.385E-2,-0.102
14.771,-1.373E-2,-0.102
14.787,-1.357E-2,-0.102
14.804,-1.341E-2,-0.102
14.821,-1.330E-2,-0.102
14.838,-1.330E-2,-0.102
14.855,-1.337E-2,-0.102
14.872,-1.351E-2,-0.102
14.888,-1.369E-2,-0.102
14.905,-1.384E-2,-0.102
14.922,-1.394E-2,-0.102
14.939,-1.394E-2,-0.102
14.956,-1.389E-2,-0.102
14.973,-1.377E-2,-0.102
14.990,-1.360E-2,-0.102
15.006,-1.343E-2,-0.102
15.023,-1.335E-2,-0.102
15.040,-1.330E-2,-0.102
15.057,-1.336E-2,-0.102
15.074,-1.348E-2,-0.102
15.091,-1.365E-2,-0.102
15.107,-1.380E-2,-0.102
15.124,-1.388E-2,-0.102
15.141,-1.397E-2,-0.102
15.158,-1.392E-2,-0.102
15.175,-1.377E-2,-0.102
15.192,-1.363E-2,-0.102
15.208,-1.351E-2,-0.102
15.225,-1.339E-2,-0.102
15.242,-1.332E-2,-0.102
15.259,-1.334E-2,-0.102
15.276,-1.344E-2,-0.102
15.293,-1.360E-2,-0.102
15.310,-1.373E-2,-0.102
15.326,-1.386E-2,-0.102
15.343,-1.395E-2,-0.102
15.360,-1.393E-2,-0.102
15.377,-1.383E-2,-0.102
15.394,-1.371E-2,-0.102
15.411,-1.356E-2,-0.102
15.427,-1.341E-2,-0.102
15.444,-1.332E-2,-0.102
15.461,-1.332E-2,-0.102
15.478,-1.339E-2,-0.102
15.495,-1.354E-2,-0.102
15.512,-1.368E-2,-0.102
15.528,-1.382E-2,-0.102
15.545,-1.393E-2,-0.102
15.562,-1.393E-2,-0.102
15.579,-1.388E-2,-0.102
15.596,-1.374E-2,-0.102
15.613,-1.360E-2,-0.102
15.630,-1.343E-2,-0.102
15.646,-1.335E-2,-0.102
15.663,-1.334E-2,-0.102
15.680,-1.338E-2,-0.102
15.697,-1.351E-2,-0.102
15.714,-1.369E-2,-0.102
15.731,-1.380E-2,-0.102
15.747,-1.389E-2,-0.102
15.764,-1.392E-2,-0.102
15.781,-1.388E-2,-0.102
15.798,-1.378E-2,-0.102
15.815,-1.362E-2,-0.102
15.832,-1.350E-2,-0.102
15.848,-1.339E-2,-0.102
15.865,-1.333E-2,-0.102
15.882,-1.338E-2,-0.102
15.899,-1.347E-2,-0.102
15.916,-1.362E-2,-0.102
15.933,-1.378E-2,-0.102
15.950,-1.388E-2,-0.102
15.966,-1.392E-2,-0.102
15.983,-1.392E-2,-0.102
16.000,-1.382E-2,-0.102
16.017,-1.370E-2,-0.102
16.034,-1.355E-2,-0.102
16.051,-1.342E-2,-0.102
16.067,-1.337E-2,-0.102
16.084,-1.338E-2,-0.102
16.101,-1.345E-2,-0.102
16.118,-1.361E-2,-0.102
16.135,-1.373E-2,-0.102
16.152,-1.383E-2,-0.102
16.168,-1.394E-2,-0.102
16.185,-1.394E-2,-0.102
16.202,-1.386E-2,-0.102
16.219,-1.374E-2,-0.102
16.236,-1.359E-2,-0.102
16.253,-1.344E-2,-0.102
16.270,-1.339E-2,-0.102
16.286,-1.336E-2,-0.102
16.303,-1.340E-2,-0.102
16.320,-1.351E-2,-0.102
16.337,-1.367E-2,-0.102
16.354,-1.377E-2,-0.102
16.371,-1.388E-2,-0.102
16.387,-1.390E-2,-0.102
16.404,-1.385E-2,-0.102
16.421,-1.374E-2,-0.102
16.438,-1.363E-2,-0.102
16.455,-1.349E-2,-0.102
16.472,-1.340E-2,-0.102
16.488,-1.337E-2,-0.102
16.505,-1.340E-2,-0.102
16.522,-1.349E-2,-0.102
16.539,-1.365E-2,-0.102
16.556,-1.377E-2,-0.102
16.573,-1.389E-2,-0.102
16.590,-1.391E-2,-0.102
16.606,-1.391E-2,-0.102
16.623,-1.381E-2,-0.102
16.640,-1.369E-2,-0.102
16.657,-1.356E-2,-0.102
16.674,-1.343E-2,-0.102
16.691,-1.339E-2,-0.102
16.707,-1.341E-2,-0.102
16.724,-1.351E-2,-0.102
16.741,-1.364E-2,-0.102
16.758,-1.379E-2,-0.102
16.775,-1.390E-2,-0.102
16.792,-1.395E-2,-0.102
16.808,-1.394E-2,-0.102
16.825,-1.384E-2,-0.102
16.842,-1.376E-2,-0.102
16.859,-1.358E-2,-0.102
16.876,-1.344E-2,-0.102
16.893,-1.340E-2,-0.102
16.910,-1.338E-2,-0.102
16.926,-1.345E-2,-0.102
16.943,-1.358E-2,-0.102
16.960,-1.371E-2,-0.102
16.977,-1.383E-2,-0.102
16.994,-1.394E-2,-0.102
17.011,-1.393E-2,-0.102
17.027,-1.388E-2,-0.102
17.044,-1.378E-2,-0.102
17.061,-1.362E-2,-0.102
17.078,-1.349E-2,-0.102
17.095,-1.339E-2,-0.102
17.112,-1.338E-2,-0.102
17.128,-1.342E-2,-0.102
17.145,-1.354E-2,-0.102
17.162,-1.369E-2,-0.102
17.179,-1.379E-2,-0.102
17.196,-1.389E-2,-0.102
17.213,-1.394E-2,-0.102
17.230,-1.389E-2,-0.102
17.246,-1.378E-2,-0.102
17.263,-1.366E-2,-0.102
17.280,-1.353E-2,-0.102
17.297,-1.343E-2,-0.102
17.314,-1.340E-2,-0.102
17.331,-1.343E-2,-0.102
17.347,-1.354E-2,-0.102
17.364,-1.368E-2,-0.102
17.381,-1.378E-2,-0.102
17.398,-1.388E-2,-0.102
17.415,-1.393E-2,-0.102
17.432,-1.390E-2,-0.102
17.448,-1.385E-2,-0.102
17.465,-1.372E-2,-0.102
17.482,-1.360E-2,-0.102
17.499,-1.345E-2,-0.102
17.516,-1.341E-2,-0.102
17.533,-1.339E-2,-0.102
17.550,-1.344E-2,-0.102
17.566,-1.360E-2,-0.102
17.583,-1.370E-2,-0.102
17.600,-1.385E-2,-0.102
17.617,-1.391E-2,-0.102
17.634,-1.391E-2,-0.102
17.651,-1.385E-2,-0.102
17.667,-1.374E-2,-0.102
17.684,-1.363E-2,-0.102
17.701,-1.351E-2,-0.102
17.718,-1.343E-2,-0.102
17.735,-1.345E-2,-0.102
17.752,-1.351E-2,-0.102
17.768,-1.363E-2,-0.102
17.785,-1.376E-2,-0.102
17.802,-1.387E-2,-0.102
17.819,-1.396E-2,-0.102
17.836,-1.395E-2,-0.102
17.853,-1.390E-2,-0.102
17.870,-1.380E-2,-0.102
17.886,-1.368E-2,-0.102
17.903,-1.355E-2,-0.102
17.920,-1.345E-2,-0.102
17.937,-1.347E-2,-0.102
17.954,-1.348E-2,-0.102
17.971,-1.360E-2,-0.102
17.987,-1.369E-2,-0.102
18.004,-1.382E-2,-0.102
18.021,-1.393E-2,-0.102
18.038,-1.396E-2,-0.102
18.055,-1.391E-2,-0.102
18.072,-1.382E-2,-0.102
18.088,-1.376E-2,-0.102
18.105,-1.359E-2,-0.102
18.122,-1.348E-2,-0.102
18.139,-1.345E-2,-0.102
18.156,-1.347E-2,-0.102
18.173,-1.356E-2,-0.102
18.190,-1.370E-2,-0.102
18.206,-1.379E-2,-0.102
18.223,-1.387E-2,-0.102
18.240,-1.392E-2,-0.102
18.257,-1.392E-2,-0.102
18.274,-1.384E-2,-0.102
18.291,-1.375E-2,-0.102
18.307,-1.363E-2,-0.102
18.324,-1.353E-2,-0.102
18.341,-1.348E-2,-0.102
18.358,-1.349E-2,-0.102
18.375,-1.354E-2,-0.102
18.392,-1.366E-2,-0.102
18.408,-1.376E-2,-0.102
18.425,-1.385E-2,-0.102
18.442,-1.394E-2,-0.102
18.459,-1.394E-2,-0.102
18.476,-1.389E-2,-0.102
18.493,-1.379E-2,-0.102
18.510,-1.366E-2,-0.102
18.526,-1.354E-2,-0.102
18.543,-1.349E-2,-0.102
18.560,-1.347E-2,-0.102
18.577,-1.353E-2,-0.102
18.594,-1.362E-2,-0.102
18.611,-1.376E-2,-0.102
18.627,-1.387E-2,-0.102
18.644,-1.393E-2,-0.102
18.661,-1.395E-2,-0.102
18.678,-1.391E-2,-0.102
18.695,-1.384E-2,-0.102
18.712,-1.374E-2,-0.102
18.728,-1.359E-2,-0.102
18.745,-1.350E-2,-0.102
18.762,-1.346E-2,-0.102
18.779,-1.350E-2,-0.102
18.796,-1.359E-2,-0.102
18.813,-1.368E-2,-0.102
18.830,-1.381E-2,-0.102
18.846,-1.391E-2,-0.102
18.863,-1.393E-2,-0.102
18.880,-1.393E-2,-0.102
18.897,-1.383E-2,-0.102
18.914,-1.375E-2,-0.102
18.931,-1.364E-2,-0.102
18.947,-1.355E-2,-0.102
18.964,-1.350E-2,-0.102
18.981,-1.351E-2,-0.102
18.998,-1.357E-2,-0.102
19.015,-1.369E-2,-0.102
19.032,-1.378E-2,-0.102
19.048,-1.387E-2,-0.102
19.065,-1.392E-2,-0.102
19.082,-1.392E-2,-0.102
19.099,-1.387E-2,-0.102
19.116,-1.379E-2,-0.102
19.133,-1.363E-2,-0.102
19.150,-1.355E-2,-0.102
19.166,-1.350E-2,-0.102
19.183,-1.350E-2,-0.102
19.200,-1.354E-2,-0.102
19.217,-1.364E-2,-0.102
19.234,-1.375E-2,-0.102
19.251,-1.384E-2,-0.102
19.267,-1.393E-2,-0.102
19.284,-1.393E-2,-0.102
19.301,-1.390E-2,-0.102
19.318,-1.380E-2,-0.102
19.335,-1.369E-2,-0.102
19.352,-1.358E-2,-0.102
19.368,-1.348E-2,-0.102
19.385,-1.346E-2,-0.102
19.402,-1.350E-2,-0.102
19.419,-1.359E-2,-0.102
19.436,-1.371E-2,-0.102
19.453,-1.380E-2,-0.102
19.470,-1.386E-2,-0.102
19.486,-1.390E-2,-0.102
19.503,-1.386E-2,-0.102
19.520,-1.380E-2,-0.102
19.537,-1.372E-2,-0.102
19.554,-1.362E-2,-0.102
19.571,-1.353E-2,-0.102
19.587,-1.349E-2,-0.102
19.604,-1.350E-2,-0.102
19.621,-1.359E-2,-0.102
19.638,-1.369E-2,-0.102
19.655,-1.378E-2,-0.102
19.672,-1.387E-2,-0.102
19.688,-1.391E-2,-0.102
19.705,-1.389E-2,-0.102
19.722,-1.384E-2,-0.102
19.739,-1.375E-2,-0.102
19.756,-1.365E-2,-0.102
19.773,-1.356E-2,-0.102
19.790,-1.350E-2,-0.102
19.806,-1.350E-2,-0.102
19.823,-1.355E-2,-0.102
19.840,-1.364E-2,-0.102
19.857,-1.377E-2,-0.102
19.874,-1.384E-2,-0.102
19.891,-1.392E-2,-0.102
19.907,-1.392E-2,-0.102
19.924,-1.387E-2,-0.102
19.941,-1.380E-2,-0.102
19.958,-1.367E-2,-0.102
19.975,-1.355E-2,-0.102
19.992,-1.349E-2,-0.102
20.008,-1.349E-2,-0.102
20.025,-1.353E-2,-0.102
20.042,-1.362E-2,-0.102
20.059,-1.374E-2,-0.102
20.076,-1.383E-2,-0.102
20.093,-1.390E-2,-0.102
20.110,-1.392E-2,-0.102
20.126,-1.390E-2,-0.102
20.143,-1.380E-2,-0.102
20.160,-1.369E-2,-0.102
20.177,-1.359E-2,-0.102
20.194,-1.350E-2,-0.102
20.211,-1.347E-2,-0.102
20.227,-1.349E-2,-0.102
20.244,-1.358E-2,-0.102
20.261,-1.371E-2,-0.102
20.278,-1.376E-2,-0.102
20.295,-1.383E-2,-0.102
20.312,-1.389E-2,-0.102
20.328,-1.388E-2,-0.102
20.345,-1.383E-2,-0.102
20.362,-1.374E-2,-0.102
20.379,-1.364E-2,-0.102
20.396,-1.355E-2,-0.102
20.413,-1.350E-2,-0.102
20.430,-1.350E-2,-0.102
20.446,-1.356E-2,-0.102
20.463,-1.368E-2,-0.102
20.480,-1.377E-2,-0.102
20.497,-1.383E-2,-0.102
20.514,-1.390E-2,-0.102
20.531,-1.390E-2,-0.102
20.547,-1.386E-2,-0.102
20.564,-1.376E-2,-0.102
20.581,-1.368E-2,-0.102
20.598,-1.355E-2,-0.102
20.615,-1.350E-2,-0.102
20.632,-1.350E-2,-0.102
20.648,-1.355E-2,-0.102
20.665,-1.365E-2,-0.102
20.682,-1.375E-2,-0.102
20.699,-1.384E-2,-0.102
20.716,-1.390E-2,-0.102
20.733,-1.391E-2,-0.102
20.750,-1.390E-2,-0.102
20.766,-1.380E-2,-0.102
20.783,-1.369E-2,-0.102
20.800,-1.358E-2,-0.102
20.817,-1.352E-2,-0.102
20.834,-1.347E-2,-0.102
20.851,-1.353E-2,-0.102
20.867,-1.358E-2,-0.102
20.884,-1.370E-2,-0.102
20.901,-1.379E-2,-0.102
20.918,-1.382E-2,-0.102
20.935,-1.389E-2,-0.102
20.952,-1.385E-2,-0.102
20.968,-1.380E-2,-0.102
20.985,-1.368E-2,-0.102
21.002,-1.358E-2,-0.102
21.019,-1.349E-2,-0.102
21.036,-1.349E-2,-0.102
21.053,-1.350E-2,-0.102
21.070,-1.356E-2,-0.102
21.086,-1.368E-2,-0.102
21.103,-1.376E-2,-0.102
21.120,-1.380E-2,-0.102
21.137,-1.383E-2,-0.102
21.154,-1.385E-2,-0.102
21.171,-1.381E-2,-0.102
21.187,-1.373E-2,-0.102
21.204,-1.363E-2,-0.102
21.221,-1.355E-2,-0.102
21.238,-1.350E-2,-0.102
21.255,-1.351E-2,-0.102
21.272,-1.356E-2,-0.102
21.288,-1.365E-2,-0.102
21.305,-1.376E-2,-0.102
21.322,-1.384E-2,-0.102
21.339,-1.387E-2,-0.102
21.356,-1.389E-2,-0.102
21.373,-1.384E-2,-0.102
21.390,-1.377E-2,-0.102
21.406,-1.369E-2,-0.102
21.423,-1.358E-2,-0.102
21.440,-1.352E-2,-0.102
21.457,-1.352E-2,-0.102
21.474,-1.356E-2,-0.102
21.491,-1.363E-2,-0.102
21.507,-1.373E-2,-0.102
21.524,-1.382E-2,-0.102
21.541,-1.388E-2,-0.102
21.558,-1.391E-2,-0.102
21.575,-1.386E-2,-0.102
21.592,-1.381E-2,-0.102
21.608,-1.373E-2,-0.102
21.625,-1.362E-2,-0.102
21.642,-1.358E-2,-0.102
21.659,-1.355E-2,-0.102
21.676,-1.357E-2,-0.102
21.693,-1.363E-2,-0.102
21.710,-1.373E-2,-0.102
21.726,-1.382E-2,-0.102
21.743,-1.389E-2,-0.102
21.760,-1.393E-2,-0.102
21.777,-1.388E-2,-0.102
21.794,-1.383E-2,-0.102
21.811,-1.377E-2,-0.102
21.827,-1.366E-2,-0.102
21.844,-1.356E-2,-0.102
21.861,-1.355E-2,-0.102
21.878,-1.354E-2,-0.102
21.895,-1.358E-2,-0.102
21.912,-1.367E-2,-0.102
21.928,-1.377E-2,-0.102
21.945,-1.384E-2,-0.102
21.962,-1.389E-2,-0.102
21.979,-1.389E-2,-0.102
21.996,-1.381E-2,-0.102
22.013,-1.376E-2,-0.102
22.030,-1.366E-2,-0.102
22.046,-1.357E-2,-0.102
22.063,-1.352E-2,-0.102
22.080,-1.352E-2,-0.102
22.097,-1.356E-2,-0.102
22.114,-1.367E-2,-0.102
22.131,-1.375E-2,-0.102
22.147,-1.381E-2,-0.102
22.164,-1.389E-2,-0.102
22.181,-1.389E-2,-0.102
22.198,-1.385E-2,-0.102
22.215,-1.378E-2,-0.102
22.232,-1.368E-2,-0.102
22.248,-1.359E-2,-0.102
22.265,-1.352E-2,-0.102
22.282,-1.350E-2,-0.102
22.299,-1.356E-2,-0.102
22.316,-1.361E-2,-0.102
22.333,-1.370E-2,-0.102
22.350,-1.377E-2,-0.102
22.366,-1.381E-2,-0.102
22.383,-1.388E-2,-0.102
22.400,-1.385E-2,-0.102
22.417,-1.378E-2,-0.102
22.434,-1.368E-2,-0.102
22.451,-1.358E-2,-0.102
22.467,-1.351E-2,-0.102
22.484,-1.351E-2,-0.102
22.501,-1.351E-2,-0.102
22.518,-1.358E-2,-0.102
22.535,-1.369E-2,-0.102
22.552,-1.375E-2,-0.102
22.568,-1.380E-2,-0.102
22.585,-1.380E-2,-0.102
22.602,-1.379E-2,-0.102
22.619,-1.373E-2,-0.102
22.636,-1.364E-2,-0.102
22.653,-1.354E-2,-0.102
22.670,-1.346E-2,-0.102
22.686,-1.343E-2,-0.102
22.703,-1.346E-2,-0.102
22.720,-1.353E-2,-0.102
22.737,-1.362E-2,-0.102
22.754,-1.373E-2,-0.102
22.771,-1.381E-2,-0.102
22.787,-1.384E-2,-0.102
22.804,-1.386E-2,-0.102
22.821,-1.385E-2,-0.102
22.838,-1.378E-2,-0.102
22.855,-1.368E-2,-0.102
22.872,-1.360E-2,-0.102
22.888,-1.354E-2,-0.102
22.905,-1.353E-2,-0.102
22.922,-1.356E-2,-0.102
22.939,-1.363E-2,-0.102
22.956,-1.374E-2,-0.102
22.973,-1.381E-2,-0.102
22.990,-1.388E-2,-0.102
23.006,-1.389E-2,-0.102
23.023,-1.385E-2,-0.102
23.040,-1.380E-2,-0.102
23.057,-1.371E-2,-0.102
23.074,-1.361E-2,-0.102
23.091,-1.354E-2,-0.102
23.107,-1.351E-2,-0.102
23.124,-1.354E-2,-0.102
23.141,-1.361E-2,-0.102
23.158,-1.369E-2,-0.102
23.175,-1.377E-2,-0.102
23.192,-1.378E-2,-0.102
23.208,-1.381E-2,-0.102
23.225,-1.382E-2,-0.102
23.242,-1.378E-2,-0.102
23.259,-1.367E-2,-0.102
23.276,-1.359E-2,-0.102
23.293,-1.352E-2,-0.102
23.310,-1.350E-2,-0.102
23.326,-1.350E-2,-0.102
23.343,-1.358E-2,-0.102
23.360,-1.367E-2,-0.102
23.377,-1.375E-2,-0.102
23.394,-1.379E-2,-0.102
23.411,-1.380E-2,-0.102
23.427,-1.377E-2,-0.102
23.444,-1.371E-2,-0.102
23.461,-1.365E-2,-0.102
23.478,-1.356E-2,-0.102
23.495,-1.350E-2,-0.102
23.512,-1.345E-2,-0.102
23.528,-1.347E-2,-0.102
23.545,-1.354E-2,-0.102
23.562,-1.361E-2,-0.102
23.579,-1.372E-2,-0.102
23.596,-1.378E-2,-0.102
23.613,-1.379E-2,-0.102
23.630,-1.378E-2,-0.102
23.646,-1.376E-2,-0.102
23.663,-1.366E-2,-0.102
23.680,-1.361E-2,-0.102
23.697,-1.354E-2,-0.102
23.714,-1.349E-2,-0.102
23.731,-1.350E-2,-0.102
23.747,-1.355E-2,-0.102
23.764,-1.360E-2,-0.102
23.781,-1.368E-2,-0.102
23.798,-1.377E-2,-0.102
23.815,-1.378E-2,-0.102
23.832,-1.377E-2,-0.102
23.848,-1.374E-2,-0.102
23.865,-1.366E-2,-0.102
23.882,-1.361E-2,-0.102
23.899,-1.351E-2,-0.102
23.916,-1.347E-2,-0.102
23.933,-1.343E-2,-0.102
23.950,-1.350E-2,-0.102
23.966,-1.356E-2,-0.102
23.983,-1.365E-2,-0.102
24.000,-1.374E-2,-0.102
24.017,-1.379E-2,-0.102
24.034,-1.378E-2,-0.102
24.051,-1.375E-2,-0.102
24.067,-1.370E-2,-0.102
24.084,-1.364E-2,-0.102
24.101,-1.355E-2,-0.102
24.118,-1.349E-2,-0.102
24.135,-1.345E-2,-0.102
24.152,-1.350E-2,-0.102
24.168,-1.356E-2,-0.102
24.185,-1.363E-2,-0.102
24.202,-1.374E-2,-0.102
24.219,-1.378E-2,-0.102
24.236,-1.379E-2,-0.102
24.253,-1.377E-2,-0.102
24.270,-1.374E-2,-0.102
24.286,-1.364E-2,-0.102
24.303,-1.360E-2,-0.102
24.320,-1.350E-2,-0.102
24.337,-1.347E-2,-0.102
24.354,-1.348E-2,-0.102
24.371,-1.353E-2,-0.102
24.387,-1.361E-2,-0.102
24.404,-1.372E-2,-0.102
24.421,-1.379E-2,-0.102
24.438,-1.381E-2,-0.102
24.455,-1.384E-2,-0.102
24.472,-1.382E-2,-0.102
24.488,-1.377E-2,-0.102
24.505,-1.368E-2,-0.102
24.522,-1.361E-2,-0.102
24.539,-1.354E-2,-0.102
24.556,-1.354E-2,-0.102
24.573,-1.357E-2,-0.102
24.590,-1.362E-2,-0.102
24.606,-1.373E-2,-0.102
24.623,-1.378E-2,-0.102
24.640,-1.381E-2,-0.102
24.657,-1.385E-2,-0.102
24.674,-1.386E-2,-0.102
24.691,-1.381E-2,-0.102
24.707,-1.373E-2,-0.102
24.724,-1.366E-2,-0.102
24.741,-1.360E-2,-0.102
24.758,-1.355E-2,-0.102
24.775,-1.359E-2,-0.102
24.792,-1.363E-2,-0.102
24.808,-1.372E-2,-0.102
24.825,-1.378E-2,-0.102
24.842,-1.382E-2,-0.102
24.859,-1.389E-2,-0.102
24.876,-1.385E-2,-0.102
24.893,-1.380E-2,-0.102
24.910,-1.375E-2,-0.102
24.926,-1.367E-2,-0.102
24.943,-1.358E-2,-0.102
24.960,-1.356E-2,-0.102
24.977,-1.356E-2,-0.102
24.994,-1.360E-2,-0.102
25.011,-1.367E-2,-0.102
25.027,-1.374E-2,-0.102
25.044,-1.381E-2,-0.102
25.061,-1.386E-2,-0.102
25.078,-1.386E-2,-0.102
25.095,-1.382E-2,-0.102
25.112,-1.377E-2,-0.102
25.129,-1.371E-2,-0.102
25.145,-1.360E-2,-0.102
25.162,-1.355E-2,-0.102
25.179,-1.355E-2,-0.102
25.196,-1.357E-2,-0.102
25.213,-1.366E-2,-0.102
25.230,-1.372E-2,-0.102
25.246,-1.380E-2,-0.102
25.263,-1.379E-2,-0.102
25.280,-1.383E-2,-0.102
25.297,-1.379E-2,-0.102
25.314,-1.371E-2,-0.102
25.331,-1.364E-2,-0.102
25.347,-1.359E-2,-0.102
25.364,-1.353E-2,-0.102
25.381,-1.352E-2,-0.102
25.398,-1.352E-2,-0.102
25.415,-1.360E-2,-0.102
25.432,-1.366E-2,-0.102
25.449,-1.372E-2,-0.102
25.465,-1.377E-2,-0.102
25.482,-1.379E-2,-0.102
25.499,-1.375E-2,-0.102
25.516,-1.369E-2,-0.102
25.533,-1.363E-2,-0.102
25.550,-1.358E-2,-0.102
25.566,-1.352E-2,-0.102
25.583,-1.352E-2,-0.102
25.600,-1.352E-2,-0.102
25.617,-1.357E-2,-0.102
25.634,-1.365E-2,-0.102
25.651,-1.372E-2,-0.102
25.667,-1.377E-2,-0.102
25.684,-1.379E-2,-0.102
25.701,-1.376E-2,-0.102
25.718,-1.371E-2,-0.102
25.735,-1.365E-2,-0.102
25.752,-1.360E-2,-0.102
25.769,-1.351E-2,-0.102
25.785,-1.347E-2,-0.102
25.802,-1.351E-2,-0.102
25.819,-1.357E-2,-0.102
25.836,-1.361E-2,-0.102
25.853,-1.373E-2,-0.102
25.870,-1.376E-2,-0.102
25.886,-1.379E-2,-0.102
25.903,-1.376E-2,-0.102
25.920,-1.374E-2,-0.102
25.937,-1.368E-2,-0.102
25.954,-1.360E-2,-0.102
25.971,-1.352E-2,-0.102
25.987,-1.350E-2,-0.102
26.004,-1.350E-2,-0.102
26.021,-1.354E-2,-0.102
26.038,-1.361E-2,-0.102
26.055,-1.370E-2,-0.102
26.072,-1.376E-2,-0.102
26.089,-1.377E-2,-0.102
26.105,-1.377E-2,-0.102
26.122,-1.375E-2,-0.102
26.139,-1.370E-2,-0.102
26.156,-1.361E-2,-0.102
26.173,-1.358E-2,-0.102
26.190,-1.353E-2,-0.102
26.206,-1.350E-2,-0.102
26.223,-1.353E-2,-0.102
26.240,-1.358E-2,-0.102
26.257,-1.366E-2,-0.102
26.274,-1.373E-2,-0.102
26.291,-1.377E-2,-0.102
26.307,-1.376E-2,-0.102
26.324,-1.375E-2,-0.102
26.341,-1.370E-2,-0.102
26.358,-1.361E-2,-0.102
26.375,-1.356E-2,-0.102
26.392,-1.351E-2,-0.102
26.409,-1.348E-2,-0.102
26.425,-1.352E-2,-0.102
26.442,-1.354E-2,-0.102
26.459,-1.362E-2,-0.102
26.476,-1.371E-2,-0.102
26.493,-1.375E-2,-0.102
26.510,-1.377E-2,-0.102
26.526,-1.376E-2,-0.102
26.543,-1.371E-2,-0.102
26.560,-1.365E-2,-0.102
26.577,-1.361E-2,-0.102
26.594,-1.352E-2,-0.102
26.611,-1.350E-2,-0.102
26.627,-1.351E-2,-0.102
26.644,-1.356E-2,-0.102
26.661,-1.363E-2,-0.102
26.678,-1.369E-2,-0.102
26.695,-1.374E-2,-0.102
26.712,-1.378E-2,-0.102
26.729,-1.376E-2,-0.102
26.745,-1.373E-2,-0.102
26.762,-1.368E-2,-0.102
26.779,-1.360E-2,-0.102
26.796,-1.353E-2,-0.102
26.813,-1.349E-2,-0.102
26.830,-1.351E-2,-0.102
26.846,-1.355E-2,-0.102
26.863,-1.360E-2,-0.102
26.880,-1.364E-2,-0.102
26.897,-1.373E-2,-0.102
26.914,-1.375E-2,-0.102
26.931,-1.375E-2,-0.102
26.947,-1.374E-2,-0.102
26.964,-1.368E-2,-0.102
26.981,-1.362E-2,-0.102
26.998,-1.356E-2,-0.102
27.015,-1.352E-2,-0.102
27.032,-1.352E-2,-0.102
27.049,-1.354E-2,-0.102
27.065,-1.360E-2,-0.102
27.082,-1.365E-2,-0.102
27.099,-1.371E-2,-0.102
27.116,-1.376E-2,-0.102
27.133,-1.376E-2,-0.102
27.150,-1.373E-2,-0.102
27.166,-1.368E-2,-0.102
27.183,-1.362E-2,-0.102
27.200,-1.359E-2,-0.102
27.217,-1.352E-2,-0.102
27.234,-1.352E-2,-0.102
27.251,-1.353E-2,-0.102
27.267,-1.357E-2,-0.102
27.284,-1.365E-2,-0.102
27.301,-1.372E-2,-0.102
27.318,-1.376E-2,-0.102
27.335,-1.375E-2,-0.102
27.352,-1.374E-2,-0.102
27.369,-1.369E-2,-0.102
27.385,-1.366E-2,-0.102
27.402,-1.357E-2,-0.102
27.419,-1.353E-2,-0.102
27.436,-1.351E-2,-0.102
27.453,-1.353E-2,-0.102
27.470,-1.356E-2,-0.102
27.486,-1.362E-2,-0.102
27.503,-1.369E-2,-0.102
27.520,-1.374E-2,-0.102
27.537,-1.377E-2,-0.102
27.554,-1.374E-2,-0.102
27.571,-1.371E-2,-0.102
27.587,-1.367E-2,-0.102
27.604,-1.361E-2,-0.102
27.621,-1.354E-2,-0.102
27.638,-1.349E-2,-0.102
27.655,-1.350E-2,-0.102
27.672,-1.352E-2,-0.102
27.689,-1.360E-2,-0.102
27.705,-1.364E-2,-0.102
27.722,-1.370E-2,-0.102
27.739,-1.373E-2,-0.102
27.756,-1.375E-2,-0.102
27.773,-1.374E-2,-0.102
27.790,-1.366E-2,-0.102
27.806,-1.360E-2,-0.102
27.823,-1.354E-2,-0.102
27.840,-1.349E-2,-0.102
27.857,-1.350E-2,-0.102
27.874,-1.353E-2,-0.102
27.891,-1.358E-2,-0.102
27.907,-1.362E-2,-0.102
27.924,-1.369E-2,-0.102
27.941,-1.374E-2,-0.102
27.958,-1.375E-2,-0.102
27.975,-1.373E-2,-0.102
27.992,-1.368E-2,-0.102
28.009,-1.364E-2,-0.102
28.025,-1.360E-2,-0.102
28.042,-1.353E-2,-0.102
28.059,-1.351E-2,-0.102
28.076,-1.353E-2,-0.102
28.093,-1.357E-2,-0.102
28.110,-1.361E-2,-0.102
28.126,-1.368E-2,-0.102
28.143,-1.371E-2,-0.102
28.160,-1.374E-2,-0.102
28.177,-1.373E-2,-0.102
28.194,-1.371E-2,-0.102
28.211,-1.367E-2,-0.102
28.227,-1.359E-2,-0.102
28.244,-1.353E-2,-0.102
28.261,-1.350E-2,-0.102
28.278,-1.350E-2,-0.102
28.295,-1.355E-2,-0.102
28.312,-1.361E-2,-0.102
28.329,-1.369E-2,-0.102
28.345,-1.376E-2,-0.102
28.362,-1.375E-2,-0.102
28.379,-1.374E-2,-0.102
28.396,-1.370E-2,-0.102
28.413,-1.369E-2,-0.102
28.430,-1.363E-2,-0.102
28.446,-1.355E-2,-0.102
28.463,-1.354E-2,-0.102
28.480,-1.354E-2,-0.102
28.497,-1.356E-2,-0.102
28.514,-1.359E-2,-0.102
28.531,-1.364E-2,-0.102
28.547,-1.370E-2,-0.102
28.564,-1.375E-2,-0.102
28.581,-1.376E-2,-0.102
28.598,-1.372E-2,-0.102
28.615,-1.368E-2,-0.102
28.632,-1.365E-2,-0.102
28.649,-1.360E-2,-0.102
28.665,-1.353E-2,-0.102
28.682,-1.353E-2,-0.102
28.699,-1.353E-2,-0.102
