,mass A,,
t,x,y,
0.017,-2.863E-2,-8.258E-2
0.034,-2.865E-2,-8.260E-2
0.051,-2.843E-2,-8.264E-2
0.067,-2.843E-2,-8.266E-2
0.084,-2.850E-2,-8.261E-2
0.101,-2.856E-2,-8.259E-2
0.118,-2.865E-2,-8.259E-2
0.135,-2.867E-2,-8.264E-2
0.152,-2.878E-2,-8.265E-2
0.168,-2.921E-2,-8.260E-2
0.185,-2.842E-2,-8.251E-2
0.202,-2.866E-2,-8.247E-2
0.219,-2.949E-2,-8.260E-2
0.236,-2.943E-2,-8.263E-2
0.253,-2.927E-2,-8.264E-2
0.269,-2.904E-2,-8.267E-2
0.286,-2.857E-2,-8.269E-2
0.303,-2.794E-2,-8.270E-2
0.320,-2.753E-2,-8.272E-2
0.337,-2.749E-2,-8.269E-2
0.354,-2.746E-2,-8.268E-2
0.371,-2.753E-2,-8.265E-2
0.387,-2.750E-2,-8.265E-2
0.404,-2.789E-2,-8.264E-2
0.421,-2.868E-2,-8.261E-2
0.438,-2.835E-2,-8.251E-2
0.455,-2.854E-2,-8.247E-2
0.472,-2.835E-2,-8.250E-2
0.488,-2.842E-2,-8.253E-2
0.505,-2.836E-2,-8.252E-2
0.522,-2.809E-2,-8.252E-2
0.539,-2.787E-2,-8.253E-2
0.556,-2.857E-2,-8.260E-2
0.573,-2.807E-2,-8.264E-2
0.589,-2.816E-2,-8.262E-2
0.606,-2.824E-2,-8.262E-2
0.623,-2.830E-2,-8.260E-2
0.640,-2.850E-2,-8.259E-2
0.657,-2.859E-2,-8.262E-2
0.674,-2.887E-2,-8.260E-2
0.691,-2.893E-2,-8.259E-2
0.707,-2.895E-2,-8.258E-2
0.724,-2.872E-2,-8.262E-2
0.741,-2.848E-2,-8.265E-2
0.758,-2.818E-2,-8.267E-2
0.775,-2.822E-2,-8.265E-2
0.792,-2.773E-2,-8.268E-2
0.808,-2.740E-2,-8.272E-2
0.825,-2.725E-2,-8.270E-2
0.842,-2.744E-2,-8.265E-2
0.859,-2.767E-2,-8.264E-2
0.876,-2.787E-2,-8.263E-2
0.893,-2.784E-2,-8.265E-2
0.909,-2.799E-2,-8.263E-2
0.926,-2.820E-2,-8.263E-2
0.943,-2.830E-2,-8.261E-2
0.960,-2.818E-2,-8.266E-2
0.977,-2.810E-2,-8.264E-2
0.994,-2.781E-2,-8.267E-2
1.011,-2.732E-2,-8.267E-2
1.027,-2.725E-2,-8.267E-2
1.044,-2.688E-2,-8.269E-2
1.061,-2.716E-2,-8.271E-2
1.078,-2.722E-2,-8.269E-2
1.095,-2.739E-2,-8.266E-2
1.112,-2.751E-2,-8.264E-2
1.128,-2.791E-2,-8.260E-2
1.145,-2.813E-2,-8.261E-2
1.162,-2.825E-2,-8.260E-2
1.179,-2.856E-2,-8.259E-2
1.196,-2.863E-2,-8.260E-2
1.213,-2.865E-2,-8.261E-2
1.229,-2.853E-2,-8.264E-2
1.246,-2.823E-2,-8.266E-2
1.263,-2.819E-2,-8.265E-2
1.280,-2.795E-2,-8.265E-2
1.297,-2.778E-2,-8.268E-2
1.314,-2.786E-2,-8.264E-2
1.331,-2.794E-2,-8.265E-2
1.347,-2.826E-2,-8.262E-2
1.364,-2.836E-2,-8.265E-2
1.381,-2.838E-2,-8.264E-2
1.398,-2.850E-2,-8.263E-2
1.415,-2.838E-2,-8.264E-2
1.432,-2.829E-2,-8.264E-2
1.448,-2.809E-2,-8.265E-2
1.465,-2.769E-2,-8.266E-2
1.482,-2.746E-2,-8.269E-2
1.499,-2.734E-2,-8.267E-2
1.516,-2.744E-2,-8.267E-2
1.533,-2.743E-2,-8.267E-2
1.549,-2.766E-2,-8.268E-2
1.566,-2.777E-2,-8.265E-2
1.583,-2.801E-2,-8.264E-2
1.600,-2.827E-2,-8.263E-2
1.617,-2.833E-2,-8.262E-2
1.634,-2.826E-2,-8.263E-2
1.651,-2.803E-2,-8.266E-2
1.667,-2.793E-2,-8.265E-2
1.684,-2.767E-2,-8.265E-2
1.701,-2.750E-2,-8.267E-2
1.718,-2.713E-2,-8.268E-2
1.735,-2.731E-2,-8.268E-2
1.752,-2.691E-2,-8.267E-2
1.768,-2.715E-2,-8.268E-2
1.785,-2.724E-2,-8.267E-2
1.802,-2.743E-2,-8.267E-2
1.819,-2.765E-2,-8.265E-2
1.836,-2.761E-2,-8.264E-2
1.853,-2.778E-2,-8.265E-2
1.869,-2.788E-2,-8.261E-2
1.886,-2.785E-2,-8.266E-2
1.903,-2.783E-2,-8.261E-2
1.920,-2.761E-2,-8.264E-2
1.937,-2.766E-2,-8.266E-2
1.954,-2.739E-2,-8.270E-2
1.971,-2.741E-2,-8.267E-2
1.987,-2.748E-2,-8.267E-2
2.004,-2.748E-2,-8.264E-2
2.021,-2.760E-2,-8.265E-2
2.038,-2.791E-2,-8.262E-2
2.055,-2.820E-2,-8.262E-2
2.072,-2.878E-2,-8.261E-2
2.088,-2.890E-2,-8.261E-2
2.105,-2.889E-2,-8.260E-2
2.122,-2.907E-2,-8.259E-2
2.139,-2.892E-2,-8.261E-2
2.156,-2.888E-2,-8.263E-2
2.173,-2.881E-2,-8.265E-2
2.189,-2.882E-2,-8.265E-2
2.206,-2.878E-2,-8.265E-2
2.223,-2.885E-2,-8.264E-2
2.240,-2.887E-2,-8.264E-2
2.257,-2.891E-2,-8.264E-2
2.274,-2.903E-2,-8.265E-2
2.291,-2.948E-2,-8.261E-2
2.307,-2.961E-2,-8.259E-2
2.324,-2.982E-2,-8.260E-2
2.341,-2.999E-2,-8.258E-2
2.358,-2.997E-2,-8.261E-2
2.375,-2.999E-2,-8.261E-2
2.392,-2.988E-2,-8.261E-2
2.408,-2.983E-2,-8.263E-2
2.425,-2.965E-2,-8.265E-2
2.442,-2.956E-2,-8.264E-2
2.459,-2.947E-2,-8.264E-2
2.476,-2.950E-2,-8.263E-2
2.493,-2.953E-2,-8.262E-2
2.509,-2.968E-2,-8.263E-2
2.526,-2.995E-2,-8.259E-2
2.543,-3.007E-2,-8.260E-2
2.560,-3.040E-2,-8.258E-2
2.577,-3.031E-2,-8.261E-2
2.594,-3.025E-2,-8.261E-2
2.611,-3.015E-2,-8.264E-2
2.627,-2.969E-2,-8.264E-2
2.644,-2.946E-2,-8.266E-2
2.661,-2.921E-2,-8.268E-2
2.678,-2.885E-2,-8.270E-2
2.695,-2.799E-2,-8.269E-2
2.712,-2.859E-2,-8.270E-2
2.728,-2.884E-2,-8.265E-2
2.745,-2.898E-2,-8.265E-2
2.762,-2.932E-2,-8.263E-2
2.779,-2.927E-2,-8.266E-2
2.796,-2.950E-2,-8.263E-2
2.813,-2.984E-2,-8.261E-2
2.829,-2.979E-2,-8.260E-2
2.846,-2.981E-2,-8.264E-2
2.863,-2.938E-2,-8.266E-2
2.880,-2.901E-2,-8.270E-2
2.897,-2.872E-2,-8.268E-2
2.914,-2.850E-2,-8.266E-2
2.931,-2.801E-2,-8.270E-2
2.947,-2.784E-2,-8.268E-2
2.964,-2.750E-2,-8.269E-2
2.981,-2.782E-2,-8.267E-2
2.998,-2.819E-2,-8.267E-2
3.015,-2.852E-2,-8.263E-2
3.032,-2.876E-2,-8.263E-2
3.048,-2.881E-2,-8.263E-2
3.065,-2.873E-2,-8.263E-2
3.082,-2.860E-2,-8.264E-2
3.099,-2.838E-2,-8.266E-2
3.116,-2.796E-2,-8.270E-2
3.133,-2.738E-2,-8.269E-2
3.149,-2.727E-2,-8.268E-2
3.166,-2.720E-2,-8.269E-2
3.183,-2.704E-2,-8.269E-2
3.200,-2.710E-2,-8.268E-2
3.217,-2.710E-2,-8.269E-2
3.234,-2.722E-2,-8.266E-2
3.251,-2.761E-2,-8.263E-2
3.267,-2.783E-2,-8.265E-2
3.284,-2.791E-2,-8.265E-2
3.301,-2.795E-2,-8.265E-2
3.318,-2.794E-2,-8.263E-2
3.335,-2.787E-2,-8.264E-2
3.352,-2.763E-2,-8.267E-2
3.368,-2.730E-2,-8.268E-2
3.385,-2.730E-2,-8.268E-2
3.402,-2.740E-2,-8.266E-2
3.419,-2.747E-2,-8.264E-2
3.436,-2.744E-2,-8.265E-2
3.453,-2.776E-2,-8.265E-2
3.469,-2.777E-2,-8.265E-2
3.486,-2.830E-2,-8.263E-2
3.503,-2.827E-2,-8.264E-2
3.520,-2.824E-2,-8.264E-2
3.537,-2.798E-2,-8.267E-2
3.554,-2.772E-2,-8.266E-2
3.571,-2.760E-2,-8.265E-2
3.587,-2.751E-2,-8.264E-2
3.604,-2.714E-2,-8.268E-2
3.621,-2.710E-2,-8.268E-2
3.638,-2.702E-2,-8.272E-2
3.655,-2.696E-2,-8.269E-2
3.672,-2.704E-2,-8.268E-2
3.688,-2.736E-2,-8.267E-2
3.705,-2.764E-2,-8.265E-2
3.722,-2.776E-2,-8.266E-2
3.739,-2.775E-2,-8.264E-2
3.756,-2.784E-2,-8.264E-2
3.773,-2.765E-2,-8.264E-2
3.789,-2.754E-2,-8.264E-2
3.806,-2.725E-2,-8.266E-2
3.823,-2.709E-2,-8.268E-2
3.840,-2.689E-2,-8.267E-2
3.857,-2.691E-2,-8.268E-2
3.874,-2.696E-2,-8.268E-2
3.891,-2.699E-2,-8.268E-2
3.907,-2.709E-2,-8.266E-2
3.924,-2.729E-2,-8.265E-2
3.941,-2.741E-2,-8.264E-2
3.958,-2.742E-2,-8.264E-2
3.975,-2.742E-2,-8.264E-2
3.992,-2.743E-2,-8.265E-2
4.008,-2.742E-2,-8.265E-2
4.025,-2.749E-2,-8.264E-2
4.042,-2.713E-2,-8.265E-2
4.059,-2.719E-2,-8.267E-2
4.076,-2.723E-2,-8.267E-2
4.093,-2.713E-2,-8.265E-2
4.109,-2.727E-2,-8.264E-2
4.126,-2.740E-2,-8.266E-2
4.143,-2.708E-2,-8.267E-2
4.160,-2.671E-2,-8.283E-2
4.177,-2.484E-2,-8.305E-2
4.194,-2.172E-2,-8.345E-2
4.211,-1.695E-2,-8.381E-2
4.227,-9.378E-3,-8.388E-2
4.244,-2.445E-3,-8.386E-2
4.261,3.069E-3,-8.360E-2
4.278,8.623E-3,-8.319E-2
4.295,1.370E-2,-8.248E-2
4.312,1.685E-2,-8.185E-2
4.328,1.824E-2,-8.143E-2
4.345,1.796E-2,-8.139E-2
4.362,1.672E-2,-8.164E-2
4.379,1.387E-2,-8.213E-2
4.396,8.862E-3,-8.267E-2
4.413,2.985E-3,-8.308E-2
4.429,-2.836E-3,-8.335E-2
4.446,-9.519E-3,-8.339E-2
4.463,-1.497E-2,-8.330E-2
4.480,-2.098E-2,-8.312E-2
4.497,-2.439E-2,-8.289E-2
4.514,-2.646E-2,-8.278E-2
4.531,-2.525E-2,-8.290E-2
4.547,-2.379E-2,-8.318E-2
4.564,-2.012E-2,-8.360E-2
4.581,-1.446E-2,-8.384E-2
4.598,-6.343E-3,-8.388E-2
4.615,-5.692E-5,-8.373E-2
4.632,5.454E-3,-8.337E-2
4.648,1.085E-2,-8.288E-2
4.665,1.459E-2,-8.222E-2
4.682,1.715E-2,-8.164E-2
4.699,1.822E-2,-8.141E-2
4.716,1.756E-2,-8.151E-2
4.733,1.510E-2,-8.184E-2
4.749,1.118E-2,-8.230E-2
4.766,6.314E-3,-8.281E-2
4.783,1.495E-4,-8.318E-2
4.800,-5.529E-3,-8.331E-2
4.817,-1.131E-2,-8.331E-2
4.834,-1.791E-2,-8.322E-2
4.851,-2.275E-2,-8.304E-2
4.867,-2.482E-2,-8.285E-2
4.884,-2.579E-2,-8.283E-2
4.901,-2.487E-2,-8.303E-2
4.918,-2.155E-2,-8.326E-2
4.935,-1.760E-2,-8.363E-2
4.952,-1.167E-2,-8.383E-2
4.968,-4.821E-3,-8.381E-2
4.985,1.565E-3,-8.361E-2
5.002,7.096E-3,-8.319E-2
5.019,1.174E-2,-8.263E-2
5.036,1.545E-2,-8.206E-2
5.053,1.716E-2,-8.157E-2
5.069,1.814E-2,-8.148E-2
5.086,1.672E-2,-8.170E-2
5.103,1.346E-2,-8.209E-2
5.120,8.690E-3,-8.258E-2
5.137,3.552E-3,-8.302E-2
5.154,-2.351E-3,-8.329E-2
5.171,-9.388E-3,-8.339E-2
5.187,-1.405E-2,-8.329E-2
5.204,-2.000E-2,-8.323E-2
5.221,-2.368E-2,-8.299E-2
5.238,-2.465E-2,-8.286E-2
5.255,-2.448E-2,-8.290E-2
5.272,-2.250E-2,-8.312E-2
5.288,-2.023E-2,-8.340E-2
5.305,-1.463E-2,-8.366E-2
5.322,-9.385E-3,-8.381E-2
5.339,-2.637E-3,-8.374E-2
5.356,3.496E-3,-8.345E-2
5.373,8.590E-3,-8.299E-2
5.389,1.321E-2,-8.245E-2
5.406,1.641E-2,-8.187E-2
5.423,1.718E-2,-8.158E-2
5.440,1.708E-2,-8.163E-2
5.457,1.521E-2,-8.188E-2
5.474,1.159E-2,-8.232E-2
5.491,7.127E-3,-8.275E-2
5.507,1.121E-3,-8.310E-2
5.524,-4.851E-3,-8.327E-2
5.541,-1.046E-2,-8.328E-2
5.558,-1.624E-2,-8.322E-2
5.575,-2.064E-2,-8.305E-2
5.592,-2.300E-2,-8.291E-2
5.608,-2.454E-2,-8.282E-2
5.625,-2.430E-2,-8.300E-2
5.642,-2.169E-2,-8.324E-2
5.659,-1.764E-2,-8.351E-2
5.676,-1.255E-2,-8.366E-2
5.693,-6.088E-3,-8.370E-2
5.709,-8.868E-4,-8.358E-2
5.726,5.354E-3,-8.325E-2
5.743,9.898E-3,-8.278E-2
5.760,1.400E-2,-8.226E-2
5.777,1.607E-2,-8.179E-2
5.794,1.685E-2,-8.160E-2
5.811,1.592E-2,-8.176E-2
5.827,1.369E-2,-8.207E-2
5.844,9.766E-3,-8.251E-2
5.861,4.891E-3,-8.288E-2
5.878,-3.676E-4,-8.314E-2
5.895,-6.420E-3,-8.325E-2
5.912,-1.190E-2,-8.326E-2
5.928,-1.806E-2,-8.321E-2
5.945,-2.150E-2,-8.299E-2
5.962,-2.357E-2,-8.287E-2
5.979,-2.405E-2,-8.285E-2
5.996,-2.298E-2,-8.305E-2
6.013,-2.013E-2,-8.329E-2
6.029,-1.553E-2,-8.351E-2
6.046,-1.024E-2,-8.368E-2
6.063,-4.147E-3,-8.363E-2
6.080,1.440E-3,-8.343E-2
6.097,7.037E-3,-8.309E-2
6.114,1.084E-2,-8.263E-2
6.131,1.456E-2,-8.210E-2
6.147,1.601E-2,-8.177E-2
6.164,1.651E-2,-8.169E-2
6.181,1.497E-2,-8.185E-2
6.198,1.181E-2,-8.223E-2
6.215,7.839E-3,-8.264E-2
6.232,2.578E-3,-8.301E-2
6.248,-2.971E-3,-8.322E-2
6.265,-8.510E-3,-8.329E-2
6.282,-1.392E-2,-8.327E-2
6.299,-1.917E-2,-8.319E-2
6.316,-2.220E-2,-8.302E-2
6.333,-2.344E-2,-8.288E-2
6.349,-2.312E-2,-8.290E-2
6.366,-2.157E-2,-8.309E-2
6.383,-1.809E-2,-8.330E-2
6.400,-1.441E-2,-8.362E-2
6.417,-8.453E-3,-8.367E-2
6.434,-1.928E-3,-8.351E-2
6.451,3.592E-3,-8.327E-2
6.467,8.371E-3,-8.286E-2
6.484,1.199E-2,-8.242E-2
6.501,1.457E-2,-8.197E-2
6.518,1.605E-2,-8.172E-2
6.535,1.582E-2,-8.170E-2
6.552,1.357E-2,-8.200E-2
6.568,9.929E-3,-8.237E-2
6.585,5.716E-3,-8.282E-2
6.602,8.032E-4,-8.310E-2
6.619,-5.068E-3,-8.328E-2
6.636,-1.036E-2,-8.328E-2
6.653,-1.625E-2,-8.324E-2
6.669,-1.982E-2,-8.310E-2
6.686,-2.231E-2,-8.290E-2
6.703,-2.336E-2,-8.286E-2
6.720,-2.227E-2,-8.293E-2
6.737,-2.007E-2,-8.311E-2
6.754,-1.638E-2,-8.331E-2
6.771,-1.134E-2,-8.350E-2
6.787,-5.557E-3,-8.351E-2
6.804,-6.004E-4,-8.337E-2
6.821,5.066E-3,-8.307E-2
6.838,9.597E-3,-8.266E-2
6.855,1.298E-2,-8.220E-2
6.872,1.519E-2,-8.181E-2
6.888,1.577E-2,-8.167E-2
6.905,1.462E-2,-8.178E-2
6.922,1.255E-2,-8.208E-2
6.939,8.848E-3,-8.246E-2
6.956,3.868E-3,-8.283E-2
6.973,-1.123E-3,-8.309E-2
6.989,-7.016E-3,-8.320E-2
7.006,-1.207E-2,-8.322E-2
7.023,-1.652E-2,-8.312E-2
7.040,-2.054E-2,-8.297E-2
7.057,-2.235E-2,-8.284E-2
7.074,-2.292E-2,-8.287E-2
7.091,-2.208E-2,-8.301E-2
7.107,-1.947E-2,-8.323E-2
7.124,-1.554E-2,-8.348E-2
7.141,-9.432E-3,-8.352E-2
7.158,-4.184E-3,-8.351E-2
7.175,1.622E-3,-8.333E-2
7.192,6.366E-3,-8.299E-2
7.208,1.019E-2,-8.262E-2
7.225,1.317E-2,-8.219E-2
7.242,1.495E-2,-8.185E-2
7.259,1.505E-2,-8.181E-2
7.276,1.357E-2,-8.201E-2
7.293,1.118E-2,-8.231E-2
7.309,7.128E-3,-8.267E-2
7.326,1.875E-3,-8.303E-2
7.343,-3.192E-3,-8.325E-2
7.360,-7.673E-3,-8.330E-2
7.377,-1.324E-2,-8.327E-2
7.394,-1.816E-2,-8.321E-2
7.411,-2.097E-2,-8.303E-2
7.427,-2.217E-2,-8.290E-2
7.444,-2.292E-2,-8.299E-2
7.461,-2.067E-2,-8.311E-2
7.478,-1.810E-2,-8.338E-2
7.495,-1.385E-2,-8.361E-2
7.512,-8.523E-3,-8.366E-2
7.528,-3.691E-3,-8.363E-2
7.545,1.241E-3,-8.342E-2
7.562,6.914E-3,-8.301E-2
7.579,1.042E-2,-8.262E-2
7.596,1.324E-2,-8.224E-2
7.613,1.448E-2,-8.198E-2
7.629,1.399E-2,-8.200E-2
7.646,1.230E-2,-8.224E-2
7.663,9.053E-3,-8.260E-2
7.680,5.329E-3,-8.291E-2
7.697,-3.098E-4,-8.322E-2
7.714,-5.617E-3,-8.341E-2
7.731,-1.056E-2,-8.343E-2
7.747,-1.473E-2,-8.333E-2
7.764,-1.931E-2,-8.325E-2
7.781,-2.139E-2,-8.310E-2
7.798,-2.265E-2,-8.303E-2
7.815,-2.172E-2,-8.309E-2
7.832,-1.980E-2,-8.324E-2
7.848,-1.651E-2,-8.349E-2
7.865,-1.226E-2,-8.365E-2
7.882,-7.323E-3,-8.368E-2
7.899,-2.650E-3,-8.362E-2
7.916,3.512E-3,-8.327E-2
7.933,8.120E-3,-8.288E-2
7.949,1.171E-2,-8.248E-2
7.966,1.310E-2,-8.220E-2
7.983,1.378E-2,-8.204E-2
8.000,1.330E-2,-8.207E-2
8.017,1.139E-2,-8.232E-2
8.034,7.569E-3,-8.267E-2
8.051,2.997E-3,-8.301E-2
8.067,-1.828E-3,-8.327E-2
8.084,-7.444E-3,-8.342E-2
8.101,-1.233E-2,-8.343E-2
8.118,-1.609E-2,-8.332E-2
8.135,-1.996E-2,-8.317E-2
8.152,-2.148E-2,-8.305E-2
8.168,-2.189E-2,-8.302E-2
8.185,-2.047E-2,-8.312E-2
8.202,-1.831E-2,-8.330E-2
8.219,-1.463E-2,-8.350E-2
8.236,-1.061E-2,-8.365E-2
8.253,-5.858E-3,-8.365E-2
8.270,-5.622E-4,-8.346E-2
8.286,5.298E-3,-8.311E-2
8.303,9.443E-3,-8.271E-2
8.320,1.164E-2,-8.239E-2
8.337,1.386E-2,-8.208E-2
8.354,1.405E-2,-8.201E-2
8.371,1.239E-2,-8.219E-2
8.387,1.023E-2,-8.247E-2
8.404,6.169E-3,-8.282E-2
8.421,2.050E-3,-8.310E-2
8.438,-2.678E-3,-8.328E-2
8.455,-7.693E-3,-8.332E-2
8.472,-1.270E-2,-8.330E-2
8.488,-1.672E-2,-8.323E-2
8.505,-1.957E-2,-8.312E-2
8.522,-2.126E-2,-8.302E-2
8.539,-2.135E-2,-8.303E-2
8.556,-2.038E-2,-8.320E-2
8.573,-1.791E-2,-8.340E-2
8.590,-1.291E-2,-8.350E-2
8.606,-9.470E-3,-8.364E-2
8.623,-3.299E-3,-8.352E-2
8.640,1.956E-4,-8.343E-2
8.657,5.482E-3,-8.305E-2
8.674,9.857E-3,-8.267E-2
8.691,1.250E-2,-8.231E-2
8.707,1.371E-2,-8.205E-2
8.724,1.366E-2,-8.206E-2
8.741,1.188E-2,-8.225E-2
8.758,8.685E-3,-8.260E-2
8.775,5.342E-3,-8.292E-2
8.792,1.007E-3,-8.311E-2
8.808,-4.152E-3,-8.328E-2
8.825,-8.778E-3,-8.331E-2
8.842,-1.333E-2,-8.330E-2
8.859,-1.788E-2,-8.319E-2
8.876,-2.022E-2,-8.310E-2
8.893,-2.133E-2,-8.300E-2
8.910,-2.098E-2,-8.307E-2
8.926,-1.945E-2,-8.323E-2
8.943,-1.651E-2,-8.344E-2
8.960,-1.278E-2,-8.361E-2
8.977,-8.005E-3,-8.364E-2
8.994,-1.775E-3,-8.348E-2
9.011,2.832E-3,-8.324E-2
9.027,7.152E-3,-8.289E-2
9.044,9.747E-3,-8.260E-2
9.061,1.242E-2,-8.227E-2
9.078,1.350E-2,-8.208E-2
9.095,1.309E-2,-8.213E-2
9.112,1.061E-2,-8.239E-2
9.128,7.800E-3,-8.267E-2
9.145,4.136E-3,-8.292E-2
9.162,-1.018E-3,-8.322E-2
9.179,-6.630E-3,-8.341E-2
9.196,-1.127E-2,-8.339E-2
9.213,-1.495E-2,-8.328E-2
9.230,-1.862E-2,-8.318E-2
9.246,-2.039E-2,-8.307E-2
9.263,-2.101E-2,-8.302E-2
9.280,-2.012E-2,-8.313E-2
9.297,-1.827E-2,-8.330E-2
9.314,-1.512E-2,-8.348E-2
9.331,-1.071E-2,-8.354E-2
9.347,-5.604E-3,-8.350E-2
9.364,-1.570E-3,-8.343E-2
9.381,4.284E-3,-8.310E-2
9.398,7.324E-3,-8.282E-2
9.415,1.081E-2,-8.245E-2
9.432,1.206E-2,-8.222E-2
9.448,1.309E-2,-8.213E-2
9.465,1.208E-2,-8.220E-2
9.482,1.004E-2,-8.244E-2
9.499,6.271E-3,-8.282E-2
9.516,2.434E-3,-8.307E-2
9.533,-2.384E-3,-8.325E-2
9.550,-6.736E-3,-8.332E-2
9.566,-1.108E-2,-8.332E-2
9.583,-1.573E-2,-8.324E-2
9.600,-1.843E-2,-8.312E-2
9.617,-2.037E-2,-8.303E-2
9.634,-2.076E-2,-8.306E-2
9.651,-1.993E-2,-8.320E-2
9.667,-1.709E-2,-8.333E-2
9.684,-1.397E-2,-8.345E-2
9.701,-1.016E-2,-8.360E-2
9.718,-5.787E-3,-8.360E-2
9.735,-8.551E-4,-8.345E-2
9.752,3.274E-3,-8.321E-2
9.768,7.359E-3,-8.287E-2
9.785,1.068E-2,-8.249E-2
9.802,1.229E-2,-8.223E-2
9.819,1.158E-2,-8.222E-2
9.836,1.016E-2,-8.239E-2
9.853,7.840E-3,-8.266E-2
9.870,4.819E-3,-8.293E-2
9.886,4.849E-4,-8.320E-2
9.903,-3.488E-3,-8.332E-2
9.920,-9.100E-3,-8.343E-2
9.937,-1.352E-2,-8.339E-2
9.954,-1.664E-2,-8.331E-2
9.971,-1.954E-2,-8.320E-2
9.987,-2.060E-2,-8.311E-2
10.004,-2.024E-2,-8.313E-2
10.021,-1.920E-2,-8.321E-2
10.038,-1.679E-2,-8.340E-2
10.055,-1.235E-2,-8.348E-2
10.072,-8.488E-3,-8.360E-2
10.088,-3.608E-3,-8.349E-2
10.105,-1.521E-5,-8.341E-2
10.122,5.095E-3,-8.308E-2
10.139,9.362E-3,-8.270E-2
10.156,1.129E-2,-8.243E-2
10.173,1.249E-2,-8.224E-2
10.190,1.220E-2,-8.223E-2
10.206,1.049E-2,-8.240E-2
10.223,8.074E-3,-8.266E-2
10.240,3.589E-3,-8.302E-2
10.257,-4.848E-4,-8.325E-2
10.274,-5.322E-3,-8.341E-2
10.291,-9.802E-3,-8.343E-2
10.307,-1.393E-2,-8.340E-2
10.324,-1.699E-2,-8.325E-2
10.341,-1.925E-2,-8.317E-2
10.358,-1.982E-2,-8.309E-2
10.375,-1.970E-2,-8.319E-2
10.392,-1.794E-2,-8.331E-2
10.408,-1.539E-2,-8.346E-2
10.425,-1.198E-2,-8.363E-2
10.442,-7.437E-3,-8.362E-2
10.459,-2.047E-3,-8.351E-2
10.476,2.391E-3,-8.327E-2
10.493,5.988E-3,-8.302E-2
10.510,9.768E-3,-8.267E-2
10.526,1.166E-2,-8.243E-2
10.543,1.225E-2,-8.227E-2
10.560,1.200E-2,-8.232E-2
10.577,1.015E-2,-8.247E-2
10.594,7.678E-3,-8.271E-2
10.611,2.971E-3,-8.305E-2
10.627,-1.231E-3,-8.326E-2
10.644,-6.445E-3,-8.340E-2
10.661,-1.062E-2,-8.340E-2
10.678,-1.489E-2,-8.339E-2
10.695,-1.717E-2,-8.326E-2
10.712,-1.962E-2,-8.320E-2
10.728,-1.933E-2,-8.310E-2
10.745,-1.926E-2,-8.317E-2
10.762,-1.700E-2,-8.333E-2
10.779,-1.430E-2,-8.345E-2
10.796,-1.067E-2,-8.363E-2
10.813,-6.665E-3,-8.363E-2
10.830,-1.779E-3,-8.351E-2
10.846,2.290E-3,-8.325E-2
10.863,5.415E-3,-8.301E-2
10.880,7.830E-3,-8.281E-2
10.897,9.505E-3,-8.259E-2
10.914,1.021E-2,-8.247E-2
10.931,9.244E-3,-8.258E-2
10.947,7.088E-3,-8.279E-2
10.964,4.272E-3,-8.304E-2
10.981,6.115E-4,-8.328E-2
10.998,-3.533E-3,-8.345E-2
11.015,-7.485E-3,-8.350E-2
11.032,-1.171E-2,-8.347E-2
11.048,-1.555E-2,-8.341E-2
11.065,-1.791E-2,-8.332E-2
11.082,-1.955E-2,-8.323E-2
11.099,-1.963E-2,-8.321E-2
11.116,-1.837E-2,-8.325E-2
11.133,-1.638E-2,-8.340E-2
11.150,-1.289E-2,-8.352E-2
11.166,-9.460E-3,-8.362E-2
11.183,-5.623E-3,-8.364E-2
11.200,-1.052E-3,-8.346E-2
11.217,2.895E-3,-8.327E-2
11.234,7.524E-3,-8.288E-2
11.251,9.691E-3,-8.262E-2
11.267,1.122E-2,-8.245E-2
11.284,1.092E-2,-8.242E-2
11.301,1.030E-2,-8.249E-2
11.318,8.146E-3,-8.271E-2
11.335,4.328E-3,-8.302E-2
11.352,5.265E-4,-8.325E-2
11.368,-4.146E-3,-8.340E-2
11.385,-8.260E-3,-8.344E-2
11.402,-1.202E-2,-8.343E-2
11.419,-1.568E-2,-8.338E-2
11.436,-1.764E-2,-8.327E-2
11.453,-1.900E-2,-8.321E-2
11.470,-1.893E-2,-8.323E-2
11.486,-1.781E-2,-8.330E-2
11.503,-1.548E-2,-8.343E-2
11.520,-1.211E-2,-8.351E-2
11.537,-8.557E-3,-8.359E-2
11.554,-3.405E-3,-8.351E-2
11.571,-2.388E-4,-8.343E-2
11.587,3.548E-3,-8.321E-2
11.604,7.439E-3,-8.288E-2
11.621,9.474E-3,-8.264E-2
11.638,1.054E-2,-8.248E-2
11.655,1.030E-2,-8.245E-2
11.672,8.667E-3,-8.259E-2
11.688,6.424E-3,-8.287E-2
11.705,3.353E-3,-8.310E-2
11.722,-5.928E-4,-8.332E-2
11.739,-4.939E-3,-8.343E-2
11.756,-9.041E-3,-8.346E-2
11.773,-1.262E-2,-8.343E-2
11.790,-1.537E-2,-8.333E-2
11.806,-1.760E-2,-8.321E-2
11.823,-1.849E-2,-8.319E-2
11.840,-1.831E-2,-8.323E-2
11.857,-1.735E-2,-8.339E-2
11.874,-1.446E-2,-8.350E-2
11.891,-1.156E-2,-8.359E-2
11.907,-7.540E-3,-8.365E-2
11.924,-3.743E-3,-8.358E-2
11.941,3.040E-4,-8.342E-2
11.958,5.307E-3,-8.310E-2
11.975,8.326E-3,-8.286E-2
11.992,1.008E-2,-8.262E-2
12.008,1.098E-2,-8.246E-2
12.025,1.060E-2,-8.248E-2
12.042,8.597E-3,-8.262E-2
12.059,6.145E-3,-8.288E-2
12.076,2.966E-3,-8.311E-2
12.093,-1.185E-3,-8.328E-2
12.110,-5.557E-3,-8.341E-2
12.126,-9.681E-3,-8.348E-2
12.143,-1.354E-2,-8.343E-2
12.160,-1.651E-2,-8.338E-2
12.177,-1.799E-2,-8.330E-2
12.194,-1.867E-2,-8.322E-2
12.211,-1.798E-2,-8.328E-2
12.227,-1.621E-2,-8.334E-2
12.244,-1.328E-2,-8.350E-2
12.261,-1.087E-2,-8.360E-2
12.278,-6.822E-3,-8.363E-2
12.295,-1.815E-3,-8.349E-2
12.312,2.066E-3,-8.326E-2
12.328,5.024E-3,-8.306E-2
12.345,7.570E-3,-8.285E-2
12.362,9.244E-3,-8.266E-2
12.379,1.044E-2,-8.250E-2
12.396,1.013E-2,-8.250E-2
12.413,8.295E-3,-8.266E-2
12.430,5.521E-3,-8.290E-2
12.446,1.986E-3,-8.313E-2
12.463,-1.960E-3,-8.330E-2
12.480,-6.778E-3,-8.344E-2
12.497,-1.054E-2,-8.344E-2
12.514,-1.421E-2,-8.340E-2
12.531,-1.647E-2,-8.330E-2
12.547,-1.793E-2,-8.325E-2
12.564,-1.845E-2,-8.320E-2
12.581,-1.768E-2,-8.326E-2
12.598,-1.590E-2,-8.343E-2
12.615,-1.222E-2,-8.354E-2
12.632,-9.677E-3,-8.363E-2
12.648,-5.856E-3,-8.364E-2
12.665,-1.343E-3,-8.348E-2
12.682,2.744E-3,-8.327E-2
12.699,5.480E-3,-8.304E-2
12.716,7.613E-3,-8.285E-2
12.733,9.120E-3,-8.264E-2
12.750,1.073E-2,-8.249E-2
12.766,8.805E-3,-8.264E-2
12.783,6.701E-3,-8.284E-2
12.800,3.909E-3,-8.307E-2
12.817,5.046E-4,-8.324E-2
12.834,-3.319E-3,-8.343E-2
12.851,-7.088E-3,-8.348E-2
12.867,-1.113E-2,-8.345E-2
12.884,-1.419E-2,-8.341E-2
12.901,-1.660E-2,-8.332E-2
12.918,-1.795E-2,-8.328E-2
12.935,-1.794E-2,-8.324E-2
12.952,-1.693E-2,-8.329E-2
12.968,-1.528E-2,-8.344E-2
12.985,-1.196E-2,-8.353E-2
13.002,-8.655E-3,-8.361E-2
13.019,-5.046E-3,-8.361E-2
13.036,-8.882E-4,-8.348E-2
13.053,2.879E-3,-8.326E-2
13.070,5.929E-3,-8.303E-2
13.086,8.095E-3,-8.282E-2
13.103,9.311E-3,-8.264E-2
13.120,9.256E-3,-8.265E-2
13.137,8.613E-3,-8.268E-2
13.154,6.504E-3,-8.287E-2
13.171,3.678E-3,-8.307E-2
13.187,3.514E-6,-8.333E-2
13.204,-4.060E-3,-8.346E-2
13.221,-7.743E-3,-8.346E-2
13.238,-1.148E-2,-8.346E-2
13.255,-1.475E-2,-8.344E-2
13.272,-1.639E-2,-8.333E-2
13.288,-1.763E-2,-8.326E-2
13.305,-1.772E-2,-8.326E-2
13.322,-1.670E-2,-8.339E-2
13.339,-1.461E-2,-8.345E-2
13.356,-1.124E-2,-8.354E-2
13.373,-8.062E-3,-8.362E-2
13.390,-4.440E-3,-8.360E-2
13.406,-4.938E-4,-8.343E-2
13.423,2.858E-3,-8.323E-2
13.440,5.772E-3,-8.302E-2
13.457,7.884E-3,-8.282E-2
13.474,8.967E-3,-8.269E-2
13.491,8.831E-3,-8.266E-2
13.507,7.204E-3,-8.281E-2
13.524,5.028E-3,-8.301E-2
13.541,2.157E-3,-8.325E-2
13.558,-1.702E-3,-8.344E-2
13.575,-5.846E-3,-8.359E-2
13.592,-9.329E-3,-8.359E-2
13.608,-1.281E-2,-8.359E-2
13.625,-1.554E-2,-8.350E-2
13.642,-1.738E-2,-8.342E-2
13.659,-1.825E-2,-8.339E-2
13.676,-1.816E-2,-8.342E-2
13.693,-1.649E-2,-8.347E-2
13.710,-1.436E-2,-8.360E-2
13.726,-1.113E-2,-8.368E-2
13.743,-7.479E-3,-8.369E-2
13.760,-3.843E-3,-8.366E-2
13.777,6.657E-5,-8.348E-2
13.794,3.580E-3,-8.328E-2
13.811,5.848E-3,-8.305E-2
13.827,7.820E-3,-8.289E-2
13.844,8.786E-3,-8.271E-2
13.861,8.456E-3,-8.271E-2
13.878,6.902E-3,-8.285E-2
13.895,4.477E-3,-8.303E-2
13.912,1.431E-3,-8.324E-2
13.928,-2.251E-3,-8.343E-2
13.945,-5.655E-3,-8.352E-2
13.962,-9.734E-3,-8.358E-2
13.979,-1.236E-2,-8.349E-2
13.996,-1.549E-2,-8.341E-2
14.013,-1.730E-2,-8.338E-2
14.030,-1.706E-2,-8.332E-2
14.046,-1.747E-2,-8.337E-2
14.063,-1.588E-2,-8.346E-2
14.080,-1.354E-2,-8.358E-2
14.097,-1.033E-2,-8.366E-2
14.114,-6.847E-3,-8.366E-2
14.131,-3.137E-3,-8.361E-2
14.147,2.803E-4,-8.344E-2
14.164,3.507E-3,-8.324E-2
14.181,5.985E-3,-8.301E-2
14.198,7.660E-3,-8.285E-2
14.215,8.015E-3,-8.280E-2
14.232,7.484E-3,-8.282E-2
14.248,5.882E-3,-8.298E-2
14.265,3.445E-3,-8.318E-2
14.282,1.760E-4,-8.340E-2
14.299,-2.969E-3,-8.352E-2
14.316,-6.995E-3,-8.359E-2
14.333,-1.056E-2,-8.360E-2
14.350,-1.317E-2,-8.353E-2
14.366,-1.574E-2,-8.347E-2
14.383,-1.747E-2,-8.341E-2
14.400,-1.798E-2,-8.339E-2
14.417,-1.705E-2,-8.342E-2
14.434,-1.469E-2,-8.350E-2
14.451,-1.278E-2,-8.363E-2
14.467,-9.140E-3,-8.369E-2
14.484,-5.965E-3,-8.365E-2
14.501,-2.437E-3,-8.360E-2
14.518,9.884E-4,-8.345E-2
14.535,3.741E-3,-8.321E-2
14.552,6.179E-3,-8.304E-2
14.568,7.839E-3,-8.289E-2
14.585,7.869E-3,-8.282E-2
14.602,7.298E-3,-8.285E-2
14.619,5.530E-3,-8.303E-2
14.636,3.002E-3,-8.326E-2
14.653,-2.467E-4,-8.345E-2
14.670,-3.320E-3,-8.350E-2
14.686,-7.583E-3,-8.361E-2
14.703,-1.084E-2,-8.360E-2
14.720,-1.331E-2,-8.352E-2
14.737,-1.586E-2,-8.345E-2
14.754,-1.725E-2,-8.342E-2
14.771,-1.749E-2,-8.343E-2
14.787,-1.665E-2,-8.346E-2
14.804,-1.454E-2,-8.353E-2
14.821,-1.215E-2,-8.360E-2
14.838,-8.868E-3,-8.366E-2
14.855,-5.355E-3,-8.366E-2
14.872,-1.108E-3,-8.348E-2
14.888,2.613E-3,-8.329E-2
14.905,5.399E-3,-8.309E-2
14.922,7.700E-3,-8.285E-2
14.939,7.953E-3,-8.282E-2
14.956,9.360E-3,-8.270E-2
14.973,8.097E-3,-8.281E-2
14.990,5.808E-3,-8.302E-2
15.006,2.822E-3,-8.322E-2
15.023,-5.053E-4,-8.342E-2
15.040,-3.652E-3,-8.354E-2
15.057,-7.819E-3,-8.360E-2
15.074,-1.151E-2,-8.361E-2
15.091,-1.374E-2,-8.352E-2
15.107,-1.608E-2,-8.345E-2
15.124,-1.705E-2,-8.343E-2
15.141,-1.728E-2,-8.340E-2
15.158,-1.593E-2,-8.348E-2
15.175,-1.454E-2,-8.358E-2
15.192,-1.157E-2,-8.365E-2
15.208,-8.078E-3,-8.371E-2
15.225,-4.697E-3,-8.365E-2
15.242,-6.660E-4,-8.348E-2
15.259,2.987E-3,-8.329E-2
15.276,5.764E-3,-8.308E-2
15.293,7.833E-3,-8.292E-2
15.310,8.159E-3,-8.282E-2
15.326,8.003E-3,-8.285E-2
15.343,7.457E-3,-8.288E-2
15.360,5.265E-3,-8.307E-2
15.377,2.420E-3,-8.329E-2
15.394,-9.833E-4,-8.343E-2
15.411,-4.142E-3,-8.353E-2
15.427,-8.420E-3,-8.359E-2
15.444,-1.098E-2,-8.351E-2
15.461,-1.401E-2,-8.349E-2
15.478,-1.628E-2,-8.344E-2
15.495,-1.724E-2,-8.341E-2
15.512,-1.692E-2,-8.344E-2
15.528,-1.543E-2,-8.348E-2
15.545,-1.307E-2,-8.351E-2
15.562,-1.081E-2,-8.362E-2
15.579,-7.382E-3,-8.365E-2
15.596,-4.300E-3,-8.362E-2
15.613,-3.783E-4,-8.346E-2
15.630,2.959E-3,-8.328E-2
15.646,5.502E-3,-8.306E-2
15.663,7.853E-3,-8.289E-2
15.680,7.854E-3,-8.285E-2
15.697,7.806E-3,-8.285E-2
15.714,7.078E-3,-8.289E-2
15.731,4.777E-3,-8.306E-2
15.747,1.813E-3,-8.328E-2
15.764,-1.776E-3,-8.344E-2
15.781,-4.980E-3,-8.350E-2
15.798,-8.929E-3,-8.360E-2
15.815,-1.157E-2,-8.354E-2
15.832,-1.433E-2,-8.347E-2
15.848,-1.631E-2,-8.341E-2
15.865,-1.696E-2,-8.343E-2
15.882,-1.640E-2,-8.344E-2
15.899,-1.493E-2,-8.350E-2
15.916,-1.234E-2,-8.354E-2
15.933,-1.057E-2,-8.363E-2
15.950,-6.753E-3,-8.366E-2
15.966,-4.050E-3,-8.363E-2
15.983,1.509E-4,-8.346E-2
16.000,3.378E-3,-8.328E-2
16.017,5.813E-3,-8.308E-2
16.034,8.020E-3,-8.289E-2
16.051,7.906E-3,-8.284E-2
16.067,7.596E-3,-8.287E-2
16.084,6.081E-3,-8.301E-2
16.101,3.619E-3,-8.319E-2
16.118,6.600E-4,-8.341E-2
16.135,-2.139E-3,-8.349E-2
16.152,-6.124E-3,-8.360E-2
16.168,-9.548E-3,-8.363E-2
16.185,-1.269E-2,-8.359E-2
16.202,-1.431E-2,-8.354E-2
16.219,-1.596E-2,-8.348E-2
16.236,-1.650E-2,-8.347E-2
16.253,-1.610E-2,-8.348E-2
16.270,-1.458E-2,-8.350E-2
16.286,-1.276E-2,-8.362E-2
16.303,-9.775E-3,-8.368E-2
16.320,-6.464E-3,-8.369E-2
16.337,-3.292E-3,-8.362E-2
16.354,1.651E-4,-8.348E-2
16.371,3.226E-3,-8.329E-2
16.387,5.521E-3,-8.307E-2
16.404,7.177E-3,-8.290E-2
16.421,7.438E-3,-8.286E-2
16.438,7.082E-3,-8.288E-2
16.455,5.431E-3,-8.302E-2
16.472,2.981E-3,-8.323E-2
16.488,-5.673E-5,-8.341E-2
16.505,-3.063E-3,-8.353E-2
16.522,-6.822E-3,-8.360E-2
16.539,-1.014E-2,-8.363E-2
16.556,-1.306E-2,-8.358E-2
16.573,-1.491E-2,-8.352E-2
16.590,-1.628E-2,-8.344E-2
16.606,-1.682E-2,-8.342E-2
16.623,-1.613E-2,-8.345E-2
16.640,-1.436E-2,-8.353E-2
16.657,-1.237E-2,-8.363E-2
16.674,-9.458E-3,-8.369E-2
16.691,-5.986E-3,-8.365E-2
16.707,-1.874E-3,-8.352E-2
16.724,6.532E-4,-8.341E-2
16.741,3.661E-3,-8.324E-2
16.758,5.753E-3,-8.306E-2
16.775,7.478E-3,-8.289E-2
16.792,7.660E-3,-8.285E-2
16.808,7.302E-3,-8.289E-2
16.825,5.605E-3,-8.304E-2
16.842,3.023E-3,-8.323E-2
16.859,-3.171E-4,-8.342E-2
16.876,-3.168E-3,-8.349E-2
16.893,-6.177E-3,-8.351E-2
16.910,-9.373E-3,-8.351E-2
16.926,-1.226E-2,-8.350E-2
16.943,-1.476E-2,-8.348E-2
16.960,-1.595E-2,-8.345E-2
16.977,-1.632E-2,-8.346E-2
16.994,-1.542E-2,-8.349E-2
17.011,-1.428E-2,-8.360E-2
17.027,-1.148E-2,-8.368E-2
17.044,-8.365E-3,-8.368E-2
17.061,-5.170E-3,-8.365E-2
17.078,-1.319E-3,-8.352E-2
17.095,9.832E-4,-8.342E-2
17.112,3.858E-3,-8.324E-2
17.128,6.088E-3,-8.307E-2
17.145,6.530E-3,-8.301E-2
17.162,6.847E-3,-8.301E-2
17.179,6.154E-3,-8.302E-2
17.196,5.643E-3,-8.309E-2
17.213,3.104E-3,-8.324E-2
17.230,-1.705E-4,-8.343E-2
17.246,-4.018E-3,-8.362E-2
17.263,-7.239E-3,-8.366E-2
17.280,-1.044E-2,-8.368E-2
17.297,-1.306E-2,-8.363E-2
17.314,-1.461E-2,-8.354E-2
17.331,-1.597E-2,-8.348E-2
17.347,-1.613E-2,-8.349E-2
17.364,-1.570E-2,-8.359E-2
17.381,-1.388E-2,-8.365E-2
17.398,-1.123E-2,-8.367E-2
17.415,-7.838E-3,-8.371E-2
17.432,-4.800E-3,-8.366E-2
17.448,-1.846E-3,-8.363E-2
17.465,1.247E-3,-8.343E-2
17.482,4.140E-3,-8.326E-2
17.499,6.192E-3,-8.309E-2
17.516,6.784E-3,-8.303E-2
17.533,6.841E-3,-8.303E-2
17.550,6.127E-3,-8.307E-2
17.566,4.205E-3,-8.323E-2
17.583,1.638E-3,-8.339E-2
17.600,-4.125E-4,-8.351E-2
17.617,-4.339E-3,-8.364E-2
17.634,-7.502E-3,-8.367E-2
17.651,-1.076E-2,-8.368E-2
17.667,-1.339E-2,-8.364E-2
17.684,-1.520E-2,-8.358E-2
17.701,-1.582E-2,-8.354E-2
17.718,-1.580E-2,-8.352E-2
17.735,-1.519E-2,-8.359E-2
17.752,-1.326E-2,-8.366E-2
17.768,-1.053E-2,-8.372E-2
17.785,-7.395E-3,-8.372E-2
17.802,-4.287E-3,-8.368E-2
17.819,-1.455E-3,-8.359E-2
17.836,1.507E-3,-8.343E-2
17.853,4.110E-3,-8.324E-2
17.870,6.248E-3,-8.311E-2
17.886,6.714E-3,-8.304E-2
17.903,6.621E-3,-8.304E-2
17.920,5.944E-3,-8.309E-2
17.937,3.903E-3,-8.325E-2
17.954,1.134E-3,-8.341E-2
17.971,-1.234E-3,-8.352E-2
17.987,-5.007E-3,-8.361E-2
18.004,-7.978E-3,-8.367E-2
18.021,-1.097E-2,-8.364E-2
18.038,-1.325E-2,-8.361E-2
18.055,-1.497E-2,-8.359E-2
18.072,-1.552E-2,-8.355E-2
18.088,-1.544E-2,-8.352E-2
18.105,-1.424E-2,-8.351E-2
18.122,-1.273E-2,-8.361E-2
18.139,-9.968E-3,-8.368E-2
18.156,-6.822E-3,-8.368E-2
18.173,-3.657E-3,-8.367E-2
18.190,2.308E-4,-8.351E-2
18.206,2.158E-3,-8.342E-2
18.223,4.467E-3,-8.323E-2
18.240,6.555E-3,-8.306E-2
18.257,6.906E-3,-8.300E-2
18.274,6.641E-3,-8.302E-2
18.291,5.951E-3,-8.308E-2
18.307,3.846E-3,-8.324E-2
18.324,1.127E-3,-8.345E-2
18.341,-2.140E-3,-8.363E-2
18.358,-5.194E-3,-8.368E-2
18.375,-8.165E-3,-8.367E-2
18.392,-1.137E-2,-8.363E-2
18.408,-1.371E-2,-8.362E-2
18.425,-1.530E-2,-8.362E-2
18.442,-1.581E-2,-8.362E-2
18.459,-1.554E-2,-8.365E-2
18.476,-1.420E-2,-8.367E-2
18.493,-1.248E-2,-8.371E-2
18.510,-1.022E-2,-8.377E-2
18.526,-6.419E-3,-8.373E-2
18.543,-3.387E-3,-8.366E-2
18.560,-8.175E-4,-8.360E-2
18.577,2.070E-3,-8.344E-2
18.594,4.717E-3,-8.327E-2
18.611,6.859E-3,-8.305E-2
18.627,6.980E-3,-8.304E-2
18.644,6.600E-3,-8.306E-2
18.661,6.122E-3,-8.309E-2
18.678,3.858E-3,-8.325E-2
18.695,9.482E-4,-8.344E-2
18.712,-2.409E-3,-8.363E-2
18.728,-5.229E-3,-8.369E-2
18.745,-8.303E-3,-8.366E-2
18.762,-1.138E-2,-8.364E-2
18.779,-1.364E-2,-8.361E-2
18.796,-1.433E-2,-8.353E-2
18.813,-1.501E-2,-8.353E-2
18.830,-1.517E-2,-8.361E-2
18.846,-1.368E-2,-8.366E-2
18.863,-1.162E-2,-8.369E-2
18.880,-8.771E-3,-8.369E-2
18.897,-5.899E-3,-8.369E-2
18.914,-2.769E-3,-8.363E-2
18.931,6.704E-4,-8.349E-2
18.947,3.374E-3,-8.334E-2
18.964,4.983E-3,-8.320E-2
18.981,6.936E-3,-8.307E-2
18.998,7.204E-3,-8.302E-2
19.015,6.751E-3,-8.303E-2
19.032,5.946E-3,-8.311E-2
19.048,3.377E-3,-8.324E-2
19.065,5.811E-4,-8.343E-2
19.082,-2.772E-3,-8.360E-2
19.099,-5.455E-3,-8.367E-2
19.116,-8.292E-3,-8.367E-2
19.133,-1.113E-2,-8.367E-2
19.150,-1.366E-2,-8.363E-2
19.166,-1.458E-2,-8.353E-2
19.183,-1.506E-2,-8.352E-2
19.200,-1.450E-2,-8.352E-2
19.217,-1.334E-2,-8.362E-2
19.234,-1.117E-2,-8.366E-2
19.251,-8.591E-3,-8.370E-2
19.267,-5.595E-3,-8.368E-2
19.284,-2.806E-3,-8.364E-2
19.301,5.858E-4,-8.349E-2
19.318,3.287E-3,-8.326E-2
19.335,4.819E-3,-8.322E-2
19.352,6.552E-3,-8.307E-2
19.368,6.701E-3,-8.304E-2
19.385,6.331E-3,-8.306E-2
19.402,5.292E-3,-8.313E-2
19.419,2.963E-3,-8.328E-2
19.436,3.586E-4,-8.344E-2
19.453,-3.000E-3,-8.359E-2
19.470,-5.692E-3,-8.367E-2
19.486,-8.637E-3,-8.366E-2
19.503,-1.163E-2,-8.366E-2
19.520,-1.355E-2,-8.363E-2
19.537,-1.509E-2,-8.360E-2
19.554,-1.551E-2,-8.363E-2
19.571,-1.489E-2,-8.363E-2
19.587,-1.321E-2,-8.368E-2
19.604,-1.090E-2,-8.372E-2
19.621,-8.771E-3,-8.379E-2
19.638,-5.901E-3,-8.379E-2
19.655,-2.501E-3,-8.367E-2
19.672,7.653E-4,-8.351E-2
19.688,3.529E-3,-8.332E-2
19.705,4.822E-3,-8.323E-2
19.722,6.242E-3,-8.310E-2
19.739,6.449E-3,-8.308E-2
19.756,5.420E-3,-8.320E-2
19.773,4.349E-3,-8.327E-2
19.790,2.010E-3,-8.345E-2
19.806,-2.336E-4,-8.352E-2
19.823,-3.402E-3,-8.363E-2
19.840,-6.299E-3,-8.367E-2
19.857,-8.917E-3,-8.370E-2
19.874,-1.162E-2,-8.366E-2
19.891,-1.358E-2,-8.365E-2
19.907,-1.478E-2,-8.362E-2
19.924,-1.504E-2,-8.363E-2
19.941,-1.443E-2,-8.365E-2
19.958,-1.279E-2,-8.368E-2
19.975,-1.029E-2,-8.371E-2
19.992,-7.511E-3,-8.371E-2
20.008,-4.479E-3,-8.371E-2
20.025,-1.926E-3,-8.366E-2
20.042,1.522E-3,-8.350E-2
20.059,3.990E-3,-8.331E-2
20.076,5.032E-3,-8.321E-2
20.093,6.566E-3,-8.310E-2
20.110,6.634E-3,-8.307E-2
20.126,6.047E-3,-8.310E-2
20.143,4.379E-3,-8.325E-2
20.160,2.026E-3,-8.344E-2
20.177,-5.903E-5,-8.351E-2
20.194,-3.516E-3,-8.363E-2
20.211,-6.406E-3,-8.366E-2
20.227,-9.359E-3,-8.366E-2
20.244,-1.172E-2,-8.364E-2
20.261,-1.355E-2,-8.364E-2
20.278,-1.467E-2,-8.361E-2
20.295,-1.481E-2,-8.363E-2
20.312,-1.409E-2,-8.365E-2
20.328,-1.247E-2,-8.369E-2
20.345,-1.012E-2,-8.371E-2
20.362,-7.433E-3,-8.373E-2
20.379,-4.609E-3,-8.369E-2
20.396,-1.834E-3,-8.366E-2
20.413,1.262E-3,-8.350E-2
20.430,2.979E-3,-8.341E-2
20.446,4.879E-3,-8.326E-2
20.463,6.515E-3,-8.311E-2
20.480,6.719E-3,-8.308E-2
20.497,5.141E-3,-8.322E-2
20.514,4.423E-3,-8.327E-2
20.531,1.653E-3,-8.343E-2
20.547,-1.346E-3,-8.361E-2
20.564,-3.733E-3,-8.368E-2
20.581,-6.473E-3,-8.372E-2
20.598,-9.365E-3,-8.370E-2
20.615,-1.199E-2,-8.365E-2
20.632,-1.376E-2,-8.363E-2
20.648,-1.492E-2,-8.362E-2
20.665,-1.493E-2,-8.363E-2
20.682,-1.396E-2,-8.367E-2
20.699,-1.226E-2,-8.371E-2
20.716,-1.040E-2,-8.381E-2
20.733,-7.886E-3,-8.383E-2
20.750,-5.278E-3,-8.380E-2
20.766,-2.008E-3,-8.368E-2
20.783,1.394E-3,-8.349E-2
20.800,3.958E-3,-8.331E-2
20.817,4.876E-3,-8.324E-2
20.834,5.491E-3,-8.324E-2
20.851,5.525E-3,-8.324E-2
20.867,4.960E-3,-8.328E-2
20.884,3.895E-3,-8.330E-2
20.901,1.027E-3,-8.344E-2
20.918,-1.819E-3,-8.362E-2
20.935,-5.065E-3,-8.380E-2
20.952,-7.510E-3,-8.384E-2
20.968,-1.027E-2,-8.385E-2
20.985,-1.261E-2,-8.380E-2
21.002,-1.368E-2,-8.371E-2
21.019,-1.481E-2,-8.365E-2
21.036,-1.479E-2,-8.367E-2
21.053,-1.375E-2,-8.371E-2
21.070,-1.255E-2,-8.379E-2
21.086,-1.019E-2,-8.387E-2
21.103,-7.437E-3,-8.388E-2
21.120,-4.815E-3,-8.383E-2
21.137,-1.207E-3,-8.368E-2
21.154,1.503E-3,-8.350E-2
21.171,2.860E-3,-8.339E-2
21.187,4.929E-3,-8.326E-2
21.204,5.392E-3,-8.325E-2
21.221,5.452E-3,-8.326E-2
21.238,4.920E-3,-8.331E-2
21.255,2.905E-3,-8.344E-2
21.272,1.238E-3,-8.350E-2
21.288,-1.988E-3,-8.365E-2
21.305,-4.506E-3,-8.370E-2
21.322,-8.061E-3,-8.381E-2
21.339,-1.060E-2,-8.381E-2
21.356,-1.198E-2,-8.372E-2
21.373,-1.361E-2,-8.369E-2
21.390,-1.450E-2,-8.368E-2
21.406,-1.429E-2,-8.371E-2
21.423,-1.331E-2,-8.371E-2
21.440,-1.231E-2,-8.380E-2
21.457,-9.969E-3,-8.385E-2
21.474,-7.136E-3,-8.385E-2
21.491,-4.422E-3,-8.382E-2
21.507,-1.202E-3,-8.370E-2
21.524,7.921E-4,-8.359E-2
21.541,3.380E-3,-8.347E-2
21.558,5.125E-3,-8.330E-2
21.575,5.509E-3,-8.326E-2
21.592,5.517E-3,-8.327E-2
21.608,4.798E-3,-8.329E-2
21.625,2.876E-3,-8.345E-2
21.642,3.359E-4,-8.358E-2
21.659,-2.042E-3,-8.369E-2
21.676,-4.646E-3,-8.374E-2
21.693,-8.137E-3,-8.380E-2
21.710,-1.068E-2,-8.381E-2
21.726,-1.276E-2,-8.381E-2
21.743,-1.413E-2,-8.379E-2
21.760,-1.412E-2,-8.373E-2
21.777,-1.444E-2,-8.379E-2
21.794,-1.353E-2,-8.384E-2
21.811,-1.188E-2,-8.385E-2
21.827,-9.467E-3,-8.388E-2
21.844,-6.888E-3,-8.387E-2
21.861,-4.179E-3,-8.382E-2
21.878,-1.019E-3,-8.373E-2
21.895,1.008E-3,-8.362E-2
21.912,3.180E-3,-8.349E-2
21.928,4.145E-3,-8.343E-2
21.945,4.507E-3,-8.340E-2
21.962,5.150E-3,-8.332E-2
21.979,3.682E-3,-8.340E-2
21.996,2.564E-3,-8.353E-2
22.013,9.923E-5,-8.366E-2
22.030,-2.851E-3,-8.383E-2
22.046,-5.430E-3,-8.388E-2
22.063,-8.148E-3,-8.387E-2
22.080,-1.060E-2,-8.386E-2
22.097,-1.267E-2,-8.380E-2
22.114,-1.353E-2,-8.373E-2
22.131,-1.400E-2,-8.371E-2
22.147,-1.378E-2,-8.371E-2
22.164,-1.333E-2,-8.381E-2
22.181,-1.134E-2,-8.386E-2
22.198,-9.137E-3,-8.388E-2
22.215,-6.368E-3,-8.388E-2
22.232,-4.091E-3,-8.382E-2
22.248,-9.822E-4,-8.366E-2
22.265,9.335E-4,-8.361E-2
22.282,3.367E-3,-8.349E-2
22.299,4.318E-3,-8.342E-2
22.316,5.473E-3,-8.330E-2
22.333,5.350E-3,-8.330E-2
22.350,3.734E-3,-8.342E-2
22.366,2.633E-3,-8.348E-2
22.383,-4.507E-5,-8.362E-2
22.400,-2.170E-3,-8.371E-2
22.417,-5.379E-3,-8.382E-2
22.434,-8.056E-3,-8.384E-2
22.451,-1.052E-2,-8.385E-2
22.467,-1.277E-2,-8.379E-2
22.484,-1.396E-2,-8.379E-2
22.501,-1.382E-2,-8.372E-2
22.518,-1.359E-2,-8.372E-2
22.535,-1.310E-2,-8.379E-2
22.552,-1.125E-2,-8.387E-2
22.568,-8.869E-3,-8.389E-2
22.585,-6.067E-3,-8.388E-2
22.602,-3.686E-3,-8.383E-2
22.619,-5.472E-4,-8.367E-2
22.636,1.196E-3,-8.364E-2
22.653,3.356E-3,-8.346E-2
22.670,4.122E-3,-8.341E-2
22.686,5.223E-3,-8.333E-2
22.703,5.249E-3,-8.330E-2
22.720,3.548E-3,-8.344E-2
22.737,2.533E-3,-8.350E-2
22.754,-1.656E-4,-8.367E-2
22.771,-2.254E-3,-8.371E-2
22.787,-5.834E-3,-8.382E-2
22.804,-8.441E-3,-8.384E-2
22.821,-1.076E-2,-8.382E-2
22.838,-1.268E-2,-8.381E-2
22.855,-1.348E-2,-8.375E-2
22.872,-1.391E-2,-8.372E-2
22.888,-1.350E-2,-8.371E-2
22.905,-1.232E-2,-8.374E-2
22.922,-1.108E-2,-8.382E-2
22.939,-8.723E-3,-8.388E-2
22.956,-6.327E-3,-8.384E-2
22.973,-3.847E-3,-8.381E-2
22.990,-7.698E-4,-8.367E-2
23.006,1.888E-3,-8.351E-2
23.023,3.046E-3,-8.343E-2
23.040,5.046E-3,-8.328E-2
23.057,5.388E-3,-8.327E-2
23.074,5.178E-3,-8.330E-2
23.091,3.341E-3,-8.343E-2
23.107,2.059E-3,-8.348E-2
23.124,-6.716E-4,-8.361E-2
23.141,-2.913E-3,-8.367E-2
23.158,-5.323E-3,-8.373E-2
23.175,-8.776E-3,-8.379E-2
23.192,-1.053E-2,-8.372E-2
23.208,-1.231E-2,-8.369E-2
23.225,-1.347E-2,-8.368E-2
23.242,-1.365E-2,-8.367E-2
23.259,-1.317E-2,-8.368E-2
23.276,-1.187E-2,-8.372E-2
23.293,-1.086E-2,-8.380E-2
23.310,-8.547E-3,-8.383E-2
23.326,-6.097E-3,-8.383E-2
23.343,-3.651E-3,-8.380E-2
23.360,-9.972E-4,-8.367E-2
23.377,1.423E-3,-8.351E-2
23.394,2.759E-3,-8.340E-2
23.411,3.720E-3,-8.339E-2
23.427,4.074E-3,-8.338E-2
23.444,3.783E-3,-8.343E-2
23.461,2.994E-3,-8.350E-2
23.478,8.610E-4,-8.360E-2
23.495,-9.880E-4,-8.370E-2
23.512,-3.887E-3,-8.381E-2
23.528,-6.341E-3,-8.386E-2
23.545,-8.835E-3,-8.385E-2
23.562,-1.121E-2,-8.384E-2
23.579,-1.302E-2,-8.380E-2
23.596,-1.400E-2,-8.381E-2
23.613,-1.441E-2,-8.378E-2
23.630,-1.393E-2,-8.385E-2
23.646,-1.260E-2,-8.385E-2
23.663,-1.081E-2,-8.387E-2
23.680,-8.473E-3,-8.390E-2
23.697,-6.058E-3,-8.388E-2
23.714,-3.688E-3,-8.385E-2
23.731,-1.371E-3,-8.379E-2
23.747,1.003E-3,-8.367E-2
23.764,2.421E-3,-8.361E-2
23.781,3.949E-3,-8.349E-2
23.798,4.070E-3,-8.341E-2
23.815,3.716E-3,-8.343E-2
23.832,2.762E-3,-8.352E-2
23.848,6.748E-4,-8.364E-2
23.865,-1.404E-3,-8.375E-2
23.882,-4.184E-3,-8.383E-2
23.899,-6.386E-3,-8.389E-2
23.916,-8.782E-3,-8.387E-2
23.933,-1.114E-2,-8.386E-2
23.950,-1.300E-2,-8.384E-2
23.966,-1.407E-2,-8.381E-2
23.983,-1.428E-2,-8.383E-2
24.000,-1.380E-2,-8.386E-2
24.017,-1.235E-2,-8.390E-2
24.034,-1.047E-2,-8.391E-2
24.051,-8.308E-3,-8.390E-2
24.067,-5.906E-3,-8.389E-2
24.084,-3.483E-3,-8.384E-2
24.101,-6.088E-4,-8.373E-2
24.118,1.103E-3,-8.363E-2
24.135,2.930E-3,-8.348E-2
24.152,3.727E-3,-8.344E-2
24.168,3.933E-3,-8.344E-2
24.185,3.577E-3,-8.344E-2
24.202,2.583E-3,-8.353E-2
24.219,6.294E-4,-8.363E-2
24.236,-1.343E-3,-8.372E-2
24.253,-4.196E-3,-8.383E-2
24.270,-6.662E-3,-8.387E-2
24.286,-9.120E-3,-8.387E-2
24.303,-1.129E-2,-8.386E-2
24.320,-1.300E-2,-8.383E-2
24.337,-1.384E-2,-8.383E-2
24.354,-1.403E-2,-8.384E-2
24.371,-1.360E-2,-8.384E-2
24.387,-1.227E-2,-8.389E-2
24.404,-1.057E-2,-8.390E-2
24.421,-8.127E-3,-8.391E-2
24.438,-5.726E-3,-8.389E-2
24.455,-3.317E-3,-8.385E-2
24.472,-6.574E-4,-8.368E-2
24.488,1.184E-3,-8.361E-2
24.505,2.972E-3,-8.350E-2
24.522,3.904E-3,-8.344E-2
24.539,3.915E-3,-8.342E-2
24.556,3.540E-3,-8.348E-2
24.573,2.455E-3,-8.351E-2
24.590,4.423E-4,-8.365E-2
24.606,-1.582E-3,-8.369E-2
24.623,-4.317E-3,-8.382E-2
24.640,-6.702E-3,-8.387E-2
24.657,-9.067E-3,-8.387E-2
24.674,-1.110E-2,-8.386E-2
24.691,-1.282E-2,-8.383E-2
24.707,-1.365E-2,-8.382E-2
24.724,-1.402E-2,-8.380E-2
24.741,-1.347E-2,-8.384E-2
24.758,-1.201E-2,-8.387E-2
24.775,-1.023E-2,-8.390E-2
24.792,-7.922E-3,-8.390E-2
24.809,-5.469E-3,-8.390E-2
24.825,-3.153E-3,-8.385E-2
24.842,-5.354E-4,-8.371E-2
24.859,1.150E-3,-8.363E-2
24.876,3.067E-3,-8.349E-2
24.893,3.712E-3,-8.344E-2
24.910,3.875E-3,-8.340E-2
24.926,3.395E-3,-8.346E-2
24.943,2.514E-3,-8.351E-2
24.960,4.395E-4,-8.364E-2
24.977,-1.552E-3,-8.371E-2
24.994,-4.241E-3,-8.382E-2
25.011,-6.810E-3,-8.385E-2
25.027,-9.020E-3,-8.386E-2
25.044,-1.101E-2,-8.384E-2
25.061,-1.256E-2,-8.383E-2
25.078,-1.343E-2,-8.382E-2
25.095,-1.365E-2,-8.383E-2
25.112,-1.307E-2,-8.384E-2
25.129,-1.181E-2,-8.388E-2
25.145,-9.711E-3,-8.391E-2
25.162,-7.554E-3,-8.390E-2
25.179,-5.146E-3,-8.389E-2
25.196,-2.769E-3,-8.384E-2
25.213,-2.103E-4,-8.373E-2
25.230,1.460E-3,-8.362E-2
25.246,3.312E-3,-8.350E-2
25.263,3.866E-3,-8.342E-2
25.280,3.860E-3,-8.340E-2
25.297,3.487E-3,-8.345E-2
25.314,2.442E-3,-8.352E-2
25.331,5.950E-4,-8.365E-2
25.347,-1.469E-3,-8.374E-2
25.364,-4.302E-3,-8.381E-2
25.381,-6.553E-3,-8.385E-2
25.398,-8.835E-3,-8.384E-2
25.415,-1.071E-2,-8.384E-2
25.432,-1.260E-2,-8.380E-2
25.449,-1.341E-2,-8.382E-2
25.465,-1.345E-2,-8.382E-2
25.482,-1.274E-2,-8.384E-2
25.499,-1.142E-2,-8.388E-2
25.516,-9.667E-3,-8.388E-2
25.533,-7.464E-3,-8.388E-2
25.550,-5.058E-3,-8.388E-2
25.566,-2.905E-3,-8.380E-2
25.583,-2.682E-4,-8.369E-2
25.600,1.473E-3,-8.363E-2
25.617,3.117E-3,-8.350E-2
25.634,3.791E-3,-8.346E-2
25.651,3.770E-3,-8.344E-2
25.667,3.331E-3,-8.347E-2
25.684,2.424E-3,-8.353E-2
25.701,2.660E-4,-8.366E-2
25.718,-1.448E-3,-8.371E-2
25.735,-4.417E-3,-8.382E-2
25.752,-6.740E-3,-8.387E-2
25.769,-8.885E-3,-8.387E-2
25.785,-1.088E-2,-8.386E-2
25.802,-1.255E-2,-8.382E-2
25.819,-1.335E-2,-8.382E-2
25.836,-1.340E-2,-8.383E-2
25.853,-1.268E-2,-8.386E-2
25.870,-1.138E-2,-8.386E-2
25.886,-9.589E-3,-8.388E-2
25.903,-7.428E-3,-8.388E-2
25.920,-5.134E-3,-8.384E-2
25.937,-2.804E-3,-8.382E-2
