,mass A,,
t,x,y,
0.000,3.996E-2,-9.215E-2
0.017,3.991E-2,-9.205E-2
0.034,3.978E-2,-9.183E-2
0.051,3.983E-2,-9.177E-2
0.067,3.985E-2,-9.182E-2
0.084,3.983E-2,-9.195E-2
0.101,3.988E-2,-9.197E-2
0.118,4.012E-2,-8.991E-2
0.135,4.074E-2,-9.935E-2
0.152,3.918E-2,-0.101
0.168,3.922E-2,-0.102
0.185,3.919E-2,-0.102
0.202,3.905E-2,-0.102
0.219,3.906E-2,-0.102
0.236,3.909E-2,-0.102
0.253,3.910E-2,-0.102
0.270,3.912E-2,-0.102
0.286,3.915E-2,-0.102
0.303,3.912E-2,-0.102
0.320,3.919E-2,-0.102
0.337,3.921E-2,-0.102
0.354,3.920E-2,-0.102
0.371,3.914E-2,-0.102
0.387,3.914E-2,-0.102
0.404,3.912E-2,-0.102
0.421,3.914E-2,-0.102
0.438,3.915E-2,-0.102
0.455,3.916E-2,-0.102
0.472,3.914E-2,-0.102
0.488,3.914E-2,-0.102
0.505,3.916E-2,-0.102
0.522,3.913E-2,-0.102
0.539,3.913E-2,-0.101
0.556,3.915E-2,-0.102
0.573,3.916E-2,-0.102
0.590,3.916E-2,-0.102
0.606,3.916E-2,-0.102
0.623,3.916E-2,-0.102
0.640,3.916E-2,-0.101
0.657,3.915E-2,-0.101
0.674,3.915E-2,-0.101
0.691,3.915E-2,-0.101
0.707,3.915E-2,-0.102
0.724,3.915E-2,-0.101
0.741,3.915E-2,-0.101
0.758,3.916E-2,-0.102
0.775,3.917E-2,-0.101
0.792,3.917E-2,-0.101
0.809,3.917E-2,-0.101
0.825,3.916E-2,-0.101
0.842,3.918E-2,-0.102
0.859,3.916E-2,-0.102
0.876,3.916E-2,-0.101
0.893,3.914E-2,-0.101
0.910,3.915E-2,-0.101
0.926,3.915E-2,-0.101
0.943,3.914E-2,-0.101
0.960,3.915E-2,-0.101
0.977,3.914E-2,-0.101
0.994,3.915E-2,-0.101
1.011,3.920E-2,-0.102
1.028,3.918E-2,-0.102
1.044,3.917E-2,-0.101
1.061,3.917E-2,-0.102
1.078,3.935E-2,-0.101
1.095,3.943E-2,-0.101
1.112,3.943E-2,-0.101
1.129,3.962E-2,-0.101
1.145,3.973E-2,-0.101
1.162,3.976E-2,-0.101
1.179,3.976E-2,-0.101
1.196,3.956E-2,-0.101
1.213,3.943E-2,-0.101
1.230,3.941E-2,-0.101
1.247,3.931E-2,-0.101
1.263,3.918E-2,-0.101
1.280,3.917E-2,-0.102
1.297,3.903E-2,-0.102
1.314,3.897E-2,-0.102
1.331,3.893E-2,-0.102
1.348,3.893E-2,-0.102
1.364,3.893E-2,-0.102
1.381,3.893E-2,-0.102
1.398,3.894E-2,-0.102
1.415,3.902E-2,-0.102
1.432,3.904E-2,-0.102
1.449,3.905E-2,-0.102
1.465,3.905E-2,-0.102
1.482,3.904E-2,-0.102
1.499,3.906E-2,-0.102
1.516,3.911E-2,-0.102
1.533,3.911E-2,-0.102
1.550,3.915E-2,-0.102
1.567,3.909E-2,-0.102
1.583,3.910E-2,-0.102
1.600,3.910E-2,-0.102
1.617,3.904E-2,-0.102
1.634,3.901E-2,-0.102
1.651,3.902E-2,-0.102
1.668,3.900E-2,-0.102
1.684,3.900E-2,-0.102
1.701,3.901E-2,-0.102
1.718,3.900E-2,-0.102
1.735,3.901E-2,-0.102
1.752,3.901E-2,-0.102
1.769,3.898E-2,-0.102
1.786,3.899E-2,-0.102
1.802,3.898E-2,-0.102
1.819,3.899E-2,-0.102
1.836,3.899E-2,-0.102
1.853,3.901E-2,-0.102
1.870,3.900E-2,-0.102
1.887,3.899E-2,-0.102
1.903,3.901E-2,-0.101
1.920,3.900E-2,-0.101
1.937,3.901E-2,-0.101
1.954,3.900E-2,-0.101
1.971,3.899E-2,-0.101
1.988,3.899E-2,-0.101
2.005,3.899E-2,-0.101
2.021,3.897E-2,-0.101
2.038,3.897E-2,-0.101
2.055,3.901E-2,-0.101
2.072,3.900E-2,-0.101
2.089,3.897E-2,-0.101
2.106,3.898E-2,-0.101
2.122,3.897E-2,-0.101
2.139,3.898E-2,-0.101
2.156,3.898E-2,-0.101
2.173,3.898E-2,-0.101
2.190,3.899E-2,-0.101
2.207,3.899E-2,-0.101
2.223,3.898E-2,-0.101
2.240,3.898E-2,-0.101
2.257,3.897E-2,-0.101
2.274,3.898E-2,-0.101
2.291,3.898E-2,-0.101
2.308,3.898E-2,-0.101
2.325,3.897E-2,-0.101
2.341,3.897E-2,-0.101
2.358,3.897E-2,-0.101
2.375,3.897E-2,-0.101
2.392,3.897E-2,-0.101
2.409,3.898E-2,-0.101
2.426,3.898E-2,-0.101
2.442,3.898E-2,-0.101
2.459,3.898E-2,-0.101
2.476,3.895E-2,-0.101
2.493,3.896E-2,-0.101
2.510,3.896E-2,-0.101
2.527,3.896E-2,-0.101
2.544,3.896E-2,-0.101
2.560,3.897E-2,-0.101
2.577,3.897E-2,-0.101
2.594,3.897E-2,-0.101
2.611,3.897E-2,-0.101
2.628,3.898E-2,-0.101
2.645,3.899E-2,-0.101
2.661,3.899E-2,-0.101
2.678,3.899E-2,-0.101
2.695,3.898E-2,-0.101
2.712,3.898E-2,-0.101
2.729,3.898E-2,-0.101
2.746,3.898E-2,-0.101
2.763,3.898E-2,-0.101
2.779,3.898E-2,-0.101
2.796,3.897E-2,-0.101
2.813,3.898E-2,-0.101
2.830,3.898E-2,-0.101
2.847,3.898E-2,-0.101
2.864,3.900E-2,-0.101
2.880,3.900E-2,-0.101
2.897,3.900E-2,-0.101
2.914,3.899E-2,-0.101
2.931,3.899E-2,-0.101
2.948,3.899E-2,-0.101
2.965,3.899E-2,-0.101
2.982,3.899E-2,-0.101
2.998,3.899E-2,-0.101
3.015,3.900E-2,-0.101
3.032,3.901E-2,-0.102
3.049,3.900E-2,-0.102
3.066,3.902E-2,-0.102
3.083,3.901E-2,-0.102
3.099,3.901E-2,-0.102
3.116,3.902E-2,-0.103
3.133,3.917E-2,-0.103
3.150,3.918E-2,-0.103
3.167,3.922E-2,-0.103
3.184,3.919E-2,-0.103
3.200,3.928E-2,-0.103
3.217,3.939E-2,-0.103
3.234,3.939E-2,-0.103
3.251,3.941E-2,-0.103
3.268,3.954E-2,-0.103
3.285,3.960E-2,-0.104
3.302,3.963E-2,-0.104
3.318,3.963E-2,-0.104
3.335,3.962E-2,-0.104
3.352,3.971E-2,-0.104
3.369,3.974E-2,-0.104
3.386,3.975E-2,-0.104
3.403,3.974E-2,-0.104
3.419,3.972E-2,-0.104
3.436,3.973E-2,-0.104
3.453,3.973E-2,-0.104
3.470,3.974E-2,-0.104
3.487,3.976E-2,-0.104
3.504,3.972E-2,-0.104
3.521,3.976E-2,-0.104
3.537,3.976E-2,-0.104
3.554,3.976E-2,-0.105
3.571,3.977E-2,-0.105
3.588,3.976E-2,-0.105
3.605,3.977E-2,-0.105
3.622,3.971E-2,-0.105
3.638,3.969E-2,-0.105
3.655,3.971E-2,-0.105
3.672,3.969E-2,-0.105
3.689,3.972E-2,-0.105
3.706,3.972E-2,-0.105
3.723,3.973E-2,-0.105
3.740,3.972E-2,-0.105
3.756,3.972E-2,-0.105
3.773,3.972E-2,-0.105
3.790,3.972E-2,-0.105
3.807,3.972E-2,-0.105
3.824,3.972E-2,-0.105
3.841,3.972E-2,-0.105
3.857,3.972E-2,-0.105
3.874,3.971E-2,-0.105
3.891,3.971E-2,-0.105
3.908,3.991E-2,-0.105
3.925,4.052E-2,-0.105
3.942,4.285E-2,-0.106
3.959,4.793E-2,-0.106
3.975,5.530E-2,-0.107
3.992,6.508E-2,-0.106
4.009,7.558E-2,-0.107
4.026,8.720E-2,-0.107
4.043,0.102,-0.103
4.060,0.113,-0.102
4.076,0.123,-0.101
4.093,0.129,-0.103
4.110,0.135,-0.102
4.127,0.139,-0.101
4.144,0.141,-0.101
4.161,0.140,-0.101
4.177,0.136,-0.102
4.194,0.130,-0.103
4.211,0.122,-0.105
4.228,0.112,-0.106
4.245,0.101,-0.107
4.262,8.960E-2,-0.107
4.279,7.803E-2,-0.107
4.295,6.722E-2,-0.106
4.312,5.771E-2,-0.105
4.329,4.974E-2,-0.104
4.346,4.398E-2,-0.104
4.363,4.082E-2,-0.103
4.380,4.067E-2,-0.103
4.396,4.326E-2,-0.104
4.413,4.881E-2,-0.104
4.430,5.631E-2,-0.105
4.447,6.630E-2,-0.105
4.464,7.803E-2,-0.104
4.481,8.957E-2,-0.104
4.498,0.101,-0.104
4.514,0.112,-0.103
4.531,0.122,-0.102
4.548,0.130,-0.100
4.565,0.136,-9.953E-2
4.582,0.142,-9.779E-2
4.599,0.143,-9.741E-2
4.615,0.142,-9.765E-2
4.632,0.138,-9.864E-2
4.649,0.131,-9.995E-2
4.666,0.122,-0.101
4.683,0.112,-0.103
4.700,0.101,-0.103
4.717,8.979E-2,-0.104
4.733,7.821E-2,-0.104
4.750,6.755E-2,-0.103
4.767,5.808E-2,-0.102
4.784,5.099E-2,-0.101
4.801,4.388E-2,-0.103
4.818,4.118E-2,-0.102
4.834,4.131E-2,-0.102
4.851,4.447E-2,-0.103
4.868,5.017E-2,-0.103
4.885,5.917E-2,-0.102
4.902,6.823E-2,-0.103
4.919,7.895E-2,-0.104
4.935,9.049E-2,-0.104
4.952,0.102,-0.103
4.969,0.114,-0.102
4.986,0.123,-0.101
5.003,0.133,-9.718E-2
5.020,0.140,-9.616E-2
5.037,0.144,-9.554E-2
5.053,0.145,-9.512E-2
5.070,0.144,-9.534E-2
5.087,0.140,-9.633E-2
5.104,0.132,-9.754E-2
5.121,0.123,-0.101
5.138,0.113,-0.102
5.154,0.101,-0.103
5.171,8.980E-2,-0.104
5.188,7.837E-2,-0.103
5.205,6.801E-2,-0.103
5.222,5.900E-2,-0.102
5.239,4.958E-2,-0.104
5.256,4.476E-2,-0.103
5.272,4.206E-2,-0.102
5.289,4.251E-2,-0.103
5.306,4.613E-2,-0.103
5.323,5.206E-2,-0.103
5.340,6.102E-2,-0.103
5.357,7.086E-2,-0.104
5.373,8.191E-2,-0.104
5.390,9.355E-2,-0.104
5.407,0.105,-0.104
5.424,0.116,-0.103
5.441,0.125,-0.101
5.458,0.132,-0.100
5.475,0.140,-9.833E-2
5.491,0.143,-9.750E-2
5.508,0.144,-9.727E-2
5.525,0.142,-9.784E-2
5.542,0.137,-9.893E-2
5.559,0.130,-0.100
5.576,0.122,-0.102
5.592,0.111,-0.103
5.609,9.992E-2,-0.104
5.626,8.817E-2,-0.104
5.643,7.694E-2,-0.104
5.660,6.653E-2,-0.103
5.677,5.787E-2,-0.102
5.694,5.118E-2,-0.101
5.710,4.459E-2,-0.103
5.727,4.295E-2,-0.102
5.744,4.345E-2,-0.102
5.761,4.711E-2,-0.103
5.778,5.353E-2,-0.103
5.795,6.214E-2,-0.103
5.811,7.200E-2,-0.104
5.828,8.300E-2,-0.104
5.845,9.444E-2,-0.104
5.862,0.105,-0.104
5.879,0.116,-0.103
5.896,0.125,-0.101
5.912,0.133,-0.100
5.929,0.138,-9.881E-2
5.946,0.141,-9.821E-2
5.963,0.141,-9.833E-2
5.980,0.138,-9.892E-2
5.997,0.133,-9.987E-2
6.014,0.126,-0.101
6.030,0.118,-0.102
6.047,0.108,-0.103
6.064,9.703E-2,-0.104
6.081,8.578E-2,-0.104
6.098,7.494E-2,-0.104
6.115,6.506E-2,-0.103
6.131,5.638E-2,-0.102
6.148,5.018E-2,-0.101
6.165,4.406E-2,-0.103
6.182,4.226E-2,-0.103
6.199,4.338E-2,-0.103
6.216,4.716E-2,-0.103
6.233,5.392E-2,-0.103
6.249,6.228E-2,-0.103
6.266,7.188E-2,-0.104
6.283,8.256E-2,-0.104
6.300,9.361E-2,-0.104
6.317,0.105,-0.103
6.334,0.115,-0.103
6.350,0.124,-0.102
6.367,0.131,-9.503E-2
6.384,0.138,-9.451E-2
6.401,0.141,-9.578E-2
6.418,0.141,-9.382E-2
6.435,0.139,-9.634E-2
6.452,0.134,-9.726E-2
6.468,0.126,-9.867E-2
6.485,0.117,-9.980E-2
6.502,0.107,-0.101
6.519,9.538E-2,-0.104
6.536,8.435E-2,-0.104
6.553,7.372E-2,-0.103
6.569,6.392E-2,-0.103
6.586,5.613E-2,-0.102
6.603,4.813E-2,-0.103
6.620,4.421E-2,-0.103
6.637,4.269E-2,-0.103
6.654,4.397E-2,-0.103
6.670,4.815E-2,-0.103
6.687,5.486E-2,-0.103
6.704,6.362E-2,-0.103
6.721,7.334E-2,-0.104
6.738,8.392E-2,-0.104
6.755,9.501E-2,-0.104
6.772,0.106,-0.103
6.788,0.116,-0.102
6.805,0.126,-9.845E-2
6.822,0.133,-9.721E-2
6.839,0.138,-9.624E-2
6.856,0.141,-9.582E-2
6.873,0.140,-9.589E-2
6.889,0.138,-9.652E-2
6.906,0.133,-9.742E-2
6.923,0.125,-9.854E-2
6.940,0.115,-0.102
6.957,0.105,-0.103
6.974,9.434E-2,-0.104
6.991,8.343E-2,-0.104
7.007,7.282E-2,-0.103
7.024,6.325E-2,-0.103
7.041,5.564E-2,-0.102
7.058,4.814E-2,-0.103
7.075,4.431E-2,-0.103
7.092,4.309E-2,-0.103
7.108,4.465E-2,-0.103
7.125,4.896E-2,-0.103
7.142,5.596E-2,-0.103
7.159,6.475E-2,-0.103
7.176,7.435E-2,-0.104
7.193,8.500E-2,-0.104
7.210,9.594E-2,-0.104
7.226,0.107,-0.103
7.243,0.116,-0.102
7.260,0.125,-0.101
7.277,0.133,-9.744E-2
7.294,0.138,-9.666E-2
7.311,0.140,-9.620E-2
7.327,0.140,-9.608E-2
7.344,0.137,-9.674E-2
7.361,0.132,-9.773E-2
7.378,0.124,-9.865E-2
7.395,0.115,-9.984E-2
7.412,0.105,-0.101
7.429,9.390E-2,-9.612E-2
7.445,8.348E-2,-0.101
7.462,7.207E-2,-0.103
7.479,6.287E-2,-0.103
7.496,5.526E-2,-0.102
7.513,4.973E-2,-0.101
7.530,4.480E-2,-0.102
7.546,4.397E-2,-0.102
7.563,4.573E-2,-0.102
7.580,5.020E-2,-0.102
7.597,5.712E-2,-0.103
7.614,6.551E-2,-0.103
7.631,7.511E-2,-0.104
7.647,8.579E-2,-0.104
7.664,9.674E-2,-0.103
7.681,0.107,-0.103
7.698,0.117,-0.102
7.715,0.126,-9.843E-2
7.732,0.133,-9.726E-2
7.749,0.138,-9.623E-2
7.765,0.140,-9.619E-2
7.782,0.139,-9.625E-2
7.799,0.136,-9.675E-2
7.816,0.131,-9.770E-2
7.833,0.123,-9.886E-2
7.850,0.114,-0.100
7.866,0.104,-0.101
7.883,9.305E-2,-0.101
7.900,8.166E-2,-0.104
7.917,7.143E-2,-0.103
7.934,6.243E-2,-0.103
7.951,5.504E-2,-0.102
7.968,4.830E-2,-0.103
7.984,4.501E-2,-0.102
8.001,4.422E-2,-0.102
8.018,4.626E-2,-0.103
8.035,5.099E-2,-0.103
8.052,5.781E-2,-0.103
8.069,6.629E-2,-0.103
8.085,7.615E-2,-0.104
8.102,8.670E-2,-0.104
8.119,9.753E-2,-0.104
8.136,0.108,-0.103
8.153,0.118,-9.993E-2
8.170,0.127,-9.842E-2
8.187,0.133,-9.761E-2
8.203,0.138,-9.650E-2
8.220,0.139,-9.635E-2
8.237,0.139,-9.639E-2
8.254,0.136,-9.696E-2
8.271,0.130,-9.799E-2
8.288,0.122,-9.918E-2
8.304,0.112,-0.102
8.321,0.102,-0.103
8.338,9.164E-2,-0.104
8.355,8.096E-2,-0.104
8.372,7.086E-2,-0.103
8.389,6.216E-2,-0.102
8.405,5.518E-2,-0.102
8.422,4.838E-2,-0.103
8.439,4.516E-2,-0.103
8.456,4.465E-2,-0.103
8.473,4.682E-2,-0.103
8.490,5.170E-2,-0.103
8.507,5.901E-2,-0.103
8.523,6.751E-2,-0.103
8.540,7.708E-2,-0.104
8.557,8.775E-2,-0.104
8.574,9.840E-2,-0.104
8.591,0.109,-0.103
8.608,0.118,-0.102
8.624,0.127,-9.835E-2
8.641,0.133,-9.725E-2
8.658,0.138,-9.672E-2
8.675,0.139,-9.598E-2
8.692,0.138,-9.617E-2
8.709,0.135,-9.686E-2
8.726,0.129,-9.792E-2
8.742,0.121,-9.911E-2
8.759,0.112,-0.100
8.776,0.101,-0.103
8.793,9.067E-2,-0.104
8.810,8.009E-2,-0.104
8.827,7.016E-2,-0.103
8.843,6.160E-2,-0.102
8.860,5.463E-2,-0.102
8.877,4.982E-2,-0.101
8.894,4.695E-2,-0.101
8.911,4.685E-2,-0.100
8.928,4.903E-2,-0.101
8.945,5.379E-2,-9.914E-2
8.961,6.022E-2,-9.981E-2
8.978,6.852E-2,-0.100
8.995,7.817E-2,-0.101
9.012,8.840E-2,-0.101
9.029,9.905E-2,-0.101
9.046,0.109,-0.100
9.062,0.118,-9.861E-2
9.079,0.126,-9.626E-2
9.096,0.132,-9.446E-2
9.113,0.135,-9.359E-2
9.130,0.136,-9.310E-2
9.147,0.135,-9.339E-2
9.164,0.132,-9.412E-2
9.180,0.127,-9.542E-2
9.197,0.120,-9.659E-2
9.214,0.111,-9.983E-2
9.231,0.101,-0.101
9.248,9.008E-2,-9.606E-2
9.265,7.901E-2,-9.471E-2
9.281,6.971E-2,-9.530E-2
9.298,6.139E-2,-9.450E-2
9.315,5.392E-2,-9.355E-2
9.332,4.869E-2,-9.271E-2
9.349,4.581E-2,-9.216E-2
9.366,4.572E-2,-9.227E-2
9.382,4.808E-2,-9.285E-2
9.399,5.303E-2,-9.365E-2
9.416,6.008E-2,-9.448E-2
9.433,6.865E-2,-9.527E-2
9.450,7.845E-2,-9.562E-2
9.467,8.887E-2,-9.583E-2
9.484,9.933E-2,-9.558E-2
9.500,0.109,-9.501E-2
9.517,0.119,-9.658E-2
9.534,0.126,-9.555E-2
9.551,0.132,-9.444E-2
9.568,0.136,-9.367E-2
9.585,0.137,-9.352E-2
9.601,0.136,-9.357E-2
9.618,0.132,-9.415E-2
9.635,0.127,-9.519E-2
9.652,0.119,-9.464E-2
9.669,0.110,-9.504E-2
9.686,0.100,-9.554E-2
9.703,8.967E-2,-9.571E-2
9.719,7.940E-2,-9.559E-2
9.736,6.975E-2,-9.499E-2
9.753,6.162E-2,-9.434E-2
9.770,5.516E-2,-9.358E-2
9.787,5.078E-2,-9.282E-2
9.804,4.869E-2,-9.232E-2
9.820,4.867E-2,-9.230E-2
9.837,5.098E-2,-9.278E-2
9.854,5.517E-2,-9.358E-2
9.871,6.146E-2,-9.440E-2
9.888,6.986E-2,-9.521E-2
9.905,7.938E-2,-9.571E-2
9.922,8.958E-2,-9.594E-2
9.938,9.999E-2,-9.588E-2
9.955,0.110,-9.526E-2
9.972,0.119,-9.664E-2
9.989,0.126,-9.540E-2
10.006,0.132,-9.434E-2
10.023,0.135,-9.336E-2
10.039,0.136,-9.311E-2
10.056,0.135,-9.347E-2
10.073,0.131,-9.421E-2
10.090,0.126,-9.544E-2
10.107,0.118,-9.655E-2
10.124,0.110,-9.754E-2
10.141,9.971E-2,-9.832E-2
10.157,8.934E-2,-9.873E-2
10.174,7.919E-2,-9.859E-2
10.191,6.887E-2,-9.522E-2
10.208,6.055E-2,-9.453E-2
10.225,5.368E-2,-9.374E-2
10.242,4.889E-2,-9.321E-2
10.258,4.636E-2,-9.315E-2
10.275,4.655E-2,-9.283E-2
10.292,4.934E-2,-9.333E-2
10.309,5.443E-2,-9.406E-2
10.326,6.160E-2,-9.468E-2
10.343,7.007E-2,-9.527E-2
10.359,7.964E-2,-9.576E-2
10.376,8.983E-2,-9.599E-2
10.393,0.100,-9.569E-2
10.410,0.110,-9.535E-2
10.427,0.119,-9.661E-2
10.444,0.126,-9.532E-2
10.461,0.131,-9.423E-2
10.477,0.134,-9.329E-2
10.494,0.135,-9.314E-2
10.511,0.134,-9.340E-2
10.528,0.131,-9.434E-2
10.545,0.125,-9.540E-2
10.562,0.118,-9.642E-2
10.578,0.109,-9.757E-2
10.595,9.852E-2,-9.587E-2
10.612,8.828E-2,-9.590E-2
10.629,7.820E-2,-9.568E-2
10.646,6.877E-2,-9.508E-2
10.663,6.058E-2,-9.439E-2
10.680,5.373E-2,-9.360E-2
10.696,4.902E-2,-9.299E-2
10.713,4.675E-2,-9.255E-2
10.730,4.701E-2,-9.263E-2
10.747,4.983E-2,-9.306E-2
10.764,5.494E-2,-9.384E-2
10.781,6.204E-2,-9.456E-2
10.797,7.059E-2,-9.551E-2
10.814,8.022E-2,-9.584E-2
10.831,9.038E-2,-9.589E-2
10.848,0.101,-9.569E-2
10.865,0.110,-9.522E-2
10.882,0.119,-9.642E-2
10.899,0.126,-9.505E-2
10.915,0.131,-9.417E-2
10.932,0.134,-9.344E-2
10.949,0.135,-9.318E-2
10.966,0.134,-9.354E-2
10.983,0.130,-9.431E-2
11.000,0.124,-9.541E-2
11.016,0.117,-9.680E-2
11.033,0.108,-9.543E-2
11.050,9.808E-2,-9.578E-2
11.067,8.786E-2,-9.584E-2
11.084,7.787E-2,-9.569E-2
11.101,6.865E-2,-9.499E-2
11.117,6.048E-2,-9.442E-2
11.134,5.388E-2,-9.362E-2
11.151,4.938E-2,-9.310E-2
11.168,4.717E-2,-9.241E-2
11.185,4.752E-2,-9.248E-2
11.202,5.038E-2,-9.310E-2
11.219,5.554E-2,-9.388E-2
11.235,6.265E-2,-9.472E-2
11.252,7.111E-2,-9.538E-2
11.269,8.062E-2,-9.581E-2
11.286,9.070E-2,-9.582E-2
11.303,0.101,-9.558E-2
11.320,0.110,-9.526E-2
11.336,0.119,-9.647E-2
11.353,0.126,-9.534E-2
11.370,0.131,-9.427E-2
11.387,0.134,-9.363E-2
11.404,0.134,-9.332E-2
11.421,0.133,-9.363E-2
11.438,0.130,-9.467E-2
11.454,0.124,-9.553E-2
11.471,0.117,-9.676E-2
11.488,0.108,-9.762E-2
11.505,9.765E-2,-9.571E-2
11.522,8.763E-2,-9.569E-2
11.539,7.780E-2,-9.545E-2
11.555,6.881E-2,-9.502E-2
11.572,6.099E-2,-9.433E-2
11.589,5.553E-2,-9.362E-2
11.606,4.984E-2,-9.281E-2
11.623,4.764E-2,-9.235E-2
11.640,4.803E-2,-9.230E-2
11.657,5.102E-2,-9.281E-2
11.673,5.628E-2,-9.354E-2
11.690,6.334E-2,-9.419E-2
11.707,7.185E-2,-9.504E-2
11.724,8.134E-2,-9.538E-2
11.741,9.130E-2,-9.558E-2
11.758,0.101,-9.518E-2
11.774,0.111,-9.476E-2
11.791,0.119,-9.460E-2
11.808,0.126,-9.384E-2
11.825,0.132,-9.463E-2
11.842,0.135,-9.419E-2
11.859,0.136,-9.408E-2
11.876,0.135,-9.437E-2
11.892,0.131,-9.498E-2
11.909,0.123,-9.393E-2
11.926,0.116,-9.450E-2
11.943,0.107,-9.511E-2
11.960,9.769E-2,-9.555E-2
11.977,8.789E-2,-9.564E-2
11.993,7.807E-2,-9.543E-2
12.010,6.920E-2,-9.484E-2
12.027,6.181E-2,-9.405E-2
12.044,5.619E-2,-9.319E-2
12.061,5.240E-2,-9.248E-2
12.078,5.074E-2,-9.216E-2
12.094,5.115E-2,-9.226E-2
12.111,5.391E-2,-9.275E-2
12.128,5.829E-2,-9.354E-2
12.145,6.477E-2,-9.430E-2
12.162,7.282E-2,-9.493E-2
12.179,8.208E-2,-9.531E-2
12.196,9.182E-2,-9.545E-2
12.212,0.102,-9.523E-2
12.229,0.111,-9.479E-2
12.246,0.119,-9.416E-2
12.263,0.126,-9.377E-2
12.280,0.132,-9.481E-2
12.297,0.135,-9.411E-2
12.313,0.136,-9.424E-2
12.330,0.135,-9.441E-2
12.347,0.131,-9.500E-2
12.364,0.126,-9.580E-2
12.381,0.117,-9.437E-2
12.398,0.109,-9.492E-2
12.415,9.938E-2,-9.540E-2
12.431,8.955E-2,-9.549E-2
12.448,7.960E-2,-9.523E-2
12.465,7.032E-2,-9.479E-2
12.482,6.268E-2,-9.402E-2
12.499,5.690E-2,-9.325E-2
12.516,5.318E-2,-9.270E-2
12.532,5.153E-2,-9.232E-2
12.549,5.200E-2,-9.247E-2
12.566,5.470E-2,-9.293E-2
12.583,5.939E-2,-9.364E-2
12.600,6.552E-2,-9.447E-2
12.617,7.374E-2,-9.515E-2
12.634,8.312E-2,-9.553E-2
12.650,9.295E-2,-9.561E-2
12.667,0.103,-9.543E-2
12.684,0.112,-9.534E-2
12.701,0.120,-9.464E-2
12.718,0.128,-9.563E-2
12.735,0.133,-9.499E-2
12.751,0.135,-9.396E-2
12.768,0.134,-9.339E-2
12.785,0.133,-9.379E-2
12.802,0.130,-9.471E-2
12.819,0.124,-9.563E-2
12.836,0.117,-9.686E-2
12.852,0.107,-9.573E-2
12.869,9.773E-2,-9.582E-2
12.886,8.785E-2,-9.588E-2
12.903,7.820E-2,-9.571E-2
12.920,6.929E-2,-9.518E-2
12.937,6.134E-2,-9.448E-2
12.954,5.509E-2,-9.373E-2
12.970,5.086E-2,-9.316E-2
12.987,4.925E-2,-9.291E-2
13.004,4.995E-2,-9.304E-2
13.021,5.305E-2,-9.350E-2
13.038,5.797E-2,-9.418E-2
13.055,6.517E-2,-9.500E-2
13.071,7.346E-2,-9.550E-2
13.088,8.285E-2,-9.581E-2
13.105,9.270E-2,-9.586E-2
13.122,0.102,-9.569E-2
13.139,0.112,-9.522E-2
13.156,0.120,-9.633E-2
13.173,0.127,-9.510E-2
13.189,0.131,-9.418E-2
13.206,0.134,-9.342E-2
13.223,0.134,-9.332E-2
13.240,0.133,-9.380E-2
13.257,0.129,-9.450E-2
13.274,0.124,-9.529E-2
13.290,0.116,-9.610E-2
13.307,0.107,-9.529E-2
13.324,9.774E-2,-9.560E-2
13.341,8.800E-2,-9.573E-2
13.358,7.871E-2,-9.535E-2
13.375,7.025E-2,-9.499E-2
13.392,6.299E-2,-9.415E-2
13.408,5.745E-2,-9.337E-2
13.425,5.358E-2,-9.289E-2
13.442,5.221E-2,-9.259E-2
13.459,5.272E-2,-9.276E-2
13.476,5.549E-2,-9.318E-2
13.493,5.995E-2,-9.389E-2
13.509,6.653E-2,-9.452E-2
13.526,7.470E-2,-9.519E-2
13.543,8.373E-2,-9.555E-2
13.560,9.343E-2,-9.556E-2
13.577,0.103,-9.523E-2
13.594,0.112,-9.480E-2
13.611,0.120,-9.450E-2
13.627,0.126,-9.384E-2
13.644,0.133,-9.496E-2
13.661,0.136,-9.473E-2
13.678,0.136,-9.464E-2
13.695,0.134,-9.490E-2
13.712,0.130,-9.544E-2
13.728,0.124,-9.639E-2
13.745,0.116,-9.477E-2
13.762,0.107,-9.523E-2
13.779,9.787E-2,-9.563E-2
13.796,8.807E-2,-9.564E-2
13.813,7.875E-2,-9.548E-2
13.829,7.014E-2,-9.501E-2
13.846,6.310E-2,-9.426E-2
13.863,5.740E-2,-9.357E-2
13.880,5.382E-2,-9.308E-2
13.897,5.245E-2,-9.278E-2
13.914,5.295E-2,-9.287E-2
13.931,5.555E-2,-9.337E-2
13.947,6.038E-2,-9.405E-2
13.964,6.675E-2,-9.468E-2
13.981,7.464E-2,-9.529E-2
13.998,8.375E-2,-9.564E-2
14.015,9.333E-2,-9.568E-2
14.032,0.103,-9.530E-2
14.048,0.112,-9.477E-2
14.065,0.120,-9.437E-2
14.082,0.126,-9.394E-2
14.099,0.132,-9.504E-2
14.116,0.135,-9.448E-2
14.133,0.135,-9.452E-2
14.150,0.134,-9.488E-2
14.166,0.130,-9.551E-2
14.183,0.124,-9.637E-2
14.200,0.115,-9.477E-2
14.217,0.107,-9.519E-2
14.234,9.766E-2,-9.553E-2
14.251,8.805E-2,-9.574E-2
14.267,7.880E-2,-9.543E-2
14.284,7.013E-2,-9.499E-2
14.301,6.301E-2,-9.437E-2
14.318,5.772E-2,-9.365E-2
14.335,5.234E-2,-9.325E-2
14.352,5.075E-2,-9.294E-2
14.369,5.143E-2,-9.307E-2
14.385,5.402E-2,-9.346E-2
14.402,5.935E-2,-9.406E-2
14.419,6.638E-2,-9.465E-2
14.436,7.457E-2,-9.530E-2
14.453,8.367E-2,-9.557E-2
14.470,9.325E-2,-9.560E-2
14.486,0.103,-9.528E-2
14.503,0.112,-9.468E-2
14.520,0.119,-9.422E-2
14.537,0.126,-9.397E-2
14.554,0.132,-9.499E-2
14.571,0.133,-9.263E-2
14.587,0.133,-9.257E-2
14.604,0.131,-9.280E-2
14.621,0.128,-9.342E-2
14.638,0.122,-9.410E-2
14.655,0.115,-9.467E-2
14.672,0.107,-9.515E-2
14.689,9.785E-2,-9.551E-2
14.705,8.826E-2,-9.554E-2
14.722,7.899E-2,-9.536E-2
14.739,7.055E-2,-9.482E-2
14.756,6.356E-2,-9.414E-2
14.773,5.814E-2,-9.353E-2
14.790,5.471E-2,-9.304E-2
14.806,5.320E-2,-9.268E-2
14.823,5.381E-2,-9.275E-2
14.840,5.650E-2,-9.324E-2
14.857,6.108E-2,-9.383E-2
14.874,6.732E-2,-9.455E-2
14.891,7.517E-2,-9.523E-2
14.908,8.405E-2,-9.543E-2
14.924,9.348E-2,-9.546E-2
14.941,0.103,-9.516E-2
14.958,0.112,-9.472E-2
14.975,0.119,-9.456E-2
14.992,0.125,-9.406E-2
15.009,0.130,-9.339E-2
15.025,0.132,-9.290E-2
15.042,0.133,-9.275E-2
15.059,0.131,-9.305E-2
15.076,0.128,-9.374E-2
15.093,0.122,-9.464E-2
15.110,0.115,-9.472E-2
15.127,0.107,-9.507E-2
15.143,9.778E-2,-9.553E-2
15.160,8.840E-2,-9.554E-2
15.177,7.924E-2,-9.537E-2
15.194,7.089E-2,-9.488E-2
15.211,6.388E-2,-9.418E-2
15.228,5.855E-2,-9.352E-2
15.244,5.507E-2,-9.302E-2
15.261,5.352E-2,-9.281E-2
15.278,5.402E-2,-9.287E-2
15.295,5.661E-2,-9.342E-2
15.312,6.119E-2,-9.404E-2
15.329,6.723E-2,-9.489E-2
15.346,7.463E-2,-9.535E-2
15.362,8.359E-2,-9.567E-2
15.379,9.297E-2,-9.566E-2
15.396,0.102,-9.539E-2
15.413,0.111,-9.536E-2
15.430,0.119,-9.474E-2
15.447,0.126,-9.592E-2
15.463,0.130,-9.397E-2
15.480,0.132,-9.341E-2
15.497,0.132,-9.331E-2
15.514,0.131,-9.362E-2
15.531,0.128,-9.417E-2
15.548,0.122,-9.498E-2
15.564,0.115,-9.581E-2
15.581,0.107,-9.574E-2
15.598,9.761E-2,-9.569E-2
15.615,8.819E-2,-9.585E-2
15.632,7.908E-2,-9.564E-2
15.649,7.094E-2,-9.520E-2
15.666,6.389E-2,-9.453E-2
15.682,5.860E-2,-9.399E-2
15.699,5.522E-2,-9.341E-2
15.716,5.363E-2,-9.316E-2
15.733,5.423E-2,-9.318E-2
15.750,5.681E-2,-9.362E-2
15.767,6.119E-2,-9.421E-2
15.783,6.721E-2,-9.485E-2
15.800,7.481E-2,-9.541E-2
15.817,8.365E-2,-9.575E-2
15.834,9.292E-2,-9.577E-2
15.851,0.102,-9.552E-2
15.868,0.111,-9.506E-2
15.885,0.119,-9.495E-2
15.901,0.126,-9.607E-2
15.918,0.131,-9.545E-2
15.935,0.134,-9.495E-2
15.952,0.134,-9.484E-2
15.969,0.132,-9.507E-2
15.986,0.129,-9.556E-2
16.002,0.123,-9.637E-2
16.019,0.115,-9.508E-2
16.036,0.107,-9.518E-2
16.053,9.801E-2,-9.564E-2
16.070,8.856E-2,-9.575E-2
16.087,7.956E-2,-9.559E-2
16.104,7.145E-2,-9.509E-2
16.120,6.447E-2,-9.440E-2
16.137,5.914E-2,-9.379E-2
16.154,5.565E-2,-9.332E-2
16.171,5.426E-2,-9.301E-2
16.188,5.464E-2,-9.311E-2
16.205,5.715E-2,-9.343E-2
16.221,6.144E-2,-9.414E-2
16.238,6.761E-2,-9.477E-2
16.255,7.520E-2,-9.536E-2
16.272,8.383E-2,-9.561E-2
16.289,9.316E-2,-9.562E-2
16.306,0.102,-9.535E-2
16.322,0.111,-9.486E-2
16.339,0.118,-9.465E-2
16.356,0.126,-9.608E-2
16.373,0.131,-9.540E-2
16.390,0.134,-9.496E-2
16.407,0.134,-9.498E-2
16.424,0.133,-9.527E-2
16.440,0.129,-9.570E-2
16.457,0.123,-9.654E-2
16.474,0.115,-9.504E-2
16.491,0.107,-9.523E-2
16.508,9.842E-2,-9.562E-2
16.525,8.933E-2,-9.570E-2
16.541,8.039E-2,-9.547E-2
16.558,7.219E-2,-9.497E-2
16.575,6.537E-2,-9.443E-2
16.592,5.992E-2,-9.374E-2
16.609,5.639E-2,-9.325E-2
16.626,5.467E-2,-9.294E-2
16.643,5.523E-2,-9.293E-2
16.659,5.774E-2,-9.334E-2
16.676,6.202E-2,-9.391E-2
16.693,6.800E-2,-9.459E-2
16.710,7.552E-2,-9.519E-2
16.727,8.406E-2,-9.551E-2
16.744,9.315E-2,-9.551E-2
16.760,0.102,-9.521E-2
16.777,0.111,-9.471E-2
16.794,0.118,-9.425E-2
16.811,0.124,-9.418E-2
16.828,0.129,-9.337E-2
16.845,0.131,-9.300E-2
16.862,0.132,-9.283E-2
16.878,0.131,-9.312E-2
16.895,0.127,-9.382E-2
16.912,0.122,-9.439E-2
16.929,0.116,-9.468E-2
16.946,0.108,-9.514E-2
16.963,9.858E-2,-9.556E-2
16.979,8.953E-2,-9.577E-2
16.996,8.056E-2,-9.554E-2
17.013,7.246E-2,-9.515E-2
17.030,6.567E-2,-9.446E-2
17.047,6.018E-2,-9.396E-2
17.064,5.668E-2,-9.336E-2
17.081,5.512E-2,-9.305E-2
17.097,5.548E-2,-9.302E-2
17.114,5.775E-2,-9.351E-2
17.131,6.200E-2,-9.401E-2
17.148,6.778E-2,-9.468E-2
17.165,7.511E-2,-9.522E-2
17.182,8.362E-2,-9.557E-2
17.198,9.260E-2,-9.558E-2
17.215,0.102,-9.533E-2
17.232,0.110,-9.490E-2
17.249,0.117,-9.484E-2
17.266,0.124,-9.429E-2
17.283,0.128,-9.359E-2
17.299,0.133,-9.498E-2
17.316,0.133,-9.497E-2
17.333,0.132,-9.522E-2
17.350,0.128,-9.579E-2
17.367,0.123,-9.656E-2
17.384,0.115,-9.511E-2
17.401,0.107,-9.526E-2
17.417,9.856E-2,-9.567E-2
17.434,8.960E-2,-9.581E-2
17.451,8.075E-2,-9.565E-2
17.468,7.270E-2,-9.528E-2
17.485,6.572E-2,-9.467E-2
17.502,6.036E-2,-9.403E-2
17.518,5.697E-2,-9.346E-2
17.535,5.523E-2,-9.312E-2
17.552,5.560E-2,-9.314E-2
17.569,5.787E-2,-9.354E-2
17.586,6.184E-2,-9.414E-2
17.603,6.756E-2,-9.489E-2
17.620,7.462E-2,-9.538E-2
17.636,8.307E-2,-9.565E-2
17.653,9.196E-2,-9.570E-2
17.670,0.101,-9.546E-2
17.687,0.109,-9.509E-2
17.704,0.117,-9.497E-2
17.721,0.124,-9.638E-2
17.737,0.129,-9.573E-2
17.754,0.132,-9.531E-2
17.771,0.133,-9.522E-2
17.788,0.132,-9.543E-2
17.805,0.128,-9.598E-2
17.822,0.123,-9.664E-2
17.839,0.115,-9.506E-2
17.855,0.107,-9.552E-2
17.872,9.865E-2,-9.577E-2
17.889,8.965E-2,-9.588E-2
17.906,8.090E-2,-9.572E-2
17.923,7.277E-2,-9.537E-2
17.940,6.584E-2,-9.484E-2
17.956,6.041E-2,-9.427E-2
17.973,5.704E-2,-9.377E-2
17.990,5.542E-2,-9.336E-2
18.007,5.571E-2,-9.342E-2
18.024,5.790E-2,-9.374E-2
18.041,6.191E-2,-9.429E-2
18.058,6.739E-2,-9.490E-2
18.074,7.452E-2,-9.541E-2
18.091,8.271E-2,-9.568E-2
18.108,9.156E-2,-9.572E-2
18.125,0.100,-9.550E-2
18.142,0.109,-9.506E-2
18.159,0.116,-9.479E-2
18.175,0.124,-9.639E-2
18.192,0.129,-9.577E-2
18.209,0.132,-9.534E-2
18.226,0.133,-9.523E-2
18.243,0.131,-9.543E-2
18.260,0.128,-9.594E-2
18.276,0.123,-9.667E-2
18.293,0.115,-9.505E-2
18.310,0.108,-9.522E-2
18.327,9.957E-2,-9.567E-2
18.344,9.059E-2,-9.583E-2
18.361,8.178E-2,-9.568E-2
18.378,7.377E-2,-9.526E-2
18.394,6.693E-2,-9.477E-2
18.411,6.163E-2,-9.404E-2
18.428,5.781E-2,-9.356E-2
18.445,5.606E-2,-9.317E-2
18.462,5.607E-2,-9.330E-2
18.479,5.810E-2,-9.368E-2
18.495,6.216E-2,-9.421E-2
18.512,6.770E-2,-9.479E-2
18.529,7.467E-2,-9.537E-2
18.546,8.293E-2,-9.568E-2
18.563,9.159E-2,-9.561E-2
18.580,0.100,-9.540E-2
18.597,0.109,-9.509E-2
18.613,0.116,-9.447E-2
18.630,0.122,-9.444E-2
18.647,0.127,-9.376E-2
18.664,0.130,-9.337E-2
18.681,0.131,-9.314E-2
18.698,0.129,-9.333E-2
18.714,0.126,-9.382E-2
18.731,0.122,-9.439E-2
18.748,0.116,-9.495E-2
18.765,0.108,-9.504E-2
18.782,9.980E-2,-9.548E-2
18.799,9.102E-2,-9.567E-2
18.816,8.232E-2,-9.549E-2
18.832,7.446E-2,-9.507E-2
18.849,6.756E-2,-9.461E-2
18.866,6.222E-2,-9.405E-2
18.883,5.840E-2,-9.353E-2
18.900,5.651E-2,-9.316E-2
18.917,5.657E-2,-9.315E-2
18.933,5.857E-2,-9.344E-2
18.950,6.239E-2,-9.390E-2
18.967,6.776E-2,-9.456E-2
18.984,7.483E-2,-9.502E-2
19.001,8.292E-2,-9.545E-2
19.018,9.143E-2,-9.547E-2
19.034,0.100,-9.528E-2
19.051,0.108,-9.491E-2
19.068,0.116,-9.444E-2
19.085,0.122,-9.426E-2
19.102,0.126,-9.381E-2
19.119,0.131,-9.529E-2
19.136,0.132,-9.508E-2
19.152,0.131,-9.528E-2
19.169,0.128,-9.575E-2
19.186,0.122,-9.443E-2
19.203,0.116,-9.448E-2
19.220,0.109,-9.507E-2
19.237,0.100,-9.546E-2
19.253,9.150E-2,-9.571E-2
19.270,8.294E-2,-9.552E-2
19.287,7.502E-2,-9.508E-2
19.304,6.812E-2,-9.460E-2
19.321,6.271E-2,-9.404E-2
19.338,5.879E-2,-9.355E-2
19.355,5.672E-2,-9.321E-2
19.371,5.667E-2,-9.319E-2
19.388,5.853E-2,-9.353E-2
19.405,6.221E-2,-9.394E-2
19.422,6.748E-2,-9.455E-2
19.439,7.441E-2,-9.502E-2
19.456,8.213E-2,-9.540E-2
19.472,9.072E-2,-9.559E-2
19.489,9.940E-2,-9.537E-2
19.506,0.108,-9.502E-2
19.523,0.115,-9.449E-2
19.540,0.121,-9.459E-2
19.557,0.126,-9.404E-2
19.574,0.129,-9.352E-2
19.590,0.132,-9.495E-2
19.607,0.131,-9.518E-2
19.624,0.128,-9.564E-2
19.641,0.122,-9.447E-2
19.658,0.116,-9.493E-2
19.675,0.108,-9.550E-2
19.691,0.100,-9.558E-2
19.708,9.173E-2,-9.569E-2
19.725,8.312E-2,-9.559E-2
19.742,7.530E-2,-9.530E-2
19.759,6.835E-2,-9.488E-2
19.776,6.276E-2,-9.432E-2
19.793,5.909E-2,-9.375E-2
19.809,5.703E-2,-9.337E-2
19.826,5.681E-2,-9.340E-2
19.843,5.857E-2,-9.366E-2
19.860,6.210E-2,-9.407E-2
19.877,6.707E-2,-9.474E-2
19.894,7.366E-2,-9.518E-2
19.910,8.138E-2,-9.551E-2
19.927,8.987E-2,-9.560E-2
19.944,9.839E-2,-9.548E-2
19.961,0.107,-9.506E-2
19.978,0.114,-9.517E-2
19.995,0.122,-9.663E-2
20.011,0.127,-9.602E-2
20.028,0.130,-9.561E-2
20.045,0.131,-9.535E-2
20.062,0.131,-9.547E-2
20.079,0.128,-9.590E-2
20.096,0.123,-9.645E-2
20.113,0.117,-9.726E-2
20.129,0.109,-9.536E-2
20.146,0.101,-9.569E-2
20.163,9.214E-2,-9.585E-2
20.180,8.360E-2,-9.582E-2
20.197,7.565E-2,-9.554E-2
20.214,6.869E-2,-9.511E-2
20.230,6.301E-2,-9.465E-2
20.247,5.913E-2,-9.416E-2
20.264,5.704E-2,-9.377E-2
20.281,5.671E-2,-9.377E-2
20.298,5.837E-2,-9.397E-2
20.315,6.175E-2,-9.440E-2
20.332,6.653E-2,-9.502E-2
20.348,7.314E-2,-9.541E-2
20.365,8.078E-2,-9.579E-2
20.382,8.920E-2,-9.590E-2
20.399,9.765E-2,-9.578E-2
20.416,0.106,-9.552E-2
20.433,0.113,-9.519E-2
20.449,0.120,-9.485E-2
20.466,0.124,-9.430E-2
20.483,0.128,-9.383E-2
20.500,0.129,-9.367E-2
20.517,0.128,-9.371E-2
20.534,0.126,-9.414E-2
20.551,0.122,-9.469E-2
20.567,0.116,-9.536E-2
20.584,0.109,-9.587E-2
20.601,0.101,-9.570E-2
20.618,9.262E-2,-9.587E-2
20.635,8.419E-2,-9.585E-2
20.652,7.612E-2,-9.559E-2
20.668,6.938E-2,-9.521E-2
20.685,6.361E-2,-9.474E-2
20.702,5.808E-2,-9.423E-2
20.719,5.563E-2,-9.384E-2
20.736,5.512E-2,-9.376E-2
20.753,5.667E-2,-9.399E-2
20.769,6.028E-2,-9.435E-2
20.786,6.558E-2,-9.496E-2
20.803,7.234E-2,-9.542E-2
20.820,8.003E-2,-9.580E-2
20.837,8.829E-2,-9.592E-2
20.854,9.686E-2,-9.577E-2
20.871,0.105,-9.547E-2
20.887,0.113,-9.523E-2
20.904,0.119,-9.498E-2
20.921,0.124,-9.444E-2
20.938,0.129,-9.525E-2
20.955,0.129,-9.380E-2
20.972,0.128,-9.380E-2
20.988,0.126,-9.414E-2
21.005,0.122,-9.479E-2
21.022,0.117,-9.540E-2
21.039,0.110,-9.584E-2
21.056,0.102,-9.564E-2
21.073,9.341E-2,-9.587E-2
21.090,8.489E-2,-9.587E-2
21.106,7.684E-2,-9.557E-2
21.123,6.948E-2,-9.511E-2
21.140,6.328E-2,-9.464E-2
21.157,5.882E-2,-9.423E-2
21.174,5.597E-2,-9.383E-2
21.191,5.547E-2,-9.374E-2
21.207,5.677E-2,-9.394E-2
21.224,6.031E-2,-9.436E-2
21.241,6.525E-2,-9.484E-2
21.258,7.196E-2,-9.539E-2
21.275,7.961E-2,-9.573E-2
21.292,8.780E-2,-9.592E-2
21.309,9.620E-2,-9.580E-2
21.325,0.104,-9.549E-2
21.342,0.112,-9.524E-2
21.359,0.118,-9.515E-2
21.376,0.124,-9.457E-2
21.393,0.127,-9.411E-2
21.410,0.128,-9.390E-2
21.426,0.128,-9.396E-2
21.443,0.126,-9.430E-2
21.460,0.122,-9.479E-2
21.477,0.117,-9.541E-2
21.494,0.110,-9.580E-2
21.511,0.102,-9.595E-2
21.528,9.401E-2,-9.604E-2
21.544,8.556E-2,-9.605E-2
21.561,7.762E-2,-9.586E-2
21.578,7.065E-2,-9.544E-2
21.595,6.496E-2,-9.499E-2
21.612,5.959E-2,-9.451E-2
21.629,5.675E-2,-9.426E-2
21.645,5.580E-2,-9.417E-2
21.662,5.719E-2,-9.432E-2
21.679,6.035E-2,-9.478E-2
21.696,6.515E-2,-9.523E-2
21.713,7.175E-2,-9.569E-2
21.730,7.926E-2,-9.588E-2
21.746,8.727E-2,-9.610E-2
21.763,9.553E-2,-9.607E-2
21.780,0.104,-9.584E-2
21.797,0.111,-9.570E-2
21.814,0.118,-9.536E-2
21.831,0.123,-9.477E-2
21.848,0.126,-9.421E-2
21.864,0.128,-9.403E-2
21.881,0.128,-9.407E-2
21.898,0.126,-9.432E-2
21.915,0.122,-9.484E-2
21.932,0.117,-9.539E-2
21.949,0.110,-9.540E-2
21.965,0.103,-9.571E-2
21.982,9.466E-2,-9.601E-2
21.999,8.639E-2,-9.593E-2
22.016,7.843E-2,-9.575E-2
22.033,7.134E-2,-9.538E-2
22.050,6.529E-2,-9.495E-2
22.067,6.037E-2,-9.442E-2
22.083,5.713E-2,-9.418E-2
22.100,5.622E-2,-9.417E-2
22.117,5.715E-2,-9.424E-2
22.134,6.026E-2,-9.464E-2
22.151,6.481E-2,-9.503E-2
22.168,7.110E-2,-9.556E-2
22.184,7.831E-2,-9.591E-2
22.201,8.645E-2,-9.607E-2
22.218,9.475E-2,-9.603E-2
22.235,0.103,-9.575E-2
22.252,0.110,-9.525E-2
22.269,0.117,-9.529E-2
22.286,0.122,-9.488E-2
22.302,0.126,-9.443E-2
22.319,0.128,-9.417E-2
22.336,0.127,-9.417E-2
22.353,0.126,-9.445E-2
22.370,0.122,-9.484E-2
22.387,0.117,-9.536E-2
22.403,0.111,-9.601E-2
22.420,0.103,-9.639E-2
22.437,9.530E-2,-9.683E-2
22.454,8.704E-2,-9.681E-2
22.471,7.899E-2,-9.670E-2
22.488,7.171E-2,-9.637E-2
22.504,6.544E-2,-9.587E-2
22.521,6.128E-2,-9.553E-2
22.538,5.766E-2,-9.495E-2
22.555,5.680E-2,-9.476E-2
22.572,5.750E-2,-9.487E-2
22.589,6.017E-2,-9.524E-2
22.606,6.457E-2,-9.565E-2
22.622,7.055E-2,-9.628E-2
22.639,7.765E-2,-9.660E-2
22.656,8.556E-2,-9.681E-2
22.673,9.375E-2,-9.670E-2
22.690,0.102,-9.649E-2
22.707,0.109,-9.622E-2
22.723,0.116,-9.593E-2
22.740,0.122,-9.546E-2
22.757,0.125,-9.493E-2
22.774,0.127,-9.460E-2
22.791,0.127,-9.461E-2
22.808,0.126,-9.480E-2
22.825,0.123,-9.539E-2
22.841,0.118,-9.621E-2
22.858,0.112,-9.682E-2
22.875,0.104,-9.750E-2
22.892,9.618E-2,-9.783E-2
22.909,8.800E-2,-9.790E-2
22.926,8.002E-2,-9.773E-2
22.942,7.227E-2,-9.649E-2
22.959,6.584E-2,-9.588E-2
22.976,6.100E-2,-9.536E-2
22.993,5.793E-2,-9.510E-2
23.010,5.672E-2,-9.480E-2
23.027,5.734E-2,-9.488E-2
23.044,5.993E-2,-9.524E-2
23.060,6.421E-2,-9.585E-2
23.077,7.017E-2,-9.650E-2
23.094,7.716E-2,-9.681E-2
23.111,8.488E-2,-9.708E-2
23.128,9.303E-2,-9.708E-2
23.145,0.101,-9.682E-2
23.161,0.109,-9.645E-2
23.178,0.115,-9.587E-2
23.195,0.121,-9.561E-2
23.212,0.124,-9.500E-2
23.229,0.127,-9.479E-2
23.246,0.127,-9.468E-2
23.263,0.126,-9.488E-2
23.279,0.123,-9.543E-2
23.296,0.118,-9.602E-2
23.313,0.112,-9.680E-2
23.330,0.105,-9.730E-2
23.347,9.696E-2,-9.771E-2
23.364,8.867E-2,-9.721E-2
23.380,8.071E-2,-9.703E-2
23.397,7.335E-2,-9.678E-2
23.414,6.701E-2,-9.625E-2
23.431,6.164E-2,-9.549E-2
23.448,5.861E-2,-9.517E-2
23.465,5.709E-2,-9.494E-2
23.481,5.750E-2,-9.498E-2
23.498,5.985E-2,-9.524E-2
23.515,6.394E-2,-9.576E-2
23.532,6.960E-2,-9.639E-2
23.549,7.631E-2,-9.674E-2
23.566,8.407E-2,-9.706E-2
23.583,9.216E-2,-9.697E-2
23.599,0.100,-9.681E-2
23.616,0.108,-9.657E-2
23.633,0.115,-9.620E-2
23.650,0.120,-9.547E-2
23.667,0.124,-9.515E-2
23.684,0.126,-9.479E-2
23.700,0.127,-9.461E-2
23.717,0.126,-9.481E-2
23.734,0.123,-9.536E-2
23.751,0.118,-9.598E-2
23.768,0.113,-9.656E-2
23.785,0.106,-9.720E-2
23.802,9.780E-2,-9.770E-2
23.818,8.972E-2,-9.761E-2
23.835,8.169E-2,-9.723E-2
23.852,7.437E-2,-9.696E-2
23.869,6.755E-2,-9.607E-2
23.886,6.228E-2,-9.549E-2
23.903,5.859E-2,-9.505E-2
23.919,5.734E-2,-9.498E-2
23.936,5.755E-2,-9.497E-2
23.953,5.978E-2,-9.535E-2
23.970,6.354E-2,-9.575E-2
23.987,6.909E-2,-9.634E-2
24.004,7.581E-2,-9.681E-2
24.021,8.323E-2,-9.709E-2
24.037,9.113E-2,-9.694E-2
24.054,9.910E-2,-9.671E-2
24.071,0.107,-9.634E-2
24.088,0.114,-9.597E-2
24.105,0.119,-9.533E-2
24.122,0.123,-9.526E-2
24.138,0.126,-9.475E-2
24.155,0.126,-9.445E-2
24.172,0.125,-9.459E-2
24.189,0.123,-9.526E-2
24.206,0.119,-9.586E-2
24.223,0.113,-9.647E-2
24.240,0.106,-9.690E-2
24.256,9.835E-2,-9.734E-2
24.273,9.045E-2,-9.759E-2
24.290,8.254E-2,-9.747E-2
24.307,7.514E-2,-9.716E-2
24.324,6.845E-2,-9.638E-2
24.341,6.300E-2,-9.592E-2
24.357,5.906E-2,-9.519E-2
24.374,5.790E-2,-9.514E-2
24.391,5.788E-2,-9.515E-2
24.408,5.979E-2,-9.535E-2
24.425,6.309E-2,-9.570E-2
24.442,6.841E-2,-9.621E-2
24.458,7.515E-2,-9.668E-2
24.475,8.252E-2,-9.698E-2
24.492,9.037E-2,-9.707E-2
24.509,9.826E-2,-9.688E-2
24.526,0.106,-9.653E-2
24.543,0.113,-9.608E-2
24.560,0.118,-9.586E-2
24.576,0.123,-9.530E-2
24.593,0.125,-9.477E-2
24.610,0.126,-9.459E-2
24.627,0.125,-9.468E-2
24.644,0.123,-9.520E-2
24.661,0.119,-9.579E-2
24.677,0.114,-9.645E-2
24.694,0.107,-9.687E-2
24.711,9.931E-2,-9.719E-2
24.728,9.130E-2,-9.734E-2
24.745,8.346E-2,-9.734E-2
24.762,7.613E-2,-9.705E-2
24.779,6.944E-2,-9.642E-2
24.795,6.392E-2,-9.579E-2
24.812,6.030E-2,-9.522E-2
24.829,5.826E-2,-9.503E-2
24.846,5.809E-2,-9.501E-2
24.863,5.972E-2,-9.523E-2
24.880,6.294E-2,-9.561E-2
24.896,6.803E-2,-9.604E-2
24.913,7.448E-2,-9.661E-2
24.930,8.171E-2,-9.687E-2
24.947,8.942E-2,-9.685E-2
24.964,9.734E-2,-9.681E-2
24.981,0.105,-9.651E-2
24.998,0.112,-9.587E-2
25.014,0.118,-9.557E-2
25.031,0.122,-9.520E-2
25.048,0.125,-9.483E-2
25.065,0.126,-9.456E-2
25.082,0.125,-9.465E-2
25.099,0.123,-9.510E-2
25.115,0.119,-9.540E-2
25.132,0.114,-9.619E-2
25.149,0.108,-9.657E-2
25.166,0.100,-9.716E-2
25.183,9.250E-2,-9.739E-2
25.200,8.476E-2,-9.737E-2
25.216,7.726E-2,-9.697E-2
25.233,7.048E-2,-9.638E-2
25.250,6.474E-2,-9.582E-2
25.267,6.075E-2,-9.526E-2
25.284,5.863E-2,-9.492E-2
25.301,5.808E-2,-9.496E-2
25.318,5.964E-2,-9.511E-2
25.334,6.262E-2,-9.539E-2
25.351,6.750E-2,-9.608E-2
25.368,7.374E-2,-9.638E-2
25.385,8.079E-2,-9.686E-2
25.402,8.843E-2,-9.654E-2
25.419,9.635E-2,-9.677E-2
25.435,0.104,-9.646E-2
25.452,0.111,-9.611E-2
25.469,0.117,-9.570E-2
25.486,0.121,-9.521E-2
25.503,0.124,-9.493E-2
25.520,0.125,-9.464E-2
25.537,0.125,-9.472E-2
25.553,0.123,-9.505E-2
25.570,0.120,-9.587E-2
25.587,0.115,-9.633E-2
25.604,0.108,-9.664E-2
25.621,0.101,-9.723E-2
25.638,9.337E-2,-9.743E-2
25.654,8.558E-2,-9.725E-2
25.671,7.820E-2,-9.706E-2
25.688,7.162E-2,-9.672E-2
25.705,6.570E-2,-9.600E-2
25.722,6.125E-2,-9.544E-2
25.739,5.906E-2,-9.514E-2
25.756,5.839E-2,-9.506E-2
25.772,5.957E-2,-9.520E-2
25.789,6.232E-2,-9.539E-2
25.806,6.695E-2,-9.595E-2
25.823,7.300E-2,-9.649E-2
25.840,8.000E-2,-9.688E-2
25.857,8.742E-2,-9.652E-2
25.873,9.529E-2,-9.687E-2
25.890,0.103,-9.664E-2
25.907,0.110,-9.637E-2
25.924,0.116,-9.610E-2
25.941,0.122,-9.641E-2
25.958,0.125,-9.581E-2
25.975,0.127,-9.559E-2
25.991,0.127,-9.560E-2
26.008,0.125,-9.596E-2
26.025,0.121,-9.644E-2
26.042,0.116,-9.705E-2
26.059,0.110,-9.770E-2
26.076,0.103,-9.808E-2
26.092,9.540E-2,-9.846E-2
26.109,8.767E-2,-9.847E-2
26.126,8.028E-2,-9.829E-2
26.143,7.372E-2,-9.802E-2
26.160,6.829E-2,-9.774E-2
26.177,6.414E-2,-9.731E-2
26.193,6.164E-2,-9.707E-2
26.210,6.077E-2,-9.699E-2
26.227,6.168E-2,-9.707E-2
26.244,6.425E-2,-9.731E-2
26.261,6.835E-2,-9.763E-2
26.278,7.384E-2,-9.808E-2
26.295,8.042E-2,-9.846E-2
26.311,8.762E-2,-9.853E-2
26.328,9.533E-2,-9.852E-2
26.345,0.103,-9.816E-2
26.362,0.110,-9.757E-2
26.379,0.116,-9.702E-2
26.396,0.121,-9.623E-2
26.412,0.124,-9.583E-2
26.429,0.126,-9.552E-2
26.446,0.126,-9.545E-2
26.463,0.125,-9.581E-2
26.480,0.121,-9.621E-2
26.497,0.116,-9.684E-2
26.514,0.111,-9.751E-2
26.530,0.104,-9.802E-2
26.547,9.621E-2,-9.838E-2
26.564,8.851E-2,-9.852E-2
26.581,8.113E-2,-9.845E-2
26.598,7.444E-2,-9.817E-2
26.615,6.880E-2,-9.769E-2
26.631,6.469E-2,-9.740E-2
26.648,6.197E-2,-9.711E-2
26.665,6.087E-2,-9.697E-2
26.682,6.148E-2,-9.708E-2
26.699,6.398E-2,-9.730E-2
26.716,6.780E-2,-9.772E-2
26.733,7.302E-2,-9.808E-2
26.749,7.952E-2,-9.834E-2
26.766,8.675E-2,-9.845E-2
26.783,9.416E-2,-9.838E-2
26.800,0.102,-9.823E-2
26.817,0.109,-9.780E-2
26.834,0.115,-9.711E-2
26.850,0.119,-9.607E-2
26.867,0.123,-9.558E-2
26.884,0.125,-9.520E-2
26.901,0.125,-9.514E-2
26.918,0.124,-9.542E-2
26.935,0.121,-9.599E-2
26.951,0.116,-9.657E-2
26.968,0.111,-9.721E-2
26.985,0.104,-9.785E-2
27.002,9.694E-2,-9.823E-2
27.019,8.941E-2,-9.844E-2
27.036,8.212E-2,-9.842E-2
27.053,7.525E-2,-9.814E-2
27.069,6.957E-2,-9.787E-2
27.086,6.517E-2,-9.748E-2
27.103,6.221E-2,-9.719E-2
27.120,6.081E-2,-9.706E-2
27.137,6.124E-2,-9.708E-2
27.154,6.336E-2,-9.729E-2
27.170,6.698E-2,-9.749E-2
27.187,7.220E-2,-9.805E-2
27.204,7.840E-2,-9.833E-2
27.221,8.533E-2,-9.849E-2
27.238,9.278E-2,-9.844E-2
27.255,0.100,-9.824E-2
27.272,0.107,-9.764E-2
27.288,0.113,-9.702E-2
27.305,0.118,-9.644E-2
27.322,0.122,-9.581E-2
27.339,0.124,-9.536E-2
27.356,0.125,-9.522E-2
27.373,0.124,-9.541E-2
27.389,0.121,-9.599E-2
27.406,0.117,-9.652E-2
27.423,0.112,-9.720E-2
27.440,0.105,-9.775E-2
27.457,9.758E-2,-9.816E-2
27.474,9.025E-2,-9.847E-2
27.491,8.286E-2,-9.845E-2
27.507,7.604E-2,-9.830E-2
27.524,7.041E-2,-9.803E-2
27.541,6.582E-2,-9.766E-2
27.558,6.265E-2,-9.733E-2
27.575,6.123E-2,-9.721E-2
27.592,6.133E-2,-9.727E-2
27.608,6.325E-2,-9.747E-2
27.625,6.667E-2,-9.769E-2
27.642,7.164E-2,-9.805E-2
27.659,7.762E-2,-9.831E-2
27.676,8.454E-2,-9.849E-2
27.693,9.169E-2,-9.843E-2
27.710,9.910E-2,-9.823E-2
27.726,0.106,-9.782E-2
27.743,0.113,-9.724E-2
27.760,0.118,-9.666E-2
27.777,0.122,-9.600E-2
27.794,0.125,-9.577E-2
27.811,0.125,-9.564E-2
27.827,0.125,-9.573E-2
27.844,0.122,-9.619E-2
27.861,0.118,-9.668E-2
27.878,0.113,-9.724E-2
27.895,0.107,-9.788E-2
27.912,9.963E-2,-9.829E-2
27.928,9.214E-2,-9.846E-2
27.945,8.476E-2,-9.846E-2
27.962,7.791E-2,-9.824E-2
27.979,7.206E-2,-9.798E-2
27.996,6.723E-2,-9.757E-2
28.013,6.393E-2,-9.725E-2
28.030,6.212E-2,-9.706E-2
28.046,6.202E-2,-9.706E-2
28.063,6.369E-2,-9.719E-2
28.080,6.681E-2,-9.750E-2
28.097,7.137E-2,-9.794E-2
28.114,7.723E-2,-9.826E-2
28.131,8.392E-2,-9.851E-2
28.147,9.107E-2,-9.849E-2
28.164,9.846E-2,-9.827E-2
28.181,0.106,-9.786E-2
28.198,0.112,-9.734E-2
28.215,0.118,-9.678E-2
28.232,0.121,-9.622E-2
