,mass A,,
t,x,y,
0.000,-1.920E-2,-0.104
0.017,-1.938E-2,-0.104
0.034,-1.947E-2,-0.104
0.051,-1.925E-2,-0.104
0.067,-1.918E-2,-0.104
0.084,-1.916E-2,-0.104
0.101,-1.924E-2,-0.104
0.118,-1.907E-2,-0.104
0.135,-1.903E-2,-0.104
0.152,-1.870E-2,-0.104
0.168,-1.859E-2,-0.104
0.185,-1.867E-2,-0.104
0.202,-1.855E-2,-0.104
0.219,-1.846E-2,-0.104
0.236,-1.823E-2,-0.104
0.253,-1.822E-2,-0.104
0.269,-1.829E-2,-0.104
0.286,-1.832E-2,-0.104
0.303,-1.827E-2,-0.104
0.320,-1.824E-2,-0.104
0.337,-1.839E-2,-0.104
0.354,-1.875E-2,-0.104
0.371,-1.896E-2,-0.104
0.387,-1.898E-2,-0.104
0.404,-1.889E-2,-0.104
0.421,-1.884E-2,-0.104
0.438,-1.881E-2,-0.104
0.455,-1.874E-2,-0.104
0.472,-1.857E-2,-0.104
0.488,-1.841E-2,-0.104
0.505,-1.838E-2,-0.104
0.522,-1.846E-2,-0.104
0.539,-1.854E-2,-0.104
0.556,-1.851E-2,-0.104
0.573,-1.846E-2,-0.104
0.589,-1.848E-2,-0.104
0.606,-1.851E-2,-0.104
0.623,-1.853E-2,-0.104
0.640,-1.853E-2,-0.104
0.657,-1.849E-2,-0.104
0.674,-1.848E-2,-0.104
0.691,-1.861E-2,-0.104
0.707,-1.865E-2,-0.104
0.724,-1.859E-2,-0.104
0.741,-1.856E-2,-0.104
0.758,-1.862E-2,-0.104
0.775,-1.866E-2,-0.104
0.792,-1.860E-2,-0.104
0.808,-1.850E-2,-0.104
0.825,-1.841E-2,-0.104
0.842,-1.845E-2,-0.104
0.859,-1.857E-2,-0.104
0.876,-1.858E-2,-0.104
0.893,-1.853E-2,-0.104
0.909,-1.850E-2,-0.104
0.926,-1.857E-2,-0.104
0.943,-1.866E-2,-0.104
0.960,-1.865E-2,-0.104
0.977,-1.861E-2,-0.104
0.994,-1.857E-2,-0.104
1.011,-1.860E-2,-0.104
1.027,-1.865E-2,-0.104
1.044,-1.864E-2,-0.104
1.061,-1.855E-2,-0.104
1.078,-1.847E-2,-0.104
1.095,-1.841E-2,-0.104
1.112,-1.840E-2,-0.104
1.128,-1.841E-2,-0.104
1.145,-1.845E-2,-0.104
1.162,-1.845E-2,-0.104
1.179,-1.852E-2,-0.104
1.196,-1.860E-2,-0.104
1.213,-1.865E-2,-0.104
1.229,-1.865E-2,-0.104
1.246,-1.861E-2,-0.104
1.263,-1.861E-2,-0.104
1.280,-1.861E-2,-0.104
1.297,-1.865E-2,-0.104
1.314,-1.865E-2,-0.104
1.331,-1.864E-2,-0.104
1.347,-1.866E-2,-0.104
1.364,-1.866E-2,-0.104
1.381,-1.866E-2,-0.104
1.398,-1.865E-2,-0.104
1.415,-1.865E-2,-0.104
1.432,-1.869E-2,-0.104
1.448,-1.877E-2,-0.104
1.465,-1.893E-2,-0.104
1.482,-1.910E-2,-0.104
1.499,-1.919E-2,-0.104
1.516,-1.935E-2,-0.104
1.533,-1.951E-2,-0.104
1.549,-1.960E-2,-0.104
1.566,-1.959E-2,-0.104
1.583,-1.949E-2,-0.104
1.600,-1.942E-2,-0.104
1.617,-1.936E-2,-0.104
1.634,-1.928E-2,-0.104
1.651,-1.917E-2,-0.104
1.667,-1.913E-2,-0.104
1.684,-1.914E-2,-0.104
1.701,-1.921E-2,-0.104
1.718,-1.921E-2,-0.104
1.735,-1.921E-2,-0.104
1.752,-1.917E-2,-0.104
1.768,-1.912E-2,-0.104
1.785,-1.909E-2,-0.104
1.802,-1.898E-2,-0.104
1.819,-1.888E-2,-0.104
1.836,-1.878E-2,-0.104
1.853,-1.872E-2,-0.104
1.869,-1.874E-2,-0.104
1.886,-1.873E-2,-0.104
1.903,-1.875E-2,-0.104
1.920,-1.875E-2,-0.104
1.937,-1.875E-2,-0.104
1.954,-1.876E-2,-0.104
1.971,-1.877E-2,-0.104
1.987,-1.877E-2,-0.104
2.004,-1.873E-2,-0.104
2.021,-1.867E-2,-0.104
2.038,-1.865E-2,-0.104
2.055,-1.861E-2,-0.104
2.072,-1.864E-2,-0.104
2.088,-1.867E-2,-0.104
2.105,-1.871E-2,-0.104
2.122,-1.879E-2,-0.104
2.139,-1.888E-2,-0.104
2.156,-1.896E-2,-0.104
2.173,-1.902E-2,-0.104
2.189,-1.912E-2,-0.104
2.206,-1.924E-2,-0.104
2.223,-1.939E-2,-0.104
2.240,-1.959E-2,-0.104
2.257,-1.979E-2,-0.104
2.274,-2.004E-2,-0.104
2.291,-2.006E-2,-0.104
2.307,-2.014E-2,-0.104
2.324,-2.018E-2,-0.104
2.341,-2.022E-2,-0.104
2.358,-2.020E-2,-0.104
2.375,-2.017E-2,-0.104
2.392,-2.013E-2,-0.104
2.408,-2.007E-2,-0.104
2.425,-2.004E-2,-0.104
2.442,-2.004E-2,-0.104
2.459,-2.004E-2,-0.104
2.476,-2.002E-2,-0.104
2.493,-2.001E-2,-0.104
2.509,-1.997E-2,-0.104
2.526,-1.998E-2,-0.104
2.543,-2.002E-2,-0.104
2.560,-2.001E-2,-0.104
2.577,-1.997E-2,-0.104
2.594,-1.991E-2,-0.104
2.611,-1.989E-2,-0.104
2.627,-1.987E-2,-0.104
2.644,-1.986E-2,-0.104
2.661,-1.985E-2,-0.104
2.678,-1.983E-2,-0.104
2.695,-1.987E-2,-0.104
2.712,-1.988E-2,-0.104
2.728,-1.986E-2,-0.104
2.745,-1.981E-2,-0.104
2.762,-1.973E-2,-0.104
2.779,-1.969E-2,-0.104
2.796,-1.962E-2,-0.104
2.813,-1.958E-2,-0.104
2.829,-1.964E-2,-0.104
2.846,-1.968E-2,-0.104
2.863,-1.976E-2,-0.104
2.880,-1.988E-2,-0.104
2.897,-1.990E-2,-0.104
2.914,-1.996E-2,-0.104
2.931,-1.998E-2,-0.104
2.947,-1.998E-2,-0.104
2.964,-1.993E-2,-0.104
2.981,-1.985E-2,-0.104
2.998,-1.973E-2,-0.104
3.015,-1.962E-2,-0.104
3.032,-1.949E-2,-0.104
3.048,-1.943E-2,-0.104
3.065,-1.943E-2,-0.104
3.082,-1.947E-2,-0.104
3.099,-1.950E-2,-0.104
3.116,-1.958E-2,-0.104
3.133,-1.964E-2,-0.104
3.149,-1.961E-2,-0.104
3.166,-1.961E-2,-0.104
3.183,-1.952E-2,-0.104
3.200,-1.949E-2,-0.104
3.217,-1.943E-2,-0.104
3.234,-1.931E-2,-0.104
3.251,-1.928E-2,-0.104
3.267,-1.927E-2,-0.104
3.284,-1.930E-2,-0.104
3.301,-1.933E-2,-0.104
3.318,-1.935E-2,-0.104
3.335,-1.930E-2,-0.104
3.352,-1.918E-2,-0.104
3.368,-1.906E-2,-0.104
3.385,-1.885E-2,-0.104
3.402,-1.885E-2,-0.104
3.419,-1.884E-2,-0.104
3.436,-1.884E-2,-0.104
3.453,-1.888E-2,-0.104
3.469,-1.897E-2,-0.104
3.486,-1.908E-2,-0.104
3.503,-1.911E-2,-0.104
3.520,-1.920E-2,-0.104
3.537,-1.920E-2,-0.104
3.554,-1.909E-2,-0.104
3.571,-1.893E-2,-0.104
3.587,-1.881E-2,-0.104
3.604,-1.871E-2,-0.104
3.621,-1.868E-2,-0.104
3.638,-1.871E-2,-0.104
3.655,-1.882E-2,-0.104
3.672,-1.895E-2,-0.104
3.688,-1.911E-2,-0.104
3.705,-1.929E-2,-0.104
3.722,-1.940E-2,-0.104
3.739,-1.940E-2,-0.104
3.756,-1.935E-2,-0.104
3.773,-1.921E-2,-0.104
3.789,-1.907E-2,-0.104
3.806,-1.895E-2,-0.104
3.823,-1.892E-2,-0.104
3.840,-1.893E-2,-0.104
3.857,-1.898E-2,-0.104
3.874,-1.908E-2,-0.104
3.891,-1.912E-2,-0.104
3.907,-1.923E-2,-0.104
3.924,-1.928E-2,-0.104
3.941,-1.922E-2,-0.104
3.958,-1.918E-2,-0.104
3.975,-1.913E-2,-0.104
3.992,-1.914E-2,-0.104
4.008,-1.910E-2,-0.104
4.025,-1.904E-2,-0.104
4.042,-1.901E-2,-0.104
4.059,-1.901E-2,-0.104
4.076,-1.901E-2,-0.104
4.093,-1.902E-2,-0.104
4.109,-1.906E-2,-0.104
4.126,-1.910E-2,-0.104
4.143,-1.918E-2,-0.104
4.160,-1.924E-2,-0.104
4.177,-1.928E-2,-0.104
4.194,-1.928E-2,-0.104
4.211,-1.926E-2,-0.104
4.227,-1.930E-2,-0.104
4.244,-1.929E-2,-0.104
4.261,-1.932E-2,-0.104
4.278,-1.934E-2,-0.104
4.295,-1.941E-2,-0.104
4.312,-1.946E-2,-0.104
4.328,-1.945E-2,-0.104
4.345,-1.945E-2,-0.104
4.362,-1.945E-2,-0.104
4.379,-1.945E-2,-0.104
4.396,-1.949E-2,-0.104
4.413,-1.948E-2,-0.104
4.429,-1.947E-2,-0.104
4.446,-1.947E-2,-0.104
4.463,-1.942E-2,-0.104
4.480,-1.942E-2,-0.104
4.497,-1.937E-2,-0.104
4.514,-1.933E-2,-0.104
4.531,-1.934E-2,-0.104
4.547,-1.935E-2,-0.104
4.564,-1.942E-2,-0.104
4.581,-1.947E-2,-0.104
4.598,-1.945E-2,-0.104
4.615,-1.944E-2,-0.104
4.632,-1.944E-2,-0.104
4.648,-1.932E-2,-0.104
4.665,-1.910E-2,-0.104
4.682,-1.860E-2,-0.104
4.699,-1.772E-2,-0.104
4.716,-1.599E-2,-0.104
4.733,-1.277E-2,-0.105
4.749,-8.039E-3,-0.105
4.766,-1.722E-3,-0.105
4.783,5.452E-3,-0.105
4.800,1.206E-2,-0.105
4.817,1.703E-2,-0.104
4.834,1.960E-2,-0.104
4.851,1.905E-2,-0.104
4.867,1.540E-2,-0.104
4.884,9.581E-3,-0.105
4.901,2.872E-3,-0.105
4.918,-4.014E-3,-0.105
4.935,-9.773E-3,-0.105
4.952,-1.339E-2,-0.104
4.968,-1.430E-2,-0.104
4.985,-1.278E-2,-0.104
5.002,-8.683E-3,-0.105
5.019,-2.664E-3,-0.105
5.036,4.159E-3,-0.105
5.053,1.076E-2,-0.105
5.069,1.624E-2,-0.104
5.086,1.920E-2,-0.104
5.103,1.914E-2,-0.104
5.120,1.608E-2,-0.104
5.137,1.080E-2,-0.105
5.154,4.017E-3,-0.105
5.171,-2.736E-3,-0.105
5.187,-8.705E-3,-0.105
5.204,-1.266E-2,-0.104
5.221,-1.407E-2,-0.104
5.238,-1.290E-2,-0.104
5.255,-9.475E-3,-0.105
5.272,-3.860E-3,-0.105
5.288,2.800E-3,-0.105
5.305,9.455E-3,-0.105
5.322,1.499E-2,-0.104
5.339,1.851E-2,-0.104
5.356,1.910E-2,-0.104
5.373,1.667E-2,-0.104
5.389,1.158E-2,-0.104
5.406,5.126E-3,-0.105
5.423,-1.708E-3,-0.105
5.440,-7.699E-3,-0.105
5.457,-1.203E-2,-0.105
5.474,-1.391E-2,-0.104
5.491,-1.333E-2,-0.104
5.507,-1.026E-2,-0.105
5.524,-5.054E-3,-0.105
5.541,1.512E-3,-0.105
5.558,8.224E-3,-0.105
5.575,1.382E-2,-0.104
5.592,1.769E-2,-0.104
5.608,1.883E-2,-0.104
5.625,1.691E-2,-0.104
5.642,1.255E-2,-0.104
5.659,6.405E-3,-0.105
5.676,-2.663E-4,-0.105
5.693,-6.597E-3,-0.105
5.709,-1.109E-2,-0.105
5.726,-1.349E-2,-0.105
5.743,-1.340E-2,-0.104
5.760,-1.091E-2,-0.105
5.777,-6.150E-3,-0.105
5.794,-1.801E-5,-0.105
5.811,6.742E-3,-0.105
5.827,1.276E-2,-0.105
5.844,1.706E-2,-0.104
5.861,1.874E-2,-0.104
5.878,1.762E-2,-0.104
5.895,1.364E-2,-0.104
5.912,7.877E-3,-0.105
5.928,1.367E-3,-0.105
5.945,-5.026E-3,-0.105
5.962,-1.005E-2,-0.105
5.979,-1.294E-2,-0.105
5.996,-1.340E-2,-0.104
6.013,-1.137E-2,-0.105
6.029,-6.983E-3,-0.105
6.046,-8.294E-4,-0.105
6.063,5.644E-3,-0.105
6.080,1.184E-2,-0.105
6.097,1.639E-2,-0.104
6.114,1.860E-2,-0.104
6.131,1.796E-2,-0.104
6.147,1.451E-2,-0.104
6.164,9.155E-3,-0.105
6.181,2.879E-3,-0.105
6.198,-3.463E-3,-0.105
6.215,-9.030E-3,-0.105
6.232,-1.235E-2,-0.105
6.248,-1.321E-2,-0.104
6.265,-1.168E-2,-0.105
6.282,-7.802E-3,-0.105
6.299,-2.007E-3,-0.105
6.316,4.410E-3,-0.105
6.333,1.051E-2,-0.105
6.350,1.553E-2,-0.104
6.366,1.832E-2,-0.104
6.383,1.819E-2,-0.104
6.400,1.526E-2,-0.104
6.417,1.020E-2,-0.105
6.434,4.127E-3,-0.105
6.451,-2.336E-3,-0.105
6.467,-7.876E-3,-0.105
6.484,-1.163E-2,-0.105
6.501,-1.302E-2,-0.105
6.518,-1.202E-2,-0.105
6.535,-8.648E-3,-0.105
6.552,-3.301E-3,-0.105
6.568,3.176E-3,-0.105
6.585,9.392E-3,-0.105
6.602,1.457E-2,-0.104
6.619,1.771E-2,-0.104
6.636,1.832E-2,-0.104
6.653,1.609E-2,-0.104
6.670,1.143E-2,-0.105
6.686,5.435E-3,-0.105
6.703,-8.623E-4,-0.105
6.720,-6.700E-3,-0.105
6.737,-1.088E-2,-0.105
6.754,-1.275E-2,-0.105
6.771,-1.220E-2,-0.105
6.787,-9.303E-3,-0.105
6.804,-4.431E-3,-0.105
6.821,1.728E-3,-0.105
6.838,8.041E-3,-0.105
6.855,1.349E-2,-0.104
6.872,1.704E-2,-0.104
6.888,1.822E-2,-0.104
6.905,1.654E-2,-0.104
6.922,1.246E-2,-0.104
6.939,6.632E-3,-0.105
6.956,2.136E-4,-0.105
6.973,-5.495E-3,-0.105
6.990,-1.000E-2,-0.105
7.006,-1.235E-2,-0.105
7.023,-1.234E-2,-0.105
7.040,-1.002E-2,-0.105
7.057,-5.540E-3,-0.105
7.074,4.823E-4,-0.105
7.091,6.568E-3,-0.105
7.107,1.232E-2,-0.104
7.124,1.643E-2,-0.104
7.141,1.809E-2,-0.104
7.158,1.694E-2,-0.104
7.175,1.353E-2,-0.104
7.192,8.128E-3,-0.105
7.208,1.949E-3,-0.105
7.225,-4.120E-3,-0.105
7.242,-8.970E-3,-0.105
7.259,-1.181E-2,-0.105
7.276,-1.238E-2,-0.104
7.293,-1.052E-2,-0.105
7.310,-6.446E-3,-0.105
7.326,-8.460E-4,-0.105
7.343,5.331E-3,-0.105
7.360,1.124E-2,-0.105
7.377,1.544E-2,-0.104
7.394,1.780E-2,-0.104
7.411,1.738E-2,-0.104
7.427,1.427E-2,-0.104
7.444,9.288E-3,-0.105
7.461,3.322E-3,-0.105
7.478,-2.799E-3,-0.105
7.495,-8.060E-3,-0.105
7.512,-1.135E-2,-0.105
7.528,-1.231E-2,-0.105
7.545,-1.104E-2,-0.105
7.562,-7.469E-3,-0.105
7.579,-2.108E-3,-0.105
7.596,3.952E-3,-0.105
7.613,9.807E-3,-0.105
7.630,1.460E-2,-0.104
7.646,1.727E-2,-0.104
7.663,1.738E-2,-0.104
7.680,1.493E-2,-0.104
7.697,1.037E-2,-0.105
7.714,4.587E-3,-0.105
7.731,-1.613E-3,-0.105
7.747,-6.883E-3,-0.105
7.764,-1.063E-2,-0.105
7.781,-1.221E-2,-0.105
7.798,-1.136E-2,-0.105
7.815,-8.373E-3,-0.105
7.832,-3.600E-3,-0.105
7.848,2.467E-3,-0.105
7.865,8.399E-3,-0.105
7.882,1.349E-2,-0.104
7.899,1.679E-2,-0.104
7.916,1.747E-2,-0.104
7.933,1.559E-2,-0.104
7.950,1.158E-2,-0.105
7.966,6.042E-3,-0.105
7.983,-1.545E-4,-0.105
8.000,-5.598E-3,-0.105
8.017,-9.843E-3,-0.105
8.034,-1.184E-2,-0.105
8.051,-1.159E-2,-0.105
8.067,-9.131E-3,-0.105
8.084,-4.684E-3,-0.105
8.101,1.018E-3,-0.105
8.118,7.073E-3,-0.105
8.135,1.247E-2,-0.105
8.152,1.599E-2,-0.104
8.168,1.739E-2,-0.104
8.185,1.624E-2,-0.104
8.202,1.253E-2,-0.104
8.219,7.190E-3,-0.105
8.236,1.217E-3,-0.105
8.253,-4.503E-3,-0.105
8.270,-8.912E-3,-0.105
8.286,-1.140E-2,-0.105
8.303,-1.172E-2,-0.105
8.320,-9.801E-3,-0.105
8.337,-5.649E-3,-0.105
8.354,-3.596E-4,-0.105
8.371,5.684E-3,-0.105
8.387,1.111E-2,-0.105
8.404,1.525E-2,-0.104
8.421,1.714E-2,-0.104
8.438,1.654E-2,-0.104
8.455,1.336E-2,-0.104
8.472,8.446E-3,-0.105
8.488,2.659E-3,-0.105
8.505,-3.041E-3,-0.105
8.522,-7.841E-3,-0.105
8.539,-1.081E-2,-0.105
8.556,-1.168E-2,-0.105
8.573,-1.022E-2,-0.105
8.590,-6.684E-3,-0.105
8.606,-1.654E-3,-0.105
8.623,4.297E-3,-0.105
8.640,9.816E-3,-0.105
8.657,1.434E-2,-0.104
8.674,1.679E-2,-0.104
8.691,1.675E-2,-0.104
8.707,1.432E-2,-0.104
8.724,9.777E-3,-0.105
8.741,4.283E-3,-0.105
8.758,-1.683E-3,-0.105
8.775,-6.643E-3,-0.105
8.792,-1.010E-2,-0.105
8.808,-1.155E-2,-0.105
8.825,-1.061E-2,-0.105
8.842,-7.660E-3,-0.105
8.859,-2.804E-3,-0.105
8.876,2.907E-3,-0.105
8.893,8.646E-3,-0.105
8.910,1.325E-2,-0.104
8.926,1.629E-2,-0.104
8.943,1.681E-2,-0.104
8.960,1.488E-2,-0.104
8.977,1.098E-2,-0.105
8.994,5.566E-3,-0.105
9.011,-3.015E-4,-0.105
9.027,-5.396E-3,-0.105
9.044,-9.436E-3,-0.105
9.061,-1.123E-2,-0.105
9.078,-1.090E-2,-0.105
9.095,-8.451E-3,-0.105
9.112,-3.941E-3,-0.105
9.128,1.289E-3,-0.105
9.145,7.072E-3,-0.105
9.162,1.217E-2,-0.105
9.179,1.550E-2,-0.104
9.196,1.677E-2,-0.104
9.213,1.541E-2,-0.104
9.230,1.203E-2,-0.105
9.246,6.885E-3,-0.105
9.263,1.167E-3,-0.105
9.280,-4.266E-3,-0.105
9.297,-8.435E-3,-0.105
9.314,-1.078E-2,-0.105
9.331,-1.101E-2,-0.105
9.347,-9.147E-3,-0.105
9.364,-5.139E-3,-0.105
9.381,-1.036E-5,-0.105
9.398,5.713E-3,-0.105
9.415,1.089E-2,-0.105
9.432,1.479E-2,-0.104
9.448,1.654E-2,-0.104
9.465,1.597E-2,-0.104
9.482,1.292E-2,-0.104
9.499,8.385E-3,-0.105
9.516,2.834E-3,-0.105
9.533,-2.850E-3,-0.105
9.550,-7.333E-3,-0.105
9.566,-1.020E-2,-0.105
9.583,-1.100E-2,-0.105
9.600,-9.546E-3,-0.105
9.617,-6.180E-3,-0.105
9.634,-1.276E-3,-0.105
9.651,4.406E-3,-0.105
9.667,9.664E-3,-0.105
9.684,1.395E-2,-0.104
9.701,1.622E-2,-0.104
9.718,1.617E-2,-0.104
9.735,1.381E-2,-0.104
9.752,9.468E-3,-0.105
9.768,4.245E-3,-0.105
9.785,-1.294E-3,-0.105
9.802,-6.188E-3,-0.105
9.819,-9.466E-3,-0.105
9.836,-1.085E-2,-0.105
9.853,-9.965E-3,-0.105
9.870,-7.095E-3,-0.105
9.886,-2.550E-3,-0.105
9.903,2.905E-3,-0.105
9.920,8.428E-3,-0.105
9.937,1.283E-2,-0.104
9.954,1.557E-2,-0.104
9.971,1.623E-2,-0.104
9.987,1.445E-2,-0.104
10.004,1.073E-2,-0.105
10.021,5.568E-3,-0.105
10.038,-2.262E-5,-0.105
10.055,-4.972E-3,-0.105
10.072,-8.771E-3,-0.105
10.088,-1.056E-2,-0.105
10.105,-1.027E-2,-0.105
10.122,-8.028E-3,-0.105
10.139,-3.718E-3,-0.105
10.156,1.521E-3,-0.105
10.173,6.866E-3,-0.105
10.190,1.173E-2,-0.105
10.206,1.495E-2,-0.104
10.223,1.618E-2,-0.104
10.240,1.498E-2,-0.104
10.257,1.174E-2,-0.104
10.274,6.837E-3,-0.105
10.291,1.598E-3,-0.105
10.307,-3.640E-3,-0.105
10.324,-7.834E-3,-0.105
10.341,-1.010E-2,-0.105
10.358,-1.041E-2,-0.105
10.375,-8.712E-3,-0.105
10.392,-4.945E-3,-0.105
10.408,-1.225E-4,-0.105
10.425,5.392E-3,-0.105
10.442,1.033E-2,-0.105
10.459,1.406E-2,-0.104
10.476,1.582E-2,-0.104
10.493,1.530E-2,-0.104
10.510,1.260E-2,-0.104
10.526,8.285E-3,-0.105
10.543,3.020E-3,-0.105
10.560,-2.475E-3,-0.105
10.577,-6.739E-3,-0.105
10.594,-9.683E-3,-0.105
10.611,-1.041E-2,-0.105
10.627,-9.117E-3,-0.105
10.644,-6.000E-3,-0.105
10.661,-1.478E-3,-0.105
10.678,4.032E-3,-0.105
10.695,9.138E-3,-0.105
10.712,1.310E-2,-0.104
10.728,1.543E-2,-0.104
10.745,1.550E-2,-0.104
10.762,1.328E-2,-0.104
10.779,9.402E-3,-0.105
10.796,4.425E-3,-0.105
10.813,-9.893E-4,-0.105
10.830,-5.720E-3,-0.105
10.846,-8.907E-3,-0.105
10.863,-1.022E-2,-0.105
10.880,-9.495E-3,-0.105
10.897,-6.930E-3,-0.105
10.914,-2.816E-3,-0.105
10.931,2.339E-3,-0.105
10.947,7.558E-3,-0.105
10.964,1.211E-2,-0.105
10.981,1.493E-2,-0.104
10.998,1.556E-2,-0.104
11.015,1.411E-2,-0.104
11.032,1.046E-2,-0.105
11.048,5.759E-3,-0.105
11.065,4.007E-4,-0.105
11.082,-4.485E-3,-0.105
11.099,-8.045E-3,-0.105
11.116,-9.882E-3,-0.105
11.133,-9.798E-3,-0.105
11.150,-7.771E-3,-0.105
11.166,-3.771E-3,-0.105
11.183,1.157E-3,-0.105
11.200,6.235E-3,-0.105
11.217,1.083E-2,-0.105
11.234,1.427E-2,-0.104
11.251,1.543E-2,-0.104
11.267,1.455E-2,-0.104
11.284,1.160E-2,-0.105
11.301,7.011E-3,-0.105
11.318,1.780E-3,-0.105
11.335,-3.153E-3,-0.105
11.352,-7.079E-3,-0.105
11.368,-9.572E-3,-0.105
11.385,-9.852E-3,-0.105
11.402,-8.440E-3,-0.105
11.419,-4.977E-3,-0.105
11.436,-4.651E-4,-0.105
11.453,4.826E-3,-0.105
11.470,9.608E-3,-0.105
11.486,1.326E-2,-0.104
11.503,1.515E-2,-0.104
11.520,1.489E-2,-0.104
11.537,1.235E-2,-0.104
11.554,8.439E-3,-0.105
11.571,3.383E-3,-0.105
11.587,-1.782E-3,-0.105
11.604,-5.982E-3,-0.105
11.621,-8.912E-3,-0.105
11.638,-9.829E-3,-0.105
11.655,-8.932E-3,-0.105
11.672,-6.032E-3,-0.105
11.688,-1.837E-3,-0.105
11.705,3.367E-3,-0.105
11.722,8.304E-3,-0.105
11.739,1.231E-2,-0.104
11.756,1.476E-2,-0.104
11.773,1.507E-2,-0.104
11.790,1.316E-2,-0.104
11.806,9.583E-3,-0.105
11.823,4.794E-3,-0.105
11.840,-3.994E-4,-0.105
11.857,-4.963E-3,-0.105
11.874,-8.129E-3,-0.105
11.891,-9.683E-3,-0.105
11.907,-9.289E-3,-0.105
11.924,-6.884E-3,-0.105
11.941,-3.095E-3,-0.105
11.958,1.772E-3,-0.105
11.975,6.818E-3,-0.105
11.992,1.106E-2,-0.105
12.008,1.399E-2,-0.104
12.025,1.501E-2,-0.104
12.042,1.367E-2,-0.104
12.059,1.052E-2,-0.105
12.076,6.184E-3,-0.105
12.093,1.117E-3,-0.105
12.110,-3.648E-3,-0.105
12.126,-7.217E-3,-0.105
12.143,-9.333E-3,-0.105
12.160,-9.492E-3,-0.105
12.177,-7.657E-3,-0.105
12.194,-4.260E-3,-0.105
12.211,3.490E-4,-0.105
12.227,5.415E-3,-0.105
12.244,9.957E-3,-0.105
12.261,1.329E-2,-0.104
12.278,1.490E-2,-0.104
12.295,1.433E-2,-0.104
12.312,1.174E-2,-0.104
12.328,7.698E-3,-0.105
12.345,2.793E-3,-0.105
12.362,-2.215E-3,-0.105
12.379,-6.161E-3,-0.105
12.396,-8.751E-3,-0.105
12.413,-9.347E-3,-0.105
12.430,-8.217E-3,-0.105
12.446,-5.105E-3,-0.105
12.463,-9.653E-4,-0.105
12.480,4.108E-3,-0.105
12.497,8.780E-3,-0.105
12.514,1.247E-2,-0.105
12.531,1.455E-2,-0.104
12.547,1.457E-2,-0.104
12.564,1.250E-2,-0.104
12.581,8.902E-3,-0.105
12.598,4.246E-3,-0.105
12.615,-7.247E-4,-0.105
12.632,-4.878E-3,-0.105
12.648,-7.970E-3,-0.105
12.665,-9.147E-3,-0.105
12.682,-8.593E-3,-0.105
12.699,-6.017E-3,-0.105
12.716,-1.996E-3,-0.105
12.733,2.740E-3,-0.105
12.750,7.368E-3,-0.105
12.766,1.153E-2,-0.105
12.783,1.411E-2,-0.104
12.800,1.471E-2,-0.104
12.817,1.336E-2,-0.104
12.834,1.002E-2,-0.105
12.851,5.640E-3,-0.105
12.867,9.144E-4,-0.105
12.884,-3.642E-3,-0.105
12.901,-7.121E-3,-0.105
12.918,-8.833E-3,-0.105
12.935,-8.733E-3,-0.105
12.952,-6.902E-3,-0.105
12.968,-3.264E-3,-0.105
12.985,1.277E-3,-0.105
13.002,5.954E-3,-0.105
13.019,1.025E-2,-0.105
13.036,1.328E-2,-0.104
13.053,1.455E-2,-0.104
13.070,1.377E-2,-0.104
13.086,1.110E-2,-0.105
13.103,7.077E-3,-0.105
13.120,2.361E-3,-0.105
13.137,-2.325E-3,-0.105
13.154,-6.157E-3,-0.105
13.171,-8.350E-3,-0.105
13.187,-8.869E-3,-0.105
13.204,-7.584E-3,-0.105
13.221,-4.409E-3,-0.105
13.238,-1.084E-4,-0.105
13.255,4.569E-3,-0.105
13.272,9.036E-3,-0.105
13.288,1.245E-2,-0.104
13.305,1.427E-2,-0.104
13.322,1.405E-2,-0.104
13.339,1.190E-2,-0.104
13.356,8.284E-3,-0.105
13.373,3.682E-3,-0.105
13.390,-9.111E-4,-0.105
13.406,-5.005E-3,-0.105
13.423,-7.805E-3,-0.105
13.440,-8.772E-3,-0.105
13.457,-7.899E-3,-0.105
13.474,-5.456E-3,-0.105
13.491,-1.489E-3,-0.105
13.507,3.098E-3,-0.105
13.524,7.760E-3,-0.105
13.541,1.151E-2,-0.104
13.558,1.382E-2,-0.104
13.575,1.422E-2,-0.104
13.592,1.261E-2,-0.104
13.608,9.407E-3,-0.105
13.625,5.068E-3,-0.105
13.642,2.969E-4,-0.105
13.659,-3.994E-3,-0.105
13.676,-7.021E-3,-0.105
13.693,-8.617E-3,-0.105
13.710,-8.371E-3,-0.105
13.726,-6.274E-3,-0.105
13.743,-2.857E-3,-0.105
13.760,1.560E-3,-0.105
13.777,6.281E-3,-0.105
13.794,1.037E-2,-0.105
13.811,1.317E-2,-0.105
13.827,1.410E-2,-0.104
13.844,1.316E-2,-0.104
13.861,1.042E-2,-0.105
13.878,6.420E-3,-0.105
13.895,1.783E-3,-0.105
13.912,-2.579E-3,-0.105
13.928,-6.126E-3,-0.105
13.945,-8.223E-3,-0.105
13.962,-8.518E-3,-0.105
13.979,-7.094E-3,-0.105
13.996,-4.007E-3,-0.105
14.013,1.861E-4,-0.105
14.030,4.678E-3,-0.105
14.046,9.009E-3,-0.105
14.063,1.226E-2,-0.105
14.080,1.388E-2,-0.105
14.097,1.353E-2,-0.105
14.114,1.128E-2,-0.105
14.131,7.640E-3,-0.105
14.147,3.168E-3,-0.105
14.164,-1.244E-3,-0.105
14.181,-5.107E-3,-0.105
14.198,-7.693E-3,-0.105
14.215,-8.417E-3,-0.105
14.232,-7.432E-3,-0.105
14.248,-5.039E-3,-0.105
14.265,-1.182E-3,-0.105
14.282,3.207E-3,-0.105
14.299,7.630E-3,-0.105
14.316,1.124E-2,-0.105
14.333,1.343E-2,-0.105
14.350,1.370E-2,-0.104
14.366,1.203E-2,-0.105
14.383,8.765E-3,-0.105
14.400,4.489E-3,-0.105
14.417,6.933E-5,-0.105
14.434,-3.956E-3,-0.105
14.451,-6.947E-3,-0.105
14.467,-8.220E-3,-0.105
14.484,-7.816E-3,-0.105
14.501,-5.905E-3,-0.105
14.518,-2.420E-3,-0.105
14.535,1.837E-3,-0.105
14.552,6.380E-3,-0.105
14.568,1.023E-2,-0.105
14.585,1.284E-2,-0.105
14.602,1.370E-2,-0.104
14.619,1.276E-2,-0.105
14.636,1.000E-2,-0.105
14.653,6.088E-3,-0.105
14.670,1.731E-3,-0.105
14.686,-2.553E-3,-0.105
14.703,-5.880E-3,-0.105
14.720,-7.852E-3,-0.105
14.737,-8.092E-3,-0.105
14.754,-6.508E-3,-0.105
14.771,-3.408E-3,-0.105
14.787,6.443E-4,-0.105
14.804,5.010E-3,-0.105
14.821,9.066E-3,-0.105
14.838,1.215E-2,-0.104
14.855,1.352E-2,-0.104
14.872,1.316E-2,-0.104
14.888,1.092E-2,-0.105
14.905,7.357E-3,-0.105
14.922,3.210E-3,-0.105
14.939,-1.317E-3,-0.105
14.956,-4.849E-3,-0.105
14.973,-7.267E-3,-0.105
14.990,-8.087E-3,-0.105
15.006,-7.129E-3,-0.105
15.023,-4.491E-3,-0.105
15.040,-9.091E-4,-0.105
15.057,3.567E-3,-0.105
15.074,7.613E-3,-0.105
15.091,1.121E-2,-0.105
15.107,1.312E-2,-0.104
15.124,1.332E-2,-0.104
15.141,1.180E-2,-0.105
15.158,8.645E-3,-0.105
15.175,4.554E-3,-0.105
15.192,2.641E-4,-0.105
15.208,-3.699E-3,-0.105
15.225,-6.630E-3,-0.105
15.242,-7.931E-3,-0.105
15.259,-7.523E-3,-0.105
15.276,-5.484E-3,-0.105
15.293,-2.235E-3,-0.105
15.310,1.917E-3,-0.105
15.326,6.256E-3,-0.105
15.343,1.003E-2,-0.105
15.360,1.253E-2,-0.104
15.377,1.331E-2,-0.104
15.394,1.237E-2,-0.104
15.411,9.704E-3,-0.105
15.427,5.918E-3,-0.105
15.444,1.502E-3,-0.105
15.461,-2.586E-3,-0.105
15.478,-5.661E-3,-0.105
15.495,-7.555E-3,-0.105
15.512,-7.733E-3,-0.105
15.528,-6.191E-3,-0.105
15.545,-3.304E-3,-0.105
15.562,5.903E-4,-0.105
15.579,4.989E-3,-0.105
15.596,8.910E-3,-0.105
15.613,1.184E-2,-0.105
15.630,1.315E-2,-0.104
15.646,1.278E-2,-0.104
15.663,1.060E-2,-0.105
15.680,7.129E-3,-0.105
15.697,2.905E-3,-0.105
15.714,-1.240E-3,-0.105
15.731,-4.819E-3,-0.105
15.747,-7.029E-3,-0.105
15.764,-7.786E-3,-0.105
15.781,-6.786E-3,-0.105
15.798,-4.262E-3,-0.105
15.815,-7.373E-4,-0.105
15.832,3.434E-3,-0.105
15.848,7.548E-3,-0.105
15.865,1.082E-2,-0.105
15.882,1.280E-2,-0.104
15.899,1.300E-2,-0.104
15.916,1.135E-2,-0.105
15.933,8.305E-3,-0.105
15.950,4.285E-3,-0.105
15.966,1.783E-4,-0.105
15.983,-3.623E-3,-0.105
16.000,-6.267E-3,-0.105
16.017,-7.592E-3,-0.105
16.034,-7.177E-3,-0.105
16.051,-5.358E-3,-0.105
16.067,-2.049E-3,-0.105
16.084,1.971E-3,-0.105
16.101,6.218E-3,-0.105
16.118,9.818E-3,-0.105
16.135,1.222E-2,-0.105
16.152,1.295E-2,-0.104
16.168,1.208E-2,-0.105
16.185,9.498E-3,-0.105
16.202,5.840E-3,-0.105
16.219,1.593E-3,-0.105
16.236,-2.399E-3,-0.105
16.253,-5.533E-3,-0.105
16.270,-7.195E-3,-0.105
16.286,-7.392E-3,-0.105
16.303,-5.926E-3,-0.105
16.320,-3.204E-3,-0.105
16.337,6.635E-4,-0.105
16.354,4.705E-3,-0.105
16.371,8.542E-3,-0.105
16.387,1.145E-2,-0.105
16.404,1.286E-2,-0.105
16.421,1.248E-2,-0.105
16.438,1.038E-2,-0.105
16.455,7.056E-3,-0.105
16.472,3.001E-3,-0.105
16.488,-1.010E-3,-0.105
16.505,-4.491E-3,-0.105
16.522,-6.624E-3,-0.105
16.539,-7.396E-3,-0.105
16.556,-6.485E-3,-0.105
16.573,-4.250E-3,-0.105
16.590,-7.331E-4,-0.105
16.606,3.291E-3,-0.105
16.623,7.272E-3,-0.105
16.640,1.053E-2,-0.105
16.657,1.243E-2,-0.105
16.674,1.267E-2,-0.105
16.691,1.112E-2,-0.105
16.707,8.198E-3,-0.105
16.724,4.387E-3,-0.105
16.741,3.564E-4,-0.105
16.758,-3.363E-3,-0.105
16.775,-6.055E-3,-0.105
16.792,-7.208E-3,-0.105
16.808,-6.868E-3,-0.105
16.825,-5.006E-3,-0.105
16.842,-2.064E-3,-0.105
16.859,1.833E-3,-0.105
16.876,5.983E-3,-0.105
16.893,9.487E-3,-0.105
16.910,1.176E-2,-0.105
16.926,1.270E-2,-0.104
16.943,1.189E-2,-0.105
16.960,9.481E-3,-0.105
16.977,5.986E-3,-0.105
16.994,1.829E-3,-0.105
17.011,-1.945E-3,-0.105
17.027,-4.895E-3,-0.105
17.044,-6.776E-3,-0.105
17.061,-7.014E-3,-0.105
17.078,-5.648E-3,-0.105
17.095,-2.943E-3,-0.105
17.112,7.091E-4,-0.105
17.128,4.642E-3,-0.105
17.145,8.385E-3,-0.105
17.162,1.120E-2,-0.105
17.179,1.251E-2,-0.104
17.196,1.226E-2,-0.104
17.213,1.028E-2,-0.105
17.230,7.090E-3,-0.105
17.246,3.400E-3,-0.105
17.263,-6.505E-4,-0.105
17.280,-3.894E-3,-0.105
17.297,-6.209E-3,-0.105
17.314,-7.026E-3,-0.105
17.331,-6.255E-3,-0.105
17.347,-4.003E-3,-0.105
17.364,-6.174E-4,-0.105
17.381,3.240E-3,-0.105
17.398,7.165E-3,-0.105
17.415,1.014E-2,-0.105
17.432,1.209E-2,-0.104
17.448,1.240E-2,-0.104
17.465,1.115E-2,-0.105
17.482,8.421E-3,-0.105
17.499,4.763E-3,-0.105
17.516,8.793E-4,-0.105
17.533,-2.697E-3,-0.105
17.550,-5.402E-3,-0.105
17.566,-6.795E-3,-0.105
17.583,-6.590E-3,-0.105
17.600,-4.851E-3,-0.105
17.617,-1.880E-3,-0.105
17.634,1.827E-3,-0.105
17.651,5.648E-3,-0.105
17.667,9.120E-3,-0.105
17.684,1.154E-2,-0.105
17.701,1.236E-2,-0.104
17.718,1.168E-2,-0.104
17.735,9.454E-3,-0.105
17.752,6.073E-3,-0.105
17.768,2.356E-3,-0.105
17.785,-1.566E-3,-0.105
17.802,-4.444E-3,-0.105
17.819,-6.354E-3,-0.105
17.836,-6.734E-3,-0.105
17.853,-5.528E-3,-0.105
17.870,-3.030E-3,-0.105
17.886,4.501E-4,-0.105
17.903,4.241E-3,-0.105
17.920,7.951E-3,-0.105
17.937,1.061E-2,-0.105
17.954,1.209E-2,-0.104
17.971,1.197E-2,-0.105
17.987,1.022E-2,-0.105
18.004,7.388E-3,-0.105
18.021,3.636E-3,-0.105
18.038,-8.079E-5,-0.105
18.055,-3.379E-3,-0.105
18.072,-5.728E-3,-0.105
18.088,-6.641E-3,-0.105
18.105,-6.045E-3,-0.105
18.122,-3.998E-3,-0.105
18.139,-7.899E-4,-0.105
18.156,2.921E-3,-0.105
18.173,6.532E-3,-0.105
18.190,9.689E-3,-0.105
18.206,1.169E-2,-0.105
18.223,1.211E-2,-0.104
18.240,1.105E-2,-0.105
18.257,8.520E-3,-0.105
18.274,5.030E-3,-0.105
18.291,1.315E-3,-0.105
18.307,-2.225E-3,-0.105
18.324,-4.942E-3,-0.105
18.341,-6.384E-3,-0.105
18.358,-6.331E-3,-0.105
18.375,-4.779E-3,-0.105
18.392,-2.016E-3,-0.105
18.409,1.507E-3,-0.105
18.425,5.196E-3,-0.105
18.442,8.595E-3,-0.105
18.459,1.101E-2,-0.105
18.476,1.195E-2,-0.104
18.493,1.146E-2,-0.104
18.510,9.368E-3,-0.105
18.526,6.215E-3,-0.105
18.543,2.664E-3,-0.105
18.560,-1.139E-3,-0.105
18.577,-3.991E-3,-0.105
18.594,-5.930E-3,-0.105
18.611,-6.444E-3,-0.105
18.627,-5.473E-3,-0.105
18.644,-3.131E-3,-0.105
18.661,1.852E-4,-0.105
18.678,3.804E-3,-0.105
18.695,7.208E-3,-0.105
18.712,1.002E-2,-0.105
18.729,1.166E-2,-0.105
18.745,1.165E-2,-0.105
18.762,1.022E-2,-0.105
18.779,7.437E-3,-0.105
18.796,3.874E-3,-0.105
18.813,3.222E-4,-0.105
18.830,-2.947E-3,-0.105
18.846,-5.323E-3,-0.105
18.863,-6.378E-3,-0.105
18.880,-5.922E-3,-0.105
18.897,-4.089E-3,-0.105
18.914,-1.117E-3,-0.105
18.931,2.431E-3,-0.105
18.947,5.928E-3,-0.105
18.964,9.105E-3,-0.105
18.981,1.118E-2,-0.105
18.998,1.176E-2,-0.104
19.015,1.092E-2,-0.104
19.032,8.588E-3,-0.105
19.049,5.285E-3,-0.105
19.065,1.765E-3,-0.105
19.082,-1.698E-3,-0.105
19.099,-4.435E-3,-0.105
19.116,-5.996E-3,-0.105
19.133,-6.110E-3,-0.105
19.150,-4.795E-3,-0.105
19.166,-2.210E-3,-0.105
19.183,1.127E-3,-0.105
19.200,4.684E-3,-0.105
19.217,8.032E-3,-0.105
19.234,1.035E-2,-0.105
19.251,1.162E-2,-0.105
19.267,1.129E-2,-0.104
19.284,9.445E-3,-0.105
19.301,6.464E-3,-0.105
19.318,3.107E-3,-0.105
19.335,-4.235E-4,-0.105
19.352,-3.444E-3,-0.105
19.369,-5.443E-3,-0.105
19.385,-6.161E-3,-0.105
19.402,-5.344E-3,-0.105
19.419,-3.226E-3,-0.105
19.436,-2.077E-4,-0.105
19.453,3.342E-3,-0.105
19.470,6.774E-3,-0.105
19.486,9.496E-3,-0.105
19.503,1.124E-2,-0.105
19.520,1.147E-2,-0.105
19.537,1.023E-2,-0.105
19.554,7.713E-3,-0.105
19.571,4.348E-3,-0.105
19.587,9.026E-4,-0.105
19.604,-2.339E-3,-0.105
19.621,-4.790E-3,-0.105
19.638,-5.940E-3,-0.105
19.655,-5.701E-3,-0.105
19.672,-4.117E-3,-0.105
19.689,-1.408E-3,-0.105
19.705,1.941E-3,-0.105
19.722,5.355E-3,-0.105
19.739,8.549E-3,-0.105
19.756,1.059E-2,-0.105
19.773,1.149E-2,-0.105
19.790,1.083E-2,-0.105
19.806,8.730E-3,-0.105
19.823,5.666E-3,-0.105
19.840,2.331E-3,-0.105
19.857,-1.061E-3,-0.105
19.874,-3.836E-3,-0.105
19.891,-5.527E-3,-0.105
19.907,-5.829E-3,-0.105
19.924,-4.816E-3,-0.105
19.941,-2.508E-3,-0.105
19.958,6.581E-4,-0.105
19.975,4.097E-3,-0.105
19.992,7.448E-3,-0.105
20.009,9.818E-3,-0.105
20.025,1.123E-2,-0.105
20.042,1.112E-2,-0.105
20.059,9.523E-3,-0.105
20.076,6.985E-3,-0.105
20.093,3.649E-3,-0.105
20.110,2.330E-4,-0.105
20.126,-2.778E-3,-0.105
20.143,-4.898E-3,-0.105
20.160,-5.774E-3,-0.105
20.177,-5.207E-3,-0.105
20.194,-3.356E-3,-0.105
20.211,-5.416E-4,-0.105
20.227,2.820E-3,-0.105
20.244,6.102E-3,-0.105
20.261,8.987E-3,-0.105
20.278,1.076E-2,-0.105
20.295,1.129E-2,-0.105
20.312,1.022E-2,-0.105
20.329,8.086E-3,-0.105
20.345,4.912E-3,-0.105
20.362,1.607E-3,-0.105
20.379,-1.640E-3,-0.105
20.396,-4.148E-3,-0.105
20.413,-5.514E-3,-0.105
20.430,-5.526E-3,-0.105
20.446,-4.175E-3,-0.105
20.463,-1.693E-3,-0.105
20.480,1.475E-3,-0.105
20.497,4.816E-3,-0.105
20.514,7.972E-3,-0.105
20.531,1.011E-2,-0.105
20.547,1.117E-2,-0.105
20.564,1.074E-2,-0.105
20.581,8.966E-3,-0.105
20.598,6.127E-3,-0.105
20.615,2.948E-3,-0.105
20.632,-3.825E-4,-0.105
20.649,-3.180E-3,-0.105
20.665,-4.990E-3,-0.105
20.682,-5.538E-3,-0.105
20.699,-4.722E-3,-0.105
20.716,-2.701E-3,-0.105
20.733,2.167E-4,-0.105
20.750,3.549E-3,-0.105
20.766,6.847E-3,-0.105
20.783,9.309E-3,-0.105
20.800,1.088E-2,-0.105
20.817,1.100E-2,-0.105
20.834,9.802E-3,-0.105
20.851,7.388E-3,-0.105
20.867,4.164E-3,-0.105
20.884,9.125E-4,-0.105
20.901,-2.126E-3,-0.105
20.918,-4.357E-3,-0.105
20.935,-5.402E-3,-0.105
20.952,-5.133E-3,-0.105
20.969,-3.533E-3,-0.105
20.985,-9.942E-4,-0.105
21.002,2.208E-3,-0.105
21.019,5.414E-3,-0.105
21.036,8.328E-3,-0.105
21.053,1.021E-2,-0.105
21.070,1.098E-2,-0.105
21.086,1.019E-2,-0.105
21.103,8.312E-3,-0.105
21.120,5.424E-3,-0.105
21.137,2.206E-3,-0.105
21.154,-1.161E-3,-0.105
21.171,-3.577E-3,-0.105
21.187,-5.075E-3,-0.105
21.204,-5.341E-3,-0.105
21.221,-4.287E-3,-0.105
21.238,-2.084E-3,-0.105
21.255,8.614E-4,-0.105
21.272,4.139E-3,-0.105
21.289,7.104E-3,-0.105
21.305,9.548E-3,-0.105
21.322,1.072E-2,-0.105
21.339,1.053E-2,-0.105
21.356,9.150E-3,-0.105
21.373,6.582E-3,-0.105
21.390,3.492E-3,-0.105
21.406,1.497E-4,-0.105
21.423,-2.682E-3,-0.105
21.440,-4.520E-3,-0.105
21.457,-5.288E-3,-0.105
21.474,-4.749E-3,-0.105
21.491,-3.009E-3,-0.105
21.507,-3.200E-4,-0.105
21.524,2.858E-3,-0.105
21.541,5.950E-3,-0.105
21.558,8.661E-3,-0.105
21.575,1.024E-2,-0.105
21.592,1.062E-2,-0.105
21.609,9.728E-3,-0.105
21.625,7.693E-3,-0.105
21.642,4.708E-3,-0.105
21.659,1.581E-3,-0.105
21.676,-1.461E-3,-0.105
21.693,-3.780E-3,-0.105
21.710,-5.034E-3,-0.105
21.726,-5.058E-3,-0.105
21.743,-3.773E-3,-0.105
21.760,-1.444E-3,-0.105
21.777,1.533E-3,-0.105
21.794,4.675E-3,-0.105
21.811,7.632E-3,-0.105
21.827,9.653E-3,-0.105
21.844,1.051E-2,-0.105
21.861,1.015E-2,-0.105
21.878,8.570E-3,-0.105
21.895,5.914E-3,-0.105
21.912,2.876E-3,-0.105
21.929,-1.898E-4,-0.105
21.945,-2.840E-3,-0.105
21.962,-4.593E-3,-0.105
21.979,-5.119E-3,-0.105
21.996,-4.363E-3,-0.105
22.013,-2.447E-3,-0.105
22.030,2.928E-4,-0.105
22.046,3.366E-3,-0.105
22.063,6.385E-3,-0.105
22.080,8.892E-3,-0.105
22.097,1.029E-2,-0.105
22.114,1.045E-2,-0.105
22.131,9.313E-3,-0.105
22.147,6.985E-3,-0.105
22.164,4.113E-3,-0.105
22.181,8.567E-4,-0.105
22.198,-1.924E-3,-0.105
22.215,-4.052E-3,-0.105
22.232,-4.934E-3,-0.105
22.249,-4.710E-3,-0.105
22.265,-3.254E-3,-0.105
22.282,-8.493E-4,-0.105
22.299,2.164E-3,-0.105
22.316,5.177E-3,-0.105
22.333,7.950E-3,-0.105
22.350,9.742E-3,-0.105
22.366,1.039E-2,-0.105
22.383,9.778E-3,-0.105
22.400,8.045E-3,-0.105
22.417,5.323E-3,-0.105
22.434,2.326E-3,-0.105
22.451,-8.403E-4,-0.105
22.467,-3.275E-3,-0.105
22.484,-4.607E-3,-0.105
22.501,-4.888E-3,-0.105
22.518,-3.926E-3,-0.105
22.535,-1.909E-3,-0.105
22.552,9.016E-4,-0.105
22.569,3.927E-3,-0.105
22.585,6.801E-3,-0.105
22.602,9.054E-3,-0.105
22.619,1.018E-2,-0.105
22.636,1.009E-2,-0.105
22.653,8.824E-3,-0.105
22.670,6.384E-3,-0.105
22.686,3.507E-3,-0.105
22.703,3.634E-4,-0.105
22.720,-2.310E-3,-0.105
22.737,-4.194E-3,-0.105
22.754,-4.808E-3,-0.105
22.771,-4.366E-3,-0.105
22.787,-2.744E-3,-0.105
22.804,-2.255E-4,-0.105
22.821,2.724E-3,-0.105
22.838,5.663E-3,-0.105
22.855,8.253E-3,-0.105
22.872,9.771E-3,-0.105
22.889,1.019E-2,-0.105
22.905,9.412E-3,-0.105
22.922,7.530E-3,-0.105
22.939,4.753E-3,-0.105
22.956,1.784E-3,-0.105
22.973,-1.062E-3,-0.105
22.990,-3.296E-3,-0.105
23.006,-4.560E-3,-0.105
23.023,-4.609E-3,-0.105
23.040,-3.462E-3,-0.105
23.057,-1.338E-3,-0.105
23.074,1.455E-3,-0.105
23.091,4.421E-3,-0.105
23.107,7.068E-3,-0.105
23.124,9.175E-3,-0.105
23.141,1.009E-2,-0.105
23.158,9.834E-3,-0.105
23.175,8.375E-3,-0.105
23.192,5.902E-3,-0.105
23.209,3.097E-3,-0.105
23.225,1.687E-4,-0.105
23.242,-2.370E-3,-0.105
23.259,-4.036E-3,-0.105
23.276,-4.633E-3,-0.105
23.293,-4.007E-3,-0.105
23.310,-2.258E-3,-0.105
23.326,2.897E-4,-0.105
23.343,3.209E-3,-0.105
23.360,5.981E-3,-0.105
23.377,8.425E-3,-0.105
23.394,9.738E-3,-0.105
23.411,9.990E-3,-0.105
23.427,9.029E-3,-0.105
23.444,6.872E-3,-0.105
23.461,4.265E-3,-0.105
23.478,1.355E-3,-0.105
23.495,-1.524E-3,-0.105
23.512,-3.572E-3,-0.105
23.529,-4.440E-3,-0.105
23.545,-4.318E-3,-0.105
23.562,-3.066E-3,-0.105
23.579,-8.080E-4,-0.105
23.596,1.947E-3,-0.105
23.613,4.819E-3,-0.105
23.630,7.309E-3,-0.105
23.646,9.232E-3,-0.105
23.663,9.916E-3,-0.105
23.680,9.474E-3,-0.105
23.697,7.904E-3,-0.105
23.714,5.429E-3,-0.105
23.731,2.635E-3,-0.105
23.747,-3.498E-4,-0.105
23.764,-2.709E-3,-0.105
23.781,-4.169E-3,-0.105
23.798,-4.550E-3,-0.105
23.815,-3.708E-3,-0.105
23.832,-1.922E-3,-0.105
23.849,6.785E-4,-0.105
23.865,3.509E-3,-0.105
23.882,6.221E-3,-0.105
23.899,8.414E-3,-0.105
23.916,9.681E-3,-0.105
23.933,9.705E-3,-0.105
23.950,8.657E-3,-0.105
23.966,6.493E-3,-0.105
23.983,3.693E-3,-0.105
24.000,9.096E-4,-0.105
24.017,-1.664E-3,-0.105
24.034,-3.547E-3,-0.105
24.051,-4.395E-3,-0.105
24.067,-4.120E-3,-0.105
24.084,-2.747E-3,-0.105
24.101,-4.388E-4,-0.105
24.118,2.326E-3,-0.105
24.135,5.118E-3,-0.105
24.152,7.630E-3,-0.105
24.169,9.165E-3,-0.105
24.185,9.692E-3,-0.105
24.202,9.079E-3,-0.105
24.219,7.431E-3,-0.105
24.236,4.889E-3,-0.105
24.253,2.131E-3,-0.105
24.270,-5.880E-4,-0.105
24.286,-2.744E-3,-0.105
24.303,-4.052E-3,-0.105
24.320,-4.274E-3,-0.105
24.337,-3.342E-3,-0.105
24.354,-1.447E-3,-0.105
24.371,1.110E-3,-0.105
24.387,3.878E-3,-0.105
24.404,6.637E-3,-0.105
24.421,8.530E-3,-0.105
24.438,9.607E-3,-0.105
24.455,9.481E-3,-0.105
24.472,8.267E-3,-0.105
24.489,6.078E-3,-0.105
24.505,3.491E-3,-0.105
24.522,6.051E-4,-0.105
24.539,-1.875E-3,-0.105
24.556,-3.565E-3,-0.105
24.573,-4.145E-3,-0.105
24.590,-3.694E-3,-0.105
24.606,-2.176E-3,-0.105
24.623,6.918E-5,-0.105
24.640,2.826E-3,-0.105
24.657,5.494E-3,-0.105
24.674,7.740E-3,-0.105
24.691,9.275E-3,-0.105
24.707,9.629E-3,-0.105
24.724,8.862E-3,-0.105
24.741,7.133E-3,-0.105
24.758,4.548E-3,-0.105
24.775,1.864E-3,-0.105
24.792,-8.861E-4,-0.105
24.809,-2.863E-3,-0.105
24.825,-3.906E-3,-0.105
24.842,-3.953E-3,-0.105
24.859,-2.888E-3,-0.105
24.876,-9.264E-4,-0.105
24.893,1.655E-3,-0.105
24.910,4.346E-3,-0.105
24.926,6.813E-3,-0.105
24.943,8.689E-3,-0.105
24.960,9.497E-3,-0.105
24.977,9.259E-3,-0.105
