,mass A,,
t,x,y,
0.017,2.431E-2,-8.076E-2
0.034,2.449E-2,-8.082E-2
0.051,2.455E-2,-8.083E-2
0.067,2.447E-2,-8.080E-2
0.084,2.416E-2,-8.067E-2
0.101,2.393E-2,-8.068E-2
0.118,2.367E-2,-8.070E-2
0.135,2.342E-2,-8.061E-2
0.152,2.313E-2,-8.050E-2
0.168,2.305E-2,-8.047E-2
0.185,2.324E-2,-8.058E-2
0.202,2.341E-2,-8.062E-2
0.219,2.366E-2,-8.064E-2
0.236,2.402E-2,-8.062E-2
0.253,2.436E-2,-8.067E-2
0.269,2.480E-2,-8.080E-2
0.286,2.497E-2,-8.085E-2
0.303,2.509E-2,-8.088E-2
0.320,2.510E-2,-8.083E-2
0.337,2.500E-2,-8.076E-2
0.354,2.479E-2,-8.077E-2
0.371,2.457E-2,-8.078E-2
0.387,2.439E-2,-8.076E-2
0.404,2.432E-2,-8.074E-2
0.421,2.436E-2,-8.074E-2
0.438,2.453E-2,-8.078E-2
0.455,2.471E-2,-8.085E-2
0.472,2.496E-2,-8.086E-2
0.488,2.525E-2,-8.090E-2
0.505,2.547E-2,-8.088E-2
0.522,2.555E-2,-8.088E-2
0.539,2.553E-2,-8.089E-2
0.556,2.548E-2,-8.090E-2
0.573,2.540E-2,-8.082E-2
0.589,2.524E-2,-8.078E-2
0.606,2.506E-2,-8.083E-2
0.623,2.497E-2,-8.079E-2
0.640,2.496E-2,-8.079E-2
0.657,2.507E-2,-8.082E-2
0.674,2.529E-2,-8.082E-2
0.691,2.556E-2,-8.083E-2
0.707,2.598E-2,-8.094E-2
0.724,2.628E-2,-8.101E-2
0.741,2.652E-2,-8.101E-2
0.758,2.662E-2,-8.098E-2
0.775,2.659E-2,-8.099E-2
0.792,2.636E-2,-8.099E-2
0.808,2.615E-2,-8.098E-2
0.825,2.591E-2,-8.096E-2
0.842,2.573E-2,-8.094E-2
0.859,2.552E-2,-8.089E-2
0.876,2.554E-2,-8.087E-2
0.893,2.575E-2,-8.087E-2
0.909,2.618E-2,-8.095E-2
0.926,2.654E-2,-8.100E-2
0.943,2.682E-2,-8.100E-2
0.960,2.698E-2,-8.105E-2
0.977,2.698E-2,-8.104E-2
0.994,2.684E-2,-8.101E-2
1.011,2.660E-2,-8.100E-2
1.027,2.626E-2,-8.101E-2
1.044,2.599E-2,-8.094E-2
1.061,2.577E-2,-8.094E-2
1.078,2.566E-2,-8.098E-2
1.095,2.570E-2,-8.096E-2
1.112,2.588E-2,-8.099E-2
1.128,2.609E-2,-8.099E-2
1.145,2.636E-2,-8.100E-2
1.162,2.653E-2,-8.102E-2
1.179,2.665E-2,-8.101E-2
1.196,2.659E-2,-8.102E-2
1.213,2.642E-2,-8.102E-2
1.229,2.617E-2,-8.099E-2
1.246,2.587E-2,-8.100E-2
1.263,2.559E-2,-8.096E-2
1.280,2.528E-2,-8.097E-2
1.297,2.506E-2,-8.097E-2
1.314,2.479E-2,-8.086E-2
1.331,2.477E-2,-8.084E-2
1.347,2.494E-2,-8.085E-2
1.364,2.515E-2,-8.088E-2
1.381,2.538E-2,-8.086E-2
1.398,2.560E-2,-8.085E-2
1.415,2.579E-2,-8.085E-2
1.432,2.597E-2,-8.094E-2
1.448,2.596E-2,-8.096E-2
1.465,2.578E-2,-8.095E-2
1.482,2.551E-2,-8.090E-2
1.499,2.534E-2,-8.087E-2
1.516,2.517E-2,-8.082E-2
1.533,2.515E-2,-8.085E-2
1.549,2.518E-2,-8.085E-2
1.566,2.533E-2,-8.083E-2
1.583,2.552E-2,-8.083E-2
1.600,2.572E-2,-8.091E-2
1.617,2.603E-2,-8.094E-2
1.634,2.616E-2,-8.097E-2
1.651,2.623E-2,-8.092E-2
1.667,2.617E-2,-8.093E-2
1.684,2.603E-2,-8.093E-2
1.701,2.589E-2,-8.098E-2
1.718,2.570E-2,-8.098E-2
1.735,2.557E-2,-8.092E-2
1.752,2.549E-2,-8.096E-2
1.768,2.550E-2,-8.097E-2
1.785,2.557E-2,-8.098E-2
1.802,2.576E-2,-8.098E-2
1.819,2.594E-2,-8.099E-2
1.836,2.605E-2,-8.105E-2
1.853,2.622E-2,-8.100E-2
1.869,2.620E-2,-8.100E-2
1.886,2.625E-2,-8.098E-2
1.903,2.624E-2,-8.098E-2
1.920,2.623E-2,-8.098E-2
1.937,2.613E-2,-8.102E-2
1.954,2.601E-2,-8.098E-2
1.971,2.587E-2,-8.103E-2
1.987,2.575E-2,-8.096E-2
2.004,2.564E-2,-8.095E-2
2.021,2.559E-2,-8.095E-2
2.038,2.560E-2,-8.095E-2
2.055,2.563E-2,-8.096E-2
2.072,2.580E-2,-8.097E-2
2.088,2.595E-2,-8.102E-2
2.105,2.614E-2,-8.103E-2
2.122,2.634E-2,-8.103E-2
2.139,2.644E-2,-8.099E-2
2.156,2.647E-2,-8.106E-2
2.173,2.652E-2,-8.103E-2
2.189,2.636E-2,-8.103E-2
2.206,2.620E-2,-8.100E-2
2.223,2.596E-2,-8.098E-2
2.240,2.573E-2,-8.096E-2
2.257,2.554E-2,-8.097E-2
2.274,2.551E-2,-8.099E-2
2.291,2.551E-2,-8.099E-2
2.307,2.554E-2,-8.098E-2
2.324,2.570E-2,-8.102E-2
2.341,2.589E-2,-8.102E-2
2.358,2.611E-2,-8.103E-2
2.375,2.623E-2,-8.101E-2
2.392,2.627E-2,-8.105E-2
2.408,2.630E-2,-8.104E-2
2.425,2.633E-2,-8.104E-2
2.442,2.624E-2,-8.100E-2
2.459,2.610E-2,-8.105E-2
2.476,2.609E-2,-8.103E-2
2.493,2.607E-2,-8.104E-2
2.509,2.606E-2,-8.105E-2
2.526,2.612E-2,-8.103E-2
2.543,2.627E-2,-8.104E-2
2.560,2.630E-2,-8.104E-2
2.577,2.647E-2,-8.106E-2
2.594,2.658E-2,-8.105E-2
2.611,2.666E-2,-8.107E-2
2.627,2.669E-2,-8.106E-2
2.644,2.666E-2,-8.106E-2
2.661,2.653E-2,-8.103E-2
2.678,2.638E-2,-8.101E-2
2.695,2.616E-2,-8.098E-2
2.712,2.610E-2,-8.098E-2
2.728,2.608E-2,-8.101E-2
2.745,2.608E-2,-8.101E-2
2.762,2.614E-2,-8.099E-2
2.779,2.630E-2,-8.102E-2
2.796,2.643E-2,-8.101E-2
2.813,2.647E-2,-8.104E-2
2.829,2.660E-2,-8.100E-2
2.846,2.661E-2,-8.101E-2
2.863,2.659E-2,-8.101E-2
2.880,2.654E-2,-8.102E-2
2.897,2.647E-2,-8.101E-2
2.914,2.637E-2,-8.099E-2
2.931,2.632E-2,-8.100E-2
2.947,2.625E-2,-8.096E-2
2.964,2.620E-2,-8.099E-2
2.981,2.621E-2,-8.098E-2
2.998,2.621E-2,-8.098E-2
3.015,2.622E-2,-8.097E-2
3.032,2.629E-2,-8.103E-2
3.048,2.635E-2,-8.100E-2
3.065,2.635E-2,-8.100E-2
3.082,2.636E-2,-8.100E-2
3.099,2.631E-2,-8.103E-2
3.116,2.626E-2,-8.102E-2
3.133,2.627E-2,-8.102E-2
3.149,2.624E-2,-8.096E-2
3.166,2.617E-2,-8.098E-2
3.183,2.616E-2,-8.099E-2
3.200,2.614E-2,-8.100E-2
3.217,2.623E-2,-8.097E-2
3.234,2.625E-2,-8.096E-2
3.251,2.626E-2,-8.103E-2
3.267,2.644E-2,-8.100E-2
3.284,2.647E-2,-8.105E-2
3.301,2.651E-2,-8.106E-2
3.318,2.651E-2,-8.103E-2
3.335,2.654E-2,-8.102E-2
3.352,2.656E-2,-8.102E-2
3.368,2.656E-2,-8.101E-2
3.385,2.653E-2,-8.103E-2
3.402,2.653E-2,-8.100E-2
3.419,2.653E-2,-8.102E-2
3.436,2.654E-2,-8.101E-2
3.453,2.652E-2,-8.101E-2
3.469,2.653E-2,-8.101E-2
3.486,2.652E-2,-8.101E-2
3.503,2.650E-2,-8.104E-2
3.520,2.652E-2,-8.102E-2
3.537,2.656E-2,-8.102E-2
3.554,2.663E-2,-8.101E-2
3.571,2.668E-2,-8.106E-2
3.587,2.674E-2,-8.104E-2
3.604,2.676E-2,-8.102E-2
3.621,2.676E-2,-8.103E-2
3.638,2.676E-2,-8.102E-2
3.655,2.677E-2,-8.102E-2
3.672,2.674E-2,-8.103E-2
3.688,2.670E-2,-8.104E-2
3.705,2.670E-2,-8.104E-2
3.722,2.670E-2,-8.103E-2
3.739,2.670E-2,-8.101E-2
3.756,2.675E-2,-8.102E-2
3.773,2.676E-2,-8.102E-2
3.789,2.680E-2,-8.103E-2
3.806,2.680E-2,-8.103E-2
3.823,2.682E-2,-8.099E-2
3.840,2.682E-2,-8.100E-2
3.857,2.678E-2,-8.100E-2
3.874,2.676E-2,-8.101E-2
3.891,2.670E-2,-8.103E-2
3.907,2.667E-2,-8.103E-2
3.924,2.663E-2,-8.097E-2
3.941,2.654E-2,-8.100E-2
3.958,2.654E-2,-8.100E-2
3.975,2.644E-2,-8.096E-2
3.992,2.640E-2,-8.098E-2
4.008,2.640E-2,-8.098E-2
4.025,2.644E-2,-8.098E-2
4.042,2.649E-2,-8.102E-2
4.059,2.654E-2,-8.102E-2
4.076,2.670E-2,-8.106E-2
4.093,2.679E-2,-8.101E-2
4.109,2.684E-2,-8.100E-2
4.126,2.687E-2,-8.104E-2
4.143,2.691E-2,-8.104E-2
4.160,2.693E-2,-8.103E-2
4.177,2.692E-2,-8.102E-2
4.194,2.688E-2,-8.105E-2
4.211,2.687E-2,-8.105E-2
4.227,2.686E-2,-8.106E-2
4.244,2.688E-2,-8.105E-2
4.261,2.688E-2,-8.105E-2
4.278,2.688E-2,-8.104E-2
4.295,2.691E-2,-8.104E-2
4.312,2.696E-2,-8.102E-2
4.328,2.700E-2,-8.102E-2
4.345,2.699E-2,-8.103E-2
4.362,2.706E-2,-8.105E-2
4.379,2.712E-2,-8.105E-2
4.396,2.713E-2,-8.104E-2
4.413,2.712E-2,-8.103E-2
4.429,2.709E-2,-8.106E-2
4.446,2.707E-2,-8.106E-2
4.463,2.707E-2,-8.106E-2
4.480,2.702E-2,-8.101E-2
4.497,2.697E-2,-8.104E-2
4.514,2.697E-2,-8.101E-2
4.531,2.696E-2,-8.102E-2
4.547,2.702E-2,-8.102E-2
4.564,2.706E-2,-8.107E-2
4.581,2.715E-2,-8.104E-2
4.598,2.718E-2,-8.103E-2
4.615,2.724E-2,-8.101E-2
4.632,2.723E-2,-8.102E-2
4.648,2.725E-2,-8.100E-2
4.665,2.724E-2,-8.100E-2
4.682,2.720E-2,-8.098E-2
4.699,2.715E-2,-8.102E-2
4.716,2.710E-2,-8.103E-2
4.733,2.708E-2,-8.105E-2
4.749,2.702E-2,-8.098E-2
4.766,2.700E-2,-8.100E-2
4.783,2.697E-2,-8.101E-2
4.800,2.694E-2,-8.102E-2
4.817,2.694E-2,-8.102E-2
4.834,2.697E-2,-8.101E-2
4.851,2.699E-2,-8.100E-2
4.867,2.702E-2,-8.099E-2
4.884,2.701E-2,-8.099E-2
4.901,2.703E-2,-8.099E-2
4.918,2.703E-2,-8.098E-2
4.935,2.694E-2,-8.101E-2
4.952,2.691E-2,-8.100E-2
4.968,2.679E-2,-8.101E-2
4.985,2.675E-2,-8.099E-2
5.002,2.675E-2,-8.099E-2
5.019,2.677E-2,-8.099E-2
5.036,2.678E-2,-8.098E-2
5.053,2.682E-2,-8.100E-2
5.069,2.685E-2,-8.099E-2
5.086,2.696E-2,-8.101E-2
5.103,2.698E-2,-8.101E-2
5.120,2.701E-2,-8.100E-2
5.137,2.700E-2,-8.100E-2
5.154,2.700E-2,-8.101E-2
5.171,2.698E-2,-8.103E-2
5.187,2.695E-2,-8.101E-2
5.204,2.685E-2,-8.099E-2
5.221,2.674E-2,-8.103E-2
5.238,2.665E-2,-8.099E-2
5.255,2.659E-2,-8.100E-2
5.272,2.643E-2,-8.097E-2
5.288,2.639E-2,-8.098E-2
5.305,2.620E-2,-8.098E-2
5.322,2.601E-2,-8.094E-2
5.339,2.551E-2,-8.091E-2
5.356,2.507E-2,-8.084E-2
5.373,2.477E-2,-8.080E-2
5.389,2.451E-2,-8.081E-2
5.406,2.441E-2,-8.072E-2
5.423,2.443E-2,-8.075E-2
5.440,2.465E-2,-8.081E-2
5.457,2.505E-2,-8.086E-2
5.474,2.546E-2,-8.089E-2
5.491,2.595E-2,-8.096E-2
5.507,2.621E-2,-8.096E-2
5.524,2.625E-2,-8.101E-2
5.541,2.609E-2,-8.100E-2
5.558,2.557E-2,-8.087E-2
5.575,2.503E-2,-8.080E-2
5.592,2.454E-2,-8.077E-2
5.608,2.422E-2,-8.072E-2
5.625,2.407E-2,-8.079E-2
5.642,2.424E-2,-8.074E-2
5.659,2.461E-2,-8.075E-2
5.676,2.511E-2,-8.085E-2
5.693,2.580E-2,-8.094E-2
5.709,2.619E-2,-8.100E-2
5.726,2.638E-2,-8.099E-2
5.743,2.638E-2,-8.099E-2
5.760,2.606E-2,-8.103E-2
5.777,2.568E-2,-8.099E-2
5.794,2.530E-2,-8.096E-2
5.811,2.493E-2,-8.094E-2
5.827,2.469E-2,-8.085E-2
5.844,2.474E-2,-8.084E-2
5.861,2.495E-2,-8.084E-2
5.878,2.534E-2,-8.089E-2
5.895,2.583E-2,-8.093E-2
5.912,2.612E-2,-8.099E-2
5.928,2.632E-2,-8.100E-2
5.945,2.633E-2,-8.100E-2
5.962,2.615E-2,-8.100E-2
5.979,2.588E-2,-8.097E-2
5.996,2.559E-2,-8.093E-2
6.013,2.535E-2,-8.095E-2
6.029,2.521E-2,-8.092E-2
6.046,2.520E-2,-8.093E-2
6.063,2.539E-2,-8.096E-2
6.080,2.560E-2,-8.098E-2
6.097,2.590E-2,-8.101E-2
6.114,2.620E-2,-8.102E-2
6.131,2.635E-2,-8.108E-2
6.147,2.642E-2,-8.101E-2
6.164,2.634E-2,-8.104E-2
6.181,2.618E-2,-8.101E-2
6.198,2.600E-2,-8.100E-2
6.215,2.587E-2,-8.100E-2
6.232,2.571E-2,-8.099E-2
6.248,2.570E-2,-8.098E-2
6.265,2.571E-2,-8.101E-2
6.282,2.591E-2,-8.101E-2
6.299,2.610E-2,-8.103E-2
6.316,2.630E-2,-8.104E-2
6.333,2.647E-2,-8.107E-2
6.349,2.660E-2,-8.104E-2
6.366,2.662E-2,-8.103E-2
6.383,2.658E-2,-8.103E-2
6.400,2.639E-2,-8.102E-2
6.417,2.618E-2,-8.098E-2
6.434,2.599E-2,-8.097E-2
6.451,2.593E-2,-8.099E-2
6.467,2.592E-2,-8.100E-2
6.484,2.594E-2,-8.099E-2
6.501,2.613E-2,-8.101E-2
6.518,2.628E-2,-8.102E-2
6.535,2.636E-2,-8.102E-2
6.552,2.639E-2,-8.101E-2
6.568,2.638E-2,-8.101E-2
6.585,2.637E-2,-8.102E-2
6.602,2.635E-2,-8.101E-2
6.619,2.626E-2,-8.104E-2
6.636,2.621E-2,-8.099E-2
6.653,2.614E-2,-8.099E-2
6.669,2.615E-2,-8.100E-2
6.686,2.614E-2,-8.101E-2
6.703,2.615E-2,-8.099E-2
6.720,2.624E-2,-8.099E-2
6.737,2.625E-2,-8.098E-2
6.754,2.624E-2,-8.099E-2
6.771,2.631E-2,-8.106E-2
6.787,2.624E-2,-8.097E-2
6.804,2.604E-2,-8.098E-2
6.821,2.587E-2,-8.102E-2
6.838,2.570E-2,-8.101E-2
6.855,2.563E-2,-8.094E-2
6.872,2.561E-2,-8.095E-2
6.888,2.593E-2,-8.098E-2
6.905,2.683E-2,-8.102E-2
6.922,2.873E-2,-8.124E-2
6.939,3.226E-2,-8.157E-2
6.956,3.719E-2,-8.189E-2
6.973,4.382E-2,-8.209E-2
6.990,5.124E-2,-8.212E-2
7.006,5.869E-2,-8.178E-2
7.023,6.525E-2,-8.122E-2
7.040,7.024E-2,-8.068E-2
7.057,7.290E-2,-8.024E-2
7.074,7.324E-2,-8.025E-2
7.091,7.113E-2,-8.060E-2
7.107,6.650E-2,-8.111E-2
7.124,6.030E-2,-8.166E-2
7.141,5.306E-2,-8.201E-2
7.158,4.564E-2,-8.206E-2
7.175,3.898E-2,-8.193E-2
7.192,3.352E-2,-8.164E-2
7.208,3.032E-2,-8.141E-2
7.225,2.949E-2,-8.141E-2
7.242,3.094E-2,-8.149E-2
7.259,3.498E-2,-8.179E-2
7.276,4.086E-2,-8.206E-2
7.293,4.794E-2,-8.217E-2
7.310,5.530E-2,-8.200E-2
7.326,6.222E-2,-8.158E-2
7.343,6.799E-2,-8.100E-2
7.360,7.195E-2,-8.056E-2
7.377,7.338E-2,-8.038E-2
7.394,7.224E-2,-8.046E-2
7.411,6.886E-2,-8.084E-2
7.427,6.329E-2,-8.147E-2
7.444,5.658E-2,-8.197E-2
7.461,4.919E-2,-8.216E-2
7.478,4.209E-2,-8.215E-2
7.495,3.598E-2,-8.187E-2
7.512,3.182E-2,-8.159E-2
7.528,2.977E-2,-8.141E-2
7.545,3.019E-2,-8.144E-2
7.562,3.302E-2,-8.167E-2
7.579,3.808E-2,-8.200E-2
7.596,4.460E-2,-8.222E-2
7.613,5.187E-2,-8.218E-2
7.630,5.903E-2,-8.184E-2
7.646,6.526E-2,-8.127E-2
7.663,7.015E-2,-8.078E-2
7.680,7.277E-2,-8.046E-2
7.697,7.281E-2,-8.040E-2
7.714,7.036E-2,-8.070E-2
7.731,6.586E-2,-8.114E-2
7.747,5.962E-2,-8.172E-2
7.764,5.253E-2,-8.213E-2
7.781,4.534E-2,-8.219E-2
7.798,3.873E-2,-8.207E-2
7.815,3.340E-2,-8.169E-2
7.832,3.032E-2,-8.144E-2
7.848,2.967E-2,-8.139E-2
7.865,3.143E-2,-8.155E-2
7.882,3.548E-2,-8.181E-2
7.899,4.135E-2,-8.211E-2
7.916,4.830E-2,-8.213E-2
7.933,5.557E-2,-8.200E-2
7.950,6.233E-2,-8.160E-2
7.966,6.766E-2,-8.101E-2
7.983,7.133E-2,-8.058E-2
8.000,7.260E-2,-8.042E-2
8.017,7.140E-2,-8.054E-2
8.034,6.792E-2,-8.103E-2
8.051,6.252E-2,-8.156E-2
8.067,5.593E-2,-8.204E-2
8.084,4.874E-2,-8.220E-2
8.101,4.188E-2,-8.214E-2
8.118,3.588E-2,-8.186E-2
8.135,3.177E-2,-8.156E-2
8.152,2.993E-2,-8.142E-2
8.168,3.047E-2,-8.142E-2
8.185,3.361E-2,-8.174E-2
8.202,3.851E-2,-8.204E-2
8.219,4.504E-2,-8.225E-2
8.236,5.210E-2,-8.221E-2
8.253,5.905E-2,-8.187E-2
8.270,6.532E-2,-8.130E-2
8.286,6.996E-2,-8.081E-2
8.303,7.250E-2,-8.053E-2
8.320,7.248E-2,-8.052E-2
8.337,6.992E-2,-8.086E-2
8.354,6.545E-2,-8.132E-2
8.371,5.933E-2,-8.183E-2
8.387,5.235E-2,-8.216E-2
8.404,4.524E-2,-8.223E-2
8.421,3.904E-2,-8.205E-2
8.438,3.422E-2,-8.178E-2
8.455,3.131E-2,-8.166E-2
8.472,3.079E-2,-8.159E-2
8.488,3.238E-2,-8.169E-2
8.505,3.644E-2,-8.197E-2
8.522,4.209E-2,-8.222E-2
8.539,4.887E-2,-8.226E-2
8.556,5.586E-2,-8.202E-2
8.573,6.244E-2,-8.159E-2
8.590,6.754E-2,-8.106E-2
8.606,7.090E-2,-8.059E-2
8.623,7.195E-2,-8.044E-2
8.640,7.077E-2,-8.059E-2
8.657,6.729E-2,-8.099E-2
8.674,6.198E-2,-8.159E-2
8.691,5.559E-2,-8.199E-2
8.707,4.853E-2,-8.220E-2
8.724,4.189E-2,-8.215E-2
8.741,3.621E-2,-8.188E-2
8.758,3.226E-2,-8.157E-2
8.775,3.046E-2,-8.139E-2
8.792,3.103E-2,-8.146E-2
8.808,3.399E-2,-8.167E-2
8.825,3.912E-2,-8.199E-2
8.842,4.538E-2,-8.223E-2
8.859,5.236E-2,-8.214E-2
8.876,5.913E-2,-8.183E-2
8.893,6.491E-2,-8.130E-2
8.910,6.924E-2,-8.080E-2
8.926,7.132E-2,-8.043E-2
8.943,7.130E-2,-8.040E-2
8.960,6.907E-2,-8.077E-2
8.977,6.464E-2,-8.125E-2
8.994,5.877E-2,-8.183E-2
9.011,5.198E-2,-8.216E-2
9.027,4.517E-2,-8.220E-2
9.044,3.898E-2,-8.202E-2
9.061,3.407E-2,-8.168E-2
9.078,3.102E-2,-8.142E-2
9.095,3.061E-2,-8.138E-2
9.112,3.241E-2,-8.158E-2
9.128,3.640E-2,-8.186E-2
9.145,4.222E-2,-8.213E-2
9.162,4.887E-2,-8.219E-2
9.179,5.577E-2,-8.200E-2
9.196,6.206E-2,-8.163E-2
9.213,6.708E-2,-8.102E-2
9.230,7.032E-2,-8.066E-2
9.246,7.135E-2,-8.044E-2
9.263,7.017E-2,-8.065E-2
9.280,6.681E-2,-8.105E-2
9.297,6.173E-2,-8.162E-2
9.314,5.535E-2,-8.200E-2
9.331,4.856E-2,-8.220E-2
9.347,4.205E-2,-8.215E-2
9.364,3.647E-2,-8.186E-2
9.381,3.277E-2,-8.162E-2
9.398,3.097E-2,-8.147E-2
9.415,3.160E-2,-8.147E-2
9.432,3.447E-2,-8.167E-2
9.448,3.943E-2,-8.203E-2
9.465,4.564E-2,-8.220E-2
9.482,5.244E-2,-8.216E-2
9.499,5.900E-2,-8.179E-2
9.516,6.460E-2,-8.129E-2
9.533,6.880E-2,-8.081E-2
9.550,7.091E-2,-8.045E-2
9.566,7.070E-2,-8.046E-2
9.583,6.847E-2,-8.078E-2
9.600,6.413E-2,-8.130E-2
9.617,5.843E-2,-8.179E-2
9.634,5.175E-2,-8.205E-2
9.651,4.518E-2,-8.212E-2
9.667,3.918E-2,-8.198E-2
9.684,3.463E-2,-8.173E-2
9.701,3.197E-2,-8.158E-2
9.718,3.119E-2,-8.147E-2
9.735,3.295E-2,-8.162E-2
9.752,3.684E-2,-8.187E-2
9.768,4.246E-2,-8.211E-2
9.785,4.896E-2,-8.219E-2
9.802,5.571E-2,-8.199E-2
9.819,6.172E-2,-8.161E-2
9.836,6.661E-2,-8.106E-2
9.853,6.975E-2,-8.066E-2
9.870,7.078E-2,-8.049E-2
9.886,6.961E-2,-8.063E-2
9.903,6.638E-2,-8.104E-2
9.920,6.143E-2,-8.159E-2
9.937,5.520E-2,-8.200E-2
9.954,4.859E-2,-8.221E-2
9.971,4.219E-2,-8.212E-2
9.987,3.675E-2,-8.187E-2
10.004,3.304E-2,-8.156E-2
10.021,3.131E-2,-8.146E-2
10.038,3.190E-2,-8.150E-2
10.055,3.489E-2,-8.174E-2
10.072,3.957E-2,-8.205E-2
10.088,4.569E-2,-8.219E-2
10.105,5.235E-2,-8.214E-2
10.122,5.875E-2,-8.192E-2
10.139,6.415E-2,-8.139E-2
10.156,6.816E-2,-8.090E-2
10.173,7.037E-2,-8.062E-2
10.190,7.036E-2,-8.063E-2
10.206,6.815E-2,-8.090E-2
10.223,6.398E-2,-8.136E-2
10.240,5.839E-2,-8.188E-2
10.257,5.188E-2,-8.210E-2
10.274,4.556E-2,-8.216E-2
10.291,3.960E-2,-8.204E-2
10.307,3.509E-2,-8.175E-2
10.324,3.244E-2,-8.160E-2
10.341,3.191E-2,-8.160E-2
10.358,3.369E-2,-8.173E-2
10.375,3.732E-2,-8.196E-2
10.392,4.276E-2,-8.219E-2
10.408,4.904E-2,-8.224E-2
10.425,5.544E-2,-8.202E-2
10.442,6.147E-2,-8.160E-2
10.459,6.643E-2,-8.118E-2
10.476,6.954E-2,-8.083E-2
10.493,7.054E-2,-8.065E-2
10.510,6.946E-2,-8.078E-2
10.526,6.621E-2,-8.115E-2
10.543,6.132E-2,-8.166E-2
10.560,5.536E-2,-8.204E-2
10.577,4.889E-2,-8.220E-2
10.594,4.276E-2,-8.218E-2
10.611,3.759E-2,-8.200E-2
10.627,3.396E-2,-8.176E-2
10.644,3.222E-2,-8.161E-2
10.661,3.261E-2,-8.161E-2
10.678,3.523E-2,-8.184E-2
10.695,3.970E-2,-8.204E-2
10.712,4.556E-2,-8.222E-2
10.728,5.201E-2,-8.221E-2
10.745,5.837E-2,-8.193E-2
10.762,6.373E-2,-8.148E-2
10.779,6.782E-2,-8.099E-2
10.796,7.010E-2,-8.072E-2
10.813,7.004E-2,-8.074E-2
10.830,6.788E-2,-8.098E-2
10.846,6.382E-2,-8.142E-2
10.863,5.839E-2,-8.189E-2
10.880,5.226E-2,-8.215E-2
10.897,4.590E-2,-8.221E-2
10.914,4.006E-2,-8.206E-2
10.931,3.556E-2,-8.186E-2
10.947,3.275E-2,-8.161E-2
10.964,3.222E-2,-8.156E-2
10.981,3.382E-2,-8.173E-2
10.998,3.726E-2,-8.196E-2
11.015,4.251E-2,-8.218E-2
11.032,4.865E-2,-8.225E-2
11.048,5.504E-2,-8.207E-2
11.065,6.102E-2,-8.174E-2
11.082,6.559E-2,-8.126E-2
11.099,6.867E-2,-8.081E-2
11.116,6.978E-2,-8.066E-2
11.133,6.896E-2,-8.080E-2
11.150,6.594E-2,-8.118E-2
11.166,6.115E-2,-8.163E-2
11.183,5.545E-2,-8.202E-2
11.200,4.913E-2,-8.220E-2
11.217,4.309E-2,-8.215E-2
11.234,3.795E-2,-8.196E-2
11.251,3.429E-2,-8.175E-2
11.267,3.247E-2,-8.158E-2
11.284,3.279E-2,-8.164E-2
11.301,3.537E-2,-8.182E-2
11.318,3.968E-2,-8.203E-2
11.335,4.538E-2,-8.222E-2
11.352,5.167E-2,-8.219E-2
11.368,5.780E-2,-8.194E-2
11.385,6.320E-2,-8.153E-2
11.402,6.728E-2,-8.112E-2
11.419,6.934E-2,-8.082E-2
11.436,6.954E-2,-8.079E-2
11.453,6.752E-2,-8.107E-2
11.470,6.377E-2,-8.143E-2
11.486,5.851E-2,-8.188E-2
11.503,5.250E-2,-8.211E-2
11.520,4.629E-2,-8.218E-2
11.537,4.065E-2,-8.214E-2
11.554,3.607E-2,-8.185E-2
11.571,3.321E-2,-8.162E-2
11.587,3.254E-2,-8.161E-2
11.604,3.386E-2,-8.165E-2
11.621,3.735E-2,-8.199E-2
11.638,4.238E-2,-8.218E-2
11.655,4.826E-2,-8.223E-2
11.672,5.444E-2,-8.207E-2
11.688,6.034E-2,-8.174E-2
11.705,6.504E-2,-8.132E-2
11.722,6.819E-2,-8.098E-2
11.739,6.944E-2,-8.075E-2
11.756,6.852E-2,-8.088E-2
11.773,6.578E-2,-8.118E-2
11.790,6.129E-2,-8.167E-2
11.806,5.563E-2,-8.203E-2
11.823,4.955E-2,-8.220E-2
11.840,4.357E-2,-8.222E-2
11.857,3.850E-2,-8.201E-2
11.874,3.481E-2,-8.179E-2
11.891,3.291E-2,-8.163E-2
11.907,3.318E-2,-8.164E-2
11.924,3.545E-2,-8.180E-2
11.941,3.965E-2,-8.205E-2
11.958,4.506E-2,-8.222E-2
11.975,5.115E-2,-8.218E-2
11.992,5.715E-2,-8.197E-2
12.008,6.245E-2,-8.157E-2
12.025,6.649E-2,-8.115E-2
12.042,6.869E-2,-8.080E-2
12.059,6.899E-2,-8.077E-2
12.076,6.722E-2,-8.100E-2
12.093,6.369E-2,-8.145E-2
12.110,5.872E-2,-8.185E-2
12.126,5.292E-2,-8.214E-2
12.143,4.689E-2,-8.223E-2
12.160,4.122E-2,-8.212E-2
12.177,3.664E-2,-8.187E-2
12.194,3.376E-2,-8.169E-2
12.211,3.293E-2,-8.163E-2
12.227,3.410E-2,-8.171E-2
12.244,3.727E-2,-8.187E-2
12.261,4.198E-2,-8.209E-2
12.278,4.787E-2,-8.217E-2
12.295,5.382E-2,-8.206E-2
12.312,5.959E-2,-8.172E-2
12.328,6.429E-2,-8.136E-2
12.345,6.745E-2,-8.097E-2
12.362,6.897E-2,-8.077E-2
12.379,6.820E-2,-8.084E-2
12.396,6.565E-2,-8.117E-2
12.413,6.143E-2,-8.157E-2
12.430,5.603E-2,-8.196E-2
12.446,5.014E-2,-8.219E-2
12.463,4.429E-2,-8.218E-2
12.480,3.921E-2,-8.208E-2
12.497,3.540E-2,-8.182E-2
12.514,3.331E-2,-8.166E-2
12.531,3.341E-2,-8.162E-2
12.547,3.555E-2,-8.182E-2
12.564,3.948E-2,-8.202E-2
12.581,4.465E-2,-8.221E-2
12.598,5.057E-2,-8.216E-2
12.615,5.650E-2,-8.195E-2
12.632,6.168E-2,-8.162E-2
12.648,6.582E-2,-8.118E-2
12.665,6.810E-2,-8.091E-2
12.682,6.862E-2,-8.077E-2
12.699,6.709E-2,-8.097E-2
12.716,6.383E-2,-8.139E-2
12.733,5.900E-2,-8.177E-2
12.750,5.333E-2,-8.204E-2
12.766,4.747E-2,-8.220E-2
12.783,4.203E-2,-8.217E-2
12.800,3.753E-2,-8.200E-2
12.817,3.456E-2,-8.180E-2
12.834,3.337E-2,-8.166E-2
12.851,3.449E-2,-8.172E-2
12.867,3.733E-2,-8.198E-2
12.884,4.188E-2,-8.217E-2
12.901,4.731E-2,-8.224E-2
12.918,5.325E-2,-8.219E-2
12.935,5.882E-2,-8.187E-2
12.952,6.361E-2,-8.144E-2
12.968,6.680E-2,-8.106E-2
12.985,6.842E-2,-8.079E-2
13.002,6.793E-2,-8.088E-2
13.019,6.572E-2,-8.118E-2
13.036,6.182E-2,-8.161E-2
13.053,5.657E-2,-8.193E-2
13.070,5.077E-2,-8.218E-2
13.086,4.511E-2,-8.225E-2
13.103,3.990E-2,-8.204E-2
13.120,3.608E-2,-8.187E-2
13.137,3.387E-2,-8.164E-2
13.154,3.373E-2,-8.168E-2
13.171,3.562E-2,-8.178E-2
13.187,3.927E-2,-8.200E-2
13.204,4.422E-2,-8.217E-2
13.221,4.993E-2,-8.217E-2
13.238,5.571E-2,-8.202E-2
13.255,6.090E-2,-8.169E-2
13.272,6.501E-2,-8.124E-2
13.288,6.754E-2,-8.098E-2
13.305,6.816E-2,-8.085E-2
13.322,6.695E-2,-8.102E-2
13.339,6.393E-2,-8.137E-2
13.356,5.941E-2,-8.177E-2
13.373,5.396E-2,-8.203E-2
13.390,4.821E-2,-8.220E-2
13.406,4.279E-2,-8.216E-2
13.423,3.827E-2,-8.197E-2
13.440,3.520E-2,-8.179E-2
13.457,3.382E-2,-8.168E-2
13.474,3.465E-2,-8.173E-2
13.491,3.724E-2,-8.197E-2
13.507,4.138E-2,-8.217E-2
13.524,4.666E-2,-8.225E-2
13.541,5.237E-2,-8.219E-2
13.558,5.797E-2,-8.186E-2
13.575,6.275E-2,-8.153E-2
13.592,6.624E-2,-8.118E-2
13.608,6.799E-2,-8.095E-2
13.625,6.775E-2,-8.097E-2
13.642,6.570E-2,-8.121E-2
13.659,6.203E-2,-8.159E-2
13.676,5.701E-2,-8.198E-2
13.693,5.144E-2,-8.217E-2
13.710,4.588E-2,-8.224E-2
13.726,4.070E-2,-8.210E-2
13.743,3.683E-2,-8.188E-2
13.760,3.440E-2,-8.169E-2
13.777,3.403E-2,-8.163E-2
13.794,3.564E-2,-8.177E-2
13.811,3.891E-2,-8.197E-2
13.827,4.367E-2,-8.219E-2
13.844,4.915E-2,-8.217E-2
13.861,5.477E-2,-8.203E-2
13.878,5.999E-2,-8.178E-2
13.895,6.416E-2,-8.140E-2
13.912,6.687E-2,-8.104E-2
13.928,6.786E-2,-8.093E-2
13.945,6.679E-2,-8.104E-2
13.962,6.410E-2,-8.137E-2
13.979,5.994E-2,-8.179E-2
13.996,5.474E-2,-8.206E-2
14.013,4.910E-2,-8.220E-2
14.030,4.370E-2,-8.220E-2
14.046,3.901E-2,-8.203E-2
14.063,3.573E-2,-8.184E-2
14.080,3.447E-2,-8.175E-2
14.097,3.483E-2,-8.175E-2
14.114,3.700E-2,-8.190E-2
14.131,4.090E-2,-8.205E-2
14.147,4.601E-2,-8.223E-2
14.164,5.160E-2,-8.218E-2
14.181,5.709E-2,-8.196E-2
14.198,6.182E-2,-8.161E-2
14.215,6.529E-2,-8.128E-2
14.232,6.732E-2,-8.100E-2
14.248,6.741E-2,-8.098E-2
14.265,6.568E-2,-8.117E-2
14.282,6.230E-2,-8.158E-2
14.299,5.765E-2,-8.191E-2
14.316,5.234E-2,-8.215E-2
14.333,4.675E-2,-8.220E-2
14.350,4.165E-2,-8.210E-2
14.366,3.772E-2,-8.196E-2
14.383,3.521E-2,-8.180E-2
14.400,3.457E-2,-8.180E-2
14.417,3.570E-2,-8.184E-2
14.434,3.869E-2,-8.201E-2
14.451,4.313E-2,-8.217E-2
14.467,4.833E-2,-8.225E-2
14.484,5.382E-2,-8.209E-2
14.501,5.903E-2,-8.179E-2
14.518,6.330E-2,-8.143E-2
14.535,6.609E-2,-8.111E-2
14.552,6.739E-2,-8.094E-2
14.568,6.666E-2,-8.102E-2
14.585,6.418E-2,-8.129E-2
14.602,6.032E-2,-8.165E-2
14.619,5.532E-2,-8.197E-2
14.636,4.986E-2,-8.218E-2
14.653,4.464E-2,-8.218E-2
14.670,3.998E-2,-8.207E-2
14.686,3.659E-2,-8.182E-2
14.703,3.471E-2,-8.171E-2
14.720,3.487E-2,-8.165E-2
14.737,3.681E-2,-8.183E-2
14.754,4.052E-2,-8.202E-2
14.771,4.531E-2,-8.213E-2
14.787,5.068E-2,-8.213E-2
14.804,5.608E-2,-8.199E-2
14.821,6.087E-2,-8.169E-2
14.838,6.450E-2,-8.131E-2
14.855,6.668E-2,-8.100E-2
14.872,6.709E-2,-8.092E-2
14.888,6.568E-2,-8.111E-2
14.905,6.255E-2,-8.149E-2
14.922,5.823E-2,-8.180E-2
14.939,5.314E-2,-8.207E-2
14.956,4.775E-2,-8.216E-2
14.973,4.268E-2,-8.216E-2
14.990,3.851E-2,-8.200E-2
15.006,3.571E-2,-8.185E-2
15.023,3.487E-2,-8.174E-2
15.040,3.569E-2,-8.176E-2
15.057,3.835E-2,-8.198E-2
15.074,4.248E-2,-8.216E-2
15.091,4.752E-2,-8.219E-2
15.107,5.289E-2,-8.214E-2
15.124,5.803E-2,-8.190E-2
15.141,6.232E-2,-8.151E-2
15.158,6.547E-2,-8.119E-2
15.175,6.679E-2,-8.102E-2
15.192,6.644E-2,-8.101E-2
15.208,6.439E-2,-8.124E-2
15.225,6.081E-2,-8.162E-2
15.242,5.618E-2,-8.194E-2
15.259,5.089E-2,-8.216E-2
15.276,4.560E-2,-8.220E-2
15.293,4.100E-2,-8.211E-2
15.310,3.736E-2,-8.189E-2
15.326,3.544E-2,-8.178E-2
15.343,3.520E-2,-8.174E-2
15.360,3.672E-2,-8.188E-2
15.377,4.002E-2,-8.207E-2
15.394,4.451E-2,-8.218E-2
15.411,4.973E-2,-8.218E-2
15.427,5.497E-2,-8.201E-2
15.444,5.978E-2,-8.175E-2
15.461,6.363E-2,-8.139E-2
15.478,6.615E-2,-8.116E-2
15.495,6.674E-2,-8.106E-2
15.512,6.579E-2,-8.117E-2
15.528,6.297E-2,-8.147E-2
15.545,5.894E-2,-8.181E-2
15.562,5.395E-2,-8.206E-2
15.579,4.875E-2,-8.222E-2
15.596,4.376E-2,-8.221E-2
15.613,3.950E-2,-8.201E-2
15.630,3.653E-2,-8.186E-2
15.646,3.534E-2,-8.177E-2
15.663,3.586E-2,-8.177E-2
15.680,3.809E-2,-8.196E-2
15.697,4.184E-2,-8.211E-2
15.714,4.664E-2,-8.218E-2
15.731,5.190E-2,-8.214E-2
15.747,5.700E-2,-8.195E-2
15.764,6.137E-2,-8.165E-2
15.781,6.459E-2,-8.127E-2
15.798,6.637E-2,-8.109E-2
15.815,6.630E-2,-8.107E-2
15.832,6.458E-2,-8.125E-2
15.848,6.139E-2,-8.156E-2
15.865,5.688E-2,-8.191E-2
15.882,5.190E-2,-8.207E-2
15.899,4.671E-2,-8.215E-2
15.916,4.193E-2,-8.206E-2
15.933,3.837E-2,-8.197E-2
15.950,3.605E-2,-8.180E-2
15.966,3.546E-2,-8.179E-2
15.983,3.665E-2,-8.184E-2
16.000,3.957E-2,-8.202E-2
16.017,4.379E-2,-8.214E-2
16.034,4.865E-2,-8.221E-2
16.051,5.394E-2,-8.212E-2
16.067,5.866E-2,-8.187E-2
16.084,6.269E-2,-8.158E-2
16.101,6.532E-2,-8.125E-2
16.118,6.626E-2,-8.104E-2
16.135,6.568E-2,-8.112E-2
16.152,6.330E-2,-8.143E-2
16.168,5.968E-2,-8.177E-2
16.185,5.493E-2,-8.201E-2
16.202,4.988E-2,-8.220E-2
16.219,4.485E-2,-8.219E-2
16.236,4.050E-2,-8.205E-2
16.253,3.750E-2,-8.192E-2
16.270,3.578E-2,-8.181E-2
16.286,3.592E-2,-8.186E-2
16.303,3.786E-2,-8.193E-2
16.320,4.130E-2,-8.216E-2
16.337,4.570E-2,-8.227E-2
16.354,5.071E-2,-8.220E-2
16.371,5.578E-2,-8.202E-2
16.387,6.031E-2,-8.176E-2
16.404,6.373E-2,-8.143E-2
16.421,6.574E-2,-8.119E-2
16.438,6.616E-2,-8.116E-2
16.455,6.471E-2,-8.128E-2
16.472,6.186E-2,-8.156E-2
16.488,5.775E-2,-8.186E-2
16.505,5.291E-2,-8.206E-2
16.522,4.789E-2,-8.219E-2
16.539,4.313E-2,-8.214E-2
16.556,3.921E-2,-8.198E-2
16.573,3.667E-2,-8.186E-2
16.590,3.584E-2,-8.179E-2
16.606,3.663E-2,-8.182E-2
16.623,3.910E-2,-8.199E-2
16.640,4.286E-2,-8.212E-2
16.657,4.767E-2,-8.221E-2
16.674,5.274E-2,-8.213E-2
16.691,5.758E-2,-8.194E-2
16.707,6.151E-2,-8.168E-2
16.724,6.445E-2,-8.132E-2
16.741,6.584E-2,-8.116E-2
16.758,6.550E-2,-8.125E-2
16.775,6.355E-2,-8.143E-2
16.792,6.009E-2,-8.169E-2
16.808,5.583E-2,-8.200E-2
16.825,5.094E-2,-8.219E-2
16.842,4.593E-2,-8.221E-2
16.859,4.157E-2,-8.216E-2
16.876,3.826E-2,-8.201E-2
16.893,3.626E-2,-8.181E-2
16.910,3.602E-2,-8.181E-2
16.926,3.744E-2,-8.189E-2
16.943,4.043E-2,-8.206E-2
16.960,4.468E-2,-8.218E-2
16.977,4.956E-2,-8.219E-2
16.994,5.451E-2,-8.208E-2
17.011,5.906E-2,-8.179E-2
17.027,6.268E-2,-8.149E-2
17.044,6.493E-2,-8.122E-2
17.061,6.578E-2,-8.114E-2
17.078,6.471E-2,-8.127E-2
17.095,6.225E-2,-8.145E-2
17.112,5.851E-2,-8.183E-2
17.128,5.389E-2,-8.209E-2
17.145,4.901E-2,-8.216E-2
17.162,4.435E-2,-8.216E-2
17.179,4.024E-2,-8.204E-2
17.196,3.744E-2,-8.187E-2
17.213,3.618E-2,-8.181E-2
17.230,3.659E-2,-8.184E-2
17.246,3.870E-2,-8.199E-2
17.263,4.209E-2,-8.210E-2
17.280,4.656E-2,-8.217E-2
17.297,5.145E-2,-8.217E-2
17.314,5.629E-2,-8.198E-2
17.331,6.049E-2,-8.171E-2
17.347,6.356E-2,-8.143E-2
17.364,6.525E-2,-8.119E-2
17.381,6.528E-2,-8.115E-2
17.398,6.378E-2,-8.137E-2
17.415,6.078E-2,-8.162E-2
17.432,5.679E-2,-8.192E-2
17.448,5.203E-2,-8.216E-2
17.465,4.716E-2,-8.219E-2
17.482,4.273E-2,-8.216E-2
17.499,3.912E-2,-8.202E-2
17.516,3.686E-2,-8.188E-2
17.533,3.620E-2,-8.184E-2
17.550,3.725E-2,-8.188E-2
17.566,3.993E-2,-8.205E-2
17.583,4.387E-2,-8.213E-2
17.600,4.844E-2,-8.218E-2
17.617,5.327E-2,-8.215E-2
17.634,5.790E-2,-8.193E-2
17.651,6.169E-2,-8.161E-2
17.667,6.429E-2,-8.138E-2
17.684,6.534E-2,-8.123E-2
17.701,6.477E-2,-8.125E-2
17.718,6.270E-2,-8.148E-2
17.735,5.936E-2,-8.174E-2
17.752,5.504E-2,-8.201E-2
17.768,5.025E-2,-8.215E-2
17.785,4.557E-2,-8.221E-2
17.802,4.153E-2,-8.214E-2
17.819,3.848E-2,-8.201E-2
17.836,3.690E-2,-8.193E-2
17.853,3.684E-2,-8.196E-2
17.870,3.837E-2,-8.204E-2
17.886,4.138E-2,-8.209E-2
17.903,4.562E-2,-8.219E-2
17.920,5.030E-2,-8.217E-2
17.937,5.502E-2,-8.205E-2
17.954,5.926E-2,-8.184E-2
17.971,6.269E-2,-8.158E-2
17.987,6.461E-2,-8.126E-2
18.004,6.512E-2,-8.121E-2
18.021,6.407E-2,-8.134E-2
18.038,6.147E-2,-8.163E-2
18.055,5.770E-2,-8.189E-2
18.072,5.329E-2,-8.213E-2
18.088,4.853E-2,-8.223E-2
18.105,4.406E-2,-8.221E-2
18.122,4.044E-2,-8.216E-2
18.139,3.788E-2,-8.200E-2
18.156,3.686E-2,-8.195E-2
18.173,3.735E-2,-8.198E-2
18.190,3.949E-2,-8.206E-2
18.206,4.301E-2,-8.223E-2
18.223,4.733E-2,-8.224E-2
18.240,5.205E-2,-8.218E-2
18.257,5.664E-2,-8.201E-2
18.274,6.053E-2,-8.171E-2
18.291,6.335E-2,-8.142E-2
18.307,6.479E-2,-8.124E-2
18.324,6.470E-2,-8.126E-2
18.341,6.309E-2,-8.141E-2
18.358,6.016E-2,-8.172E-2
18.375,5.604E-2,-8.206E-2
18.392,5.152E-2,-8.222E-2
18.408,4.686E-2,-8.224E-2
18.425,4.269E-2,-8.218E-2
18.442,3.931E-2,-8.207E-2
18.459,3.743E-2,-8.198E-2
18.476,3.693E-2,-8.198E-2
18.493,3.807E-2,-8.202E-2
18.510,4.084E-2,-8.217E-2
18.526,4.445E-2,-8.224E-2
18.543,4.892E-2,-8.226E-2
18.560,5.366E-2,-8.218E-2
18.577,5.804E-2,-8.197E-2
18.594,6.155E-2,-8.167E-2
18.611,6.389E-2,-8.144E-2
18.627,6.473E-2,-8.130E-2
18.644,6.423E-2,-8.134E-2
18.661,6.206E-2,-8.156E-2
18.678,5.854E-2,-8.185E-2
18.695,5.445E-2,-8.211E-2
18.712,4.978E-2,-8.220E-2
18.728,4.532E-2,-8.222E-2
18.745,4.148E-2,-8.215E-2
18.762,3.859E-2,-8.204E-2
18.779,3.728E-2,-8.196E-2
18.796,3.736E-2,-8.201E-2
18.813,3.901E-2,-8.205E-2
18.830,4.216E-2,-8.220E-2
18.846,4.614E-2,-8.223E-2
18.863,5.070E-2,-8.224E-2
18.880,5.525E-2,-8.209E-2
18.897,5.929E-2,-8.185E-2
18.914,6.236E-2,-8.158E-2
18.931,6.427E-2,-8.137E-2
18.947,6.460E-2,-8.134E-2
18.964,6.331E-2,-8.148E-2
18.981,6.088E-2,-8.176E-2
18.998,5.718E-2,-8.199E-2
19.015,5.285E-2,-8.222E-2
19.032,4.832E-2,-8.233E-2
19.048,4.405E-2,-8.237E-2
19.065,4.054E-2,-8.227E-2
19.082,3.810E-2,-8.204E-2
19.099,3.725E-2,-8.202E-2
19.116,3.790E-2,-8.202E-2
19.133,4.000E-2,-8.211E-2
19.150,4.352E-2,-8.221E-2
19.166,4.772E-2,-8.223E-2
19.183,5.229E-2,-8.220E-2
19.200,5.673E-2,-8.203E-2
19.217,6.047E-2,-8.180E-2
19.234,6.309E-2,-8.157E-2
19.251,6.440E-2,-8.139E-2
19.267,6.414E-2,-8.139E-2
19.284,6.246E-2,-8.156E-2
19.301,5.942E-2,-8.182E-2
19.318,5.551E-2,-8.211E-2
19.335,5.111E-2,-8.225E-2
19.352,4.660E-2,-8.229E-2
19.368,4.267E-2,-8.223E-2
19.385,3.966E-2,-8.215E-2
19.402,3.776E-2,-8.206E-2
19.419,3.751E-2,-8.201E-2
19.436,3.866E-2,-8.203E-2
19.453,4.133E-2,-8.217E-2
19.470,4.495E-2,-8.227E-2
19.486,4.933E-2,-8.225E-2
19.503,5.391E-2,-8.216E-2
19.520,5.802E-2,-8.193E-2
19.537,6.124E-2,-8.165E-2
19.554,6.342E-2,-8.144E-2
19.571,6.424E-2,-8.141E-2
19.587,6.345E-2,-8.141E-2
19.604,6.126E-2,-8.167E-2
19.621,5.815E-2,-8.193E-2
19.638,5.399E-2,-8.216E-2
19.655,4.952E-2,-8.229E-2
19.672,4.525E-2,-8.228E-2
19.688,4.158E-2,-8.222E-2
19.705,3.889E-2,-8.206E-2
19.722,3.763E-2,-8.202E-2
19.739,3.781E-2,-8.203E-2
19.756,3.963E-2,-8.216E-2
19.773,4.253E-2,-8.225E-2
19.790,4.642E-2,-8.231E-2
19.806,5.087E-2,-8.229E-2
19.823,5.535E-2,-8.213E-2
19.840,5.912E-2,-8.188E-2
19.857,6.209E-2,-8.163E-2
19.874,6.372E-2,-8.145E-2
19.891,6.402E-2,-8.138E-2
19.907,6.270E-2,-8.151E-2
19.924,6.030E-2,-8.177E-2
19.941,5.673E-2,-8.201E-2
19.958,5.254E-2,-8.220E-2
19.975,4.809E-2,-8.228E-2
19.992,4.401E-2,-8.227E-2
20.008,4.079E-2,-8.221E-2
20.025,3.844E-2,-8.205E-2
20.042,3.770E-2,-8.200E-2
20.059,3.842E-2,-8.207E-2
20.076,4.063E-2,-8.216E-2
20.093,4.388E-2,-8.224E-2
20.110,4.797E-2,-8.226E-2
20.126,5.245E-2,-8.222E-2
20.143,5.669E-2,-8.202E-2
20.160,6.021E-2,-8.182E-2
20.177,6.267E-2,-8.159E-2
20.194,6.385E-2,-8.141E-2
20.211,6.354E-2,-8.145E-2
20.227,6.195E-2,-8.159E-2
20.244,5.903E-2,-8.182E-2
20.261,5.526E-2,-8.209E-2
20.278,5.098E-2,-8.222E-2
20.295,4.668E-2,-8.225E-2
20.312,4.283E-2,-8.222E-2
20.328,4.000E-2,-8.216E-2
20.345,3.817E-2,-8.206E-2
20.362,3.797E-2,-8.205E-2
20.379,3.919E-2,-8.209E-2
20.396,4.177E-2,-8.223E-2
20.413,4.546E-2,-8.233E-2
20.430,4.965E-2,-8.236E-2
20.446,5.385E-2,-8.224E-2
20.463,5.792E-2,-8.198E-2
20.480,6.115E-2,-8.178E-2
20.497,6.316E-2,-8.160E-2
20.514,6.394E-2,-8.157E-2
20.531,6.313E-2,-8.159E-2
20.547,6.102E-2,-8.177E-2
20.564,5.777E-2,-8.200E-2
20.581,5.378E-2,-8.219E-2
20.598,4.953E-2,-8.230E-2
20.615,4.539E-2,-8.231E-2
20.632,4.188E-2,-8.222E-2
20.648,3.949E-2,-8.215E-2
20.665,3.817E-2,-8.210E-2
20.682,3.836E-2,-8.207E-2
20.699,4.014E-2,-8.218E-2
20.716,4.299E-2,-8.224E-2
20.733,4.668E-2,-8.230E-2
20.750,5.094E-2,-8.222E-2
20.766,5.515E-2,-8.208E-2
20.783,5.887E-2,-8.189E-2
20.800,6.168E-2,-8.162E-2
20.817,6.335E-2,-8.146E-2
20.834,6.356E-2,-8.142E-2
20.851,6.242E-2,-8.152E-2
20.867,5.992E-2,-8.175E-2
20.884,5.645E-2,-8.202E-2
20.901,5.245E-2,-8.221E-2
20.918,4.830E-2,-8.235E-2
20.935,4.438E-2,-8.237E-2
20.952,4.109E-2,-8.223E-2
20.969,3.896E-2,-8.210E-2
20.985,3.822E-2,-8.204E-2
21.002,3.891E-2,-8.204E-2
21.019,4.109E-2,-8.216E-2
21.036,4.416E-2,-8.225E-2
21.053,4.813E-2,-8.227E-2
21.070,5.237E-2,-8.220E-2
21.086,5.634E-2,-8.202E-2
21.103,5.984E-2,-8.179E-2
21.120,6.225E-2,-8.154E-2
21.137,6.335E-2,-8.146E-2
21.154,6.309E-2,-8.149E-2
21.171,6.156E-2,-8.162E-2
21.187,5.874E-2,-8.189E-2
21.204,5.513E-2,-8.206E-2
21.221,5.103E-2,-8.225E-2
21.238,4.687E-2,-8.225E-2
21.255,4.317E-2,-8.226E-2
21.272,4.045E-2,-8.214E-2
21.289,3.874E-2,-8.210E-2
21.305,3.850E-2,-8.200E-2
21.322,3.956E-2,-8.207E-2
21.339,4.214E-2,-8.218E-2
21.356,4.553E-2,-8.225E-2
21.373,4.957E-2,-8.226E-2
21.390,5.377E-2,-8.216E-2
21.406,5.757E-2,-8.196E-2
21.423,6.065E-2,-8.174E-2
21.440,6.259E-2,-8.157E-2
21.457,6.324E-2,-8.146E-2
21.474,6.268E-2,-8.157E-2
21.491,6.072E-2,-8.175E-2
21.507,5.769E-2,-8.200E-2
21.524,5.381E-2,-8.219E-2
21.541,4.977E-2,-8.234E-2
21.558,4.568E-2,-8.231E-2
21.575,4.230E-2,-8.222E-2
21.592,3.992E-2,-8.215E-2
21.609,3.856E-2,-8.210E-2
21.625,3.878E-2,-8.209E-2
21.642,4.046E-2,-8.215E-2
21.659,4.314E-2,-8.220E-2
21.676,4.673E-2,-8.228E-2
21.693,5.083E-2,-8.229E-2
21.710,5.499E-2,-8.212E-2
21.726,5.850E-2,-8.198E-2
21.743,6.128E-2,-8.177E-2
21.760,6.286E-2,-8.154E-2
21.777,6.314E-2,-8.159E-2
21.794,6.200E-2,-8.165E-2
21.811,5.965E-2,-8.182E-2
21.827,5.631E-2,-8.210E-2
21.844,5.247E-2,-8.225E-2
21.861,4.833E-2,-8.227E-2
21.878,4.455E-2,-8.226E-2
21.895,4.147E-2,-8.220E-2
21.912,3.941E-2,-8.215E-2
21.929,3.859E-2,-8.209E-2
21.945,3.922E-2,-8.208E-2
21.962,4.130E-2,-8.218E-2
21.979,4.427E-2,-8.228E-2
21.996,4.801E-2,-8.229E-2
22.013,5.211E-2,-8.224E-2
22.030,5.602E-2,-8.203E-2
22.046,5.933E-2,-8.183E-2
22.063,6.166E-2,-8.161E-2
22.080,6.287E-2,-8.152E-2
22.097,6.268E-2,-8.158E-2
22.114,6.117E-2,-8.168E-2
22.131,5.859E-2,-8.187E-2
22.147,5.510E-2,-8.208E-2
22.164,5.113E-2,-8.223E-2
22.181,4.715E-2,-8.224E-2
22.198,4.360E-2,-8.224E-2
22.215,4.088E-2,-8.217E-2
22.232,3.914E-2,-8.211E-2
22.249,3.882E-2,-8.205E-2
22.265,3.986E-2,-8.206E-2
22.282,4.229E-2,-8.217E-2
22.299,4.547E-2,-8.227E-2
22.316,4.934E-2,-8.227E-2
22.333,5.342E-2,-8.219E-2
22.350,5.715E-2,-8.199E-2
22.366,6.010E-2,-8.179E-2
22.383,6.211E-2,-8.160E-2
22.400,6.291E-2,-8.155E-2
22.417,6.230E-2,-8.161E-2
22.434,6.047E-2,-8.178E-2
22.451,5.758E-2,-8.197E-2
22.467,5.394E-2,-8.215E-2
22.484,4.990E-2,-8.230E-2
22.501,4.606E-2,-8.229E-2
22.518,4.277E-2,-8.224E-2
22.535,4.044E-2,-8.216E-2
22.552,3.912E-2,-8.207E-2
22.569,3.914E-2,-8.210E-2
22.585,4.077E-2,-8.217E-2
22.602,4.329E-2,-8.225E-2
22.619,4.666E-2,-8.230E-2
22.636,5.059E-2,-8.225E-2
22.653,5.441E-2,-8.207E-2
22.670,5.791E-2,-8.188E-2
22.686,6.062E-2,-8.168E-2
22.703,6.220E-2,-8.148E-2
22.720,6.257E-2,-8.150E-2
22.737,6.168E-2,-8.161E-2
22.754,5.951E-2,-8.179E-2
22.771,5.640E-2,-8.199E-2
22.787,5.267E-2,-8.219E-2
22.804,4.872E-2,-8.225E-2
22.821,4.498E-2,-8.226E-2
22.838,4.196E-2,-8.219E-2
22.855,3.995E-2,-8.218E-2
22.872,3.910E-2,-8.206E-2
22.889,3.963E-2,-8.206E-2
22.905,4.148E-2,-8.213E-2
22.922,4.430E-2,-8.221E-2
22.939,4.781E-2,-8.228E-2
22.956,5.180E-2,-8.222E-2
22.973,5.558E-2,-8.203E-2
22.990,5.880E-2,-8.184E-2
23.006,6.118E-2,-8.169E-2
23.023,6.234E-2,-8.148E-2
23.040,6.240E-2,-8.153E-2
23.057,6.099E-2,-8.163E-2
23.074,5.854E-2,-8.183E-2
23.091,5.527E-2,-8.209E-2
23.107,5.147E-2,-8.222E-2
23.124,4.762E-2,-8.228E-2
23.141,4.415E-2,-8.224E-2
23.158,4.143E-2,-8.218E-2
23.175,3.964E-2,-8.209E-2
23.192,3.929E-2,-8.203E-2
23.209,4.014E-2,-8.207E-2
23.225,4.226E-2,-8.211E-2
23.242,4.548E-2,-8.221E-2
23.259,4.913E-2,-8.220E-2
23.276,5.297E-2,-8.214E-2
23.293,5.656E-2,-8.199E-2
23.310,5.957E-2,-8.181E-2
23.326,6.158E-2,-8.159E-2
23.343,6.229E-2,-8.151E-2
23.360,6.196E-2,-8.155E-2
23.377,6.033E-2,-8.174E-2
23.394,5.758E-2,-8.195E-2
23.411,5.413E-2,-8.212E-2
23.427,5.030E-2,-8.222E-2
23.444,4.651E-2,-8.225E-2
23.461,4.328E-2,-8.223E-2
23.478,4.087E-2,-8.218E-2
23.495,3.969E-2,-8.214E-2
23.512,3.966E-2,-8.215E-2
23.529,4.088E-2,-8.218E-2
23.545,4.327E-2,-8.223E-2
23.562,4.650E-2,-8.229E-2
23.579,5.023E-2,-8.225E-2
23.596,5.409E-2,-8.216E-2
23.613,5.749E-2,-8.196E-2
23.630,6.021E-2,-8.177E-2
23.646,6.172E-2,-8.165E-2
23.663,6.222E-2,-8.157E-2
23.680,6.137E-2,-8.166E-2
23.697,5.939E-2,-8.182E-2
23.714,5.645E-2,-8.201E-2
23.731,5.298E-2,-8.216E-2
23.747,4.916E-2,-8.227E-2
23.764,4.554E-2,-8.225E-2
23.781,4.254E-2,-8.218E-2
23.798,4.052E-2,-8.212E-2
23.815,3.965E-2,-8.215E-2
23.832,4.002E-2,-8.217E-2
23.849,4.157E-2,-8.225E-2
23.865,4.422E-2,-8.228E-2
23.882,4.762E-2,-8.230E-2
23.899,5.132E-2,-8.225E-2
23.916,5.498E-2,-8.209E-2
23.933,5.817E-2,-8.189E-2
23.950,6.055E-2,-8.170E-2
23.966,6.193E-2,-8.159E-2
23.983,6.202E-2,-8.157E-2
24.000,6.080E-2,-8.163E-2
24.017,5.855E-2,-8.184E-2
24.034,5.542E-2,-8.203E-2
24.051,5.186E-2,-8.218E-2
24.067,4.816E-2,-8.223E-2
24.084,4.472E-2,-8.219E-2
24.101,4.193E-2,-8.214E-2
24.118,4.014E-2,-8.209E-2
24.135,3.964E-2,-8.202E-2
24.152,4.036E-2,-8.206E-2
24.169,4.231E-2,-8.212E-2
24.185,4.514E-2,-8.224E-2
24.202,4.859E-2,-8.226E-2
24.219,5.246E-2,-8.222E-2
24.236,5.595E-2,-8.203E-2
24.253,5.893E-2,-8.186E-2
24.270,6.095E-2,-8.165E-2
24.286,6.198E-2,-8.155E-2
24.303,6.170E-2,-8.162E-2
24.320,6.021E-2,-8.173E-2
24.337,5.768E-2,-8.198E-2
24.354,5.446E-2,-8.216E-2
24.371,5.078E-2,-8.224E-2
24.387,4.710E-2,-8.224E-2
24.404,4.391E-2,-8.223E-2
24.421,4.146E-2,-8.218E-2
24.438,4.015E-2,-8.217E-2
24.455,4.002E-2,-8.218E-2
24.472,4.104E-2,-8.218E-2
24.489,4.319E-2,-8.225E-2
24.505,4.621E-2,-8.229E-2
24.522,4.977E-2,-8.222E-2
24.539,5.346E-2,-8.218E-2
24.556,5.684E-2,-8.204E-2
24.573,5.953E-2,-8.182E-2
24.590,6.121E-2,-8.165E-2
24.606,6.181E-2,-8.158E-2
24.623,6.122E-2,-8.163E-2
24.640,5.940E-2,-8.178E-2
24.657,5.671E-2,-8.198E-2
24.674,5.337E-2,-8.216E-2
24.691,4.972E-2,-8.225E-2
24.707,4.620E-2,-8.230E-2
24.724,4.322E-2,-8.224E-2
24.741,4.112E-2,-8.212E-2
24.758,4.012E-2,-8.212E-2
24.775,4.027E-2,-8.214E-2
24.792,4.156E-2,-8.223E-2
24.809,4.403E-2,-8.228E-2
24.825,4.720E-2,-8.229E-2
24.842,5.078E-2,-8.224E-2
24.859,5.444E-2,-8.217E-2
24.876,5.767E-2,-8.198E-2
24.893,6.005E-2,-8.178E-2
24.910,6.144E-2,-8.161E-2
24.926,6.166E-2,-8.163E-2
24.943,6.082E-2,-8.172E-2
24.960,5.863E-2,-8.186E-2
24.977,5.573E-2,-8.204E-2
24.994,5.233E-2,-8.220E-2
25.011,4.871E-2,-8.226E-2
25.027,4.533E-2,-8.226E-2
25.044,4.258E-2,-8.222E-2
25.061,4.080E-2,-8.216E-2
25.078,4.006E-2,-8.209E-2
25.095,4.063E-2,-8.215E-2
25.112,4.231E-2,-8.220E-2
25.129,4.494E-2,-8.224E-2
25.145,4.821E-2,-8.229E-2
25.162,5.181E-2,-8.221E-2
25.179,5.529E-2,-8.207E-2
25.196,5.822E-2,-8.184E-2
25.213,6.040E-2,-8.173E-2
25.230,6.147E-2,-8.164E-2
25.246,6.137E-2,-8.162E-2
25.263,6.019E-2,-8.173E-2
25.280,5.796E-2,-8.195E-2
25.297,5.489E-2,-8.217E-2
25.314,5.135E-2,-8.225E-2
25.331,4.779E-2,-8.230E-2
25.347,4.465E-2,-8.225E-2
25.364,4.218E-2,-8.224E-2
25.381,4.070E-2,-8.217E-2
25.398,4.029E-2,-8.216E-2
25.415,4.109E-2,-8.219E-2
25.432,4.302E-2,-8.227E-2
25.449,4.587E-2,-8.227E-2
25.465,4.926E-2,-8.228E-2
25.482,5.286E-2,-8.224E-2
25.499,5.608E-2,-8.203E-2
25.516,5.878E-2,-8.188E-2
25.533,6.057E-2,-8.170E-2
25.550,6.142E-2,-8.160E-2
25.566,6.099E-2,-8.164E-2
25.583,5.954E-2,-8.180E-2
25.600,5.703E-2,-8.196E-2
25.617,5.388E-2,-8.215E-2
25.634,5.037E-2,-8.225E-2
25.651,4.690E-2,-8.227E-2
25.667,4.396E-2,-8.227E-2
25.684,4.173E-2,-8.217E-2
25.701,4.051E-2,-8.218E-2
25.718,4.049E-2,-8.214E-2
25.735,4.166E-2,-8.221E-2
25.752,4.376E-2,-8.226E-2
25.769,4.673E-2,-8.228E-2
25.785,5.019E-2,-8.226E-2
25.802,5.374E-2,-8.214E-2
25.819,5.683E-2,-8.207E-2
25.836,5.928E-2,-8.188E-2
25.853,6.082E-2,-8.164E-2
25.870,6.125E-2,-8.163E-2
25.886,6.048E-2,-8.171E-2
25.903,5.872E-2,-8.186E-2
25.920,5.609E-2,-8.203E-2
25.937,5.291E-2,-8.216E-2
25.954,4.941E-2,-8.230E-2
25.971,4.613E-2,-8.225E-2
25.987,4.333E-2,-8.221E-2
26.004,4.137E-2,-8.221E-2
26.021,4.059E-2,-8.220E-2
26.038,4.085E-2,-8.221E-2
26.055,4.223E-2,-8.224E-2
26.072,4.459E-2,-8.228E-2
26.089,4.769E-2,-8.227E-2
26.105,5.110E-2,-8.223E-2
26.122,5.449E-2,-8.210E-2
26.139,5.755E-2,-8.192E-2
26.156,5.977E-2,-8.179E-2
26.173,6.094E-2,-8.168E-2
26.190,6.108E-2,-8.168E-2
26.206,6.016E-2,-8.175E-2
26.223,5.812E-2,-8.194E-2
26.240,5.522E-2,-8.204E-2
26.257,5.195E-2,-8.221E-2
26.274,4.855E-2,-8.227E-2
26.291,4.533E-2,-8.223E-2
26.307,4.281E-2,-8.221E-2
26.324,4.119E-2,-8.217E-2
26.341,4.065E-2,-8.216E-2
26.358,4.127E-2,-8.217E-2
26.375,4.288E-2,-8.221E-2
26.392,4.543E-2,-8.226E-2
26.409,4.863E-2,-8.230E-2
26.425,5.208E-2,-8.222E-2
26.442,5.532E-2,-8.208E-2
26.459,5.800E-2,-8.187E-2
26.476,6.007E-2,-8.179E-2
26.493,6.111E-2,-8.175E-2
26.510,6.092E-2,-8.175E-2
26.526,5.957E-2,-8.184E-2
26.543,5.740E-2,-8.199E-2
26.560,5.441E-2,-8.218E-2
26.577,5.100E-2,-8.229E-2
26.594,4.774E-2,-8.228E-2
26.611,4.472E-2,-8.227E-2
26.627,4.242E-2,-8.222E-2
26.644,4.109E-2,-8.216E-2
26.661,4.081E-2,-8.219E-2
26.678,4.163E-2,-8.219E-2
26.695,4.353E-2,-8.223E-2
26.712,4.628E-2,-8.226E-2
26.729,4.950E-2,-8.229E-2
26.745,5.289E-2,-8.218E-2
26.762,5.601E-2,-8.202E-2
26.779,5.856E-2,-8.186E-2
26.796,6.019E-2,-8.167E-2
26.813,6.086E-2,-8.166E-2
26.830,6.042E-2,-8.166E-2
26.846,5.888E-2,-8.185E-2
26.863,5.657E-2,-8.196E-2
26.880,5.355E-2,-8.214E-2
26.897,5.021E-2,-8.222E-2
26.914,4.696E-2,-8.223E-2
26.931,4.409E-2,-8.222E-2
26.947,4.208E-2,-8.220E-2
26.964,4.100E-2,-8.217E-2
26.981,4.102E-2,-8.218E-2
26.998,4.219E-2,-8.223E-2
27.015,4.427E-2,-8.226E-2
27.032,4.709E-2,-8.229E-2
27.049,5.036E-2,-8.222E-2
27.065,5.374E-2,-8.214E-2
27.082,5.673E-2,-8.200E-2
27.099,5.906E-2,-8.186E-2
27.116,6.050E-2,-8.177E-2
27.133,6.088E-2,-8.178E-2
27.150,6.015E-2,-8.181E-2
27.166,5.831E-2,-8.189E-2
27.183,5.581E-2,-8.201E-2
27.200,5.275E-2,-8.216E-2
27.217,4.937E-2,-8.224E-2
27.234,4.624E-2,-8.227E-2
27.251,4.361E-2,-8.225E-2
27.267,4.181E-2,-8.222E-2
27.284,4.109E-2,-8.216E-2
27.301,4.138E-2,-8.220E-2
27.318,4.274E-2,-8.219E-2
27.335,4.501E-2,-8.228E-2
27.352,4.796E-2,-8.225E-2
27.369,5.123E-2,-8.226E-2
27.385,5.453E-2,-8.213E-2
27.402,5.734E-2,-8.201E-2
27.419,5.940E-2,-8.181E-2
27.436,6.062E-2,-8.172E-2
27.453,6.070E-2,-8.177E-2
27.470,5.971E-2,-8.185E-2
27.486,5.776E-2,-8.198E-2
27.503,5.512E-2,-8.215E-2
27.520,5.184E-2,-8.226E-2
27.537,4.860E-2,-8.232E-2
27.554,4.556E-2,-8.227E-2
27.571,4.315E-2,-8.223E-2
27.587,4.166E-2,-8.220E-2
27.604,4.115E-2,-8.223E-2
27.621,4.174E-2,-8.217E-2
27.638,4.335E-2,-8.219E-2
27.655,4.579E-2,-8.227E-2
27.672,4.877E-2,-8.228E-2
27.689,5.204E-2,-8.224E-2
27.705,5.521E-2,-8.213E-2
27.722,5.780E-2,-8.197E-2
27.739,5.964E-2,-8.180E-2
27.756,6.058E-2,-8.173E-2
27.773,6.044E-2,-8.176E-2
27.790,5.909E-2,-8.186E-2
27.806,5.700E-2,-8.197E-2
27.823,5.419E-2,-8.214E-2
27.840,5.099E-2,-8.224E-2
27.857,4.777E-2,-8.225E-2
27.874,4.490E-2,-8.224E-2
27.891,4.279E-2,-8.222E-2
27.907,4.150E-2,-8.216E-2
27.924,4.125E-2,-8.219E-2
27.941,4.209E-2,-8.219E-2
27.958,4.385E-2,-8.228E-2
27.975,4.642E-2,-8.230E-2
27.992,4.957E-2,-8.226E-2
28.009,5.279E-2,-8.223E-2
28.025,5.575E-2,-8.204E-2
28.042,5.816E-2,-8.189E-2
28.059,5.982E-2,-8.180E-2
28.076,6.049E-2,-8.178E-2
28.093,6.001E-2,-8.177E-2
28.110,5.850E-2,-8.187E-2
28.126,5.625E-2,-8.203E-2
28.143,5.344E-2,-8.218E-2
28.160,5.023E-2,-8.227E-2
28.177,4.711E-2,-8.224E-2
28.194,4.440E-2,-8.227E-2
28.211,4.247E-2,-8.222E-2
28.227,4.143E-2,-8.218E-2
28.244,4.145E-2,-8.218E-2
28.261,4.256E-2,-8.224E-2
28.278,4.453E-2,-8.224E-2
28.295,4.726E-2,-8.226E-2
28.312,5.041E-2,-8.226E-2
28.329,5.358E-2,-8.221E-2
28.345,5.637E-2,-8.205E-2
28.362,5.858E-2,-8.187E-2
28.379,6.000E-2,-8.176E-2
28.396,6.038E-2,-8.174E-2
28.413,5.965E-2,-8.177E-2
28.430,5.805E-2,-8.198E-2
28.446,5.553E-2,-8.209E-2
28.463,5.260E-2,-8.217E-2
28.480,4.945E-2,-8.226E-2
28.497,4.642E-2,-8.229E-2
28.514,4.393E-2,-8.224E-2
28.531,4.216E-2,-8.222E-2
28.547,4.143E-2,-8.219E-2
28.564,4.172E-2,-8.219E-2
28.581,4.297E-2,-8.225E-2
28.598,4.519E-2,-8.231E-2
28.615,4.799E-2,-8.228E-2
28.632,5.105E-2,-8.223E-2
28.649,5.415E-2,-8.211E-2
28.665,5.690E-2,-8.198E-2
28.682,5.887E-2,-8.185E-2
28.699,6.013E-2,-8.180E-2
28.716,6.025E-2,-8.172E-2
28.733,5.926E-2,-8.184E-2
28.750,5.746E-2,-8.199E-2
28.766,5.486E-2,-8.210E-2
28.783,5.193E-2,-8.220E-2
28.800,4.878E-2,-8.225E-2
28.817,4.584E-2,-8.228E-2
28.834,4.355E-2,-8.221E-2
28.851,4.204E-2,-8.220E-2
28.867,4.158E-2,-8.219E-2
28.884,4.202E-2,-8.219E-2
28.901,4.356E-2,-8.224E-2
28.918,4.603E-2,-8.236E-2
28.935,4.889E-2,-8.234E-2
28.952,5.189E-2,-8.227E-2
28.969,5.493E-2,-8.217E-2
28.985,5.738E-2,-8.199E-2
29.002,5.923E-2,-8.185E-2
29.019,6.014E-2,-8.181E-2
29.036,5.998E-2,-8.180E-2
29.053,5.879E-2,-8.187E-2
29.070,5.682E-2,-8.200E-2
29.086,5.422E-2,-8.217E-2
29.103,5.115E-2,-8.220E-2
29.120,4.800E-2,-8.231E-2
29.137,4.529E-2,-8.228E-2
29.154,4.319E-2,-8.225E-2
29.171,4.194E-2,-8.216E-2
29.187,4.167E-2,-8.220E-2
29.204,4.244E-2,-8.221E-2
29.221,4.408E-2,-8.222E-2
29.238,4.655E-2,-8.227E-2
29.255,4.947E-2,-8.227E-2
29.272,5.264E-2,-8.220E-2
29.289,5.547E-2,-8.209E-2
29.305,5.784E-2,-8.199E-2
29.322,5.944E-2,-8.179E-2
29.339,6.011E-2,-8.178E-2
29.356,5.974E-2,-8.181E-2
29.373,5.838E-2,-8.189E-2
29.390,5.618E-2,-8.202E-2
29.406,5.351E-2,-8.218E-2
29.423,5.046E-2,-8.225E-2
