,mass A,,
t,x,y,
0.000,2.498E-2,-9.083E-2
0.017,2.507E-2,-9.078E-2
0.034,2.494E-2,-9.059E-2
0.051,2.481E-2,-9.043E-2
0.067,2.489E-2,-9.060E-2
0.084,2.499E-2,-9.083E-2
0.101,2.486E-2,-9.085E-2
0.118,2.485E-2,-9.076E-2
0.135,2.475E-2,-9.070E-2
0.152,2.481E-2,-9.080E-2
0.168,2.489E-2,-9.100E-2
0.185,2.489E-2,-9.102E-2
0.202,2.479E-2,-9.085E-2
0.219,2.474E-2,-9.070E-2
0.236,2.475E-2,-9.068E-2
0.253,2.484E-2,-9.078E-2
0.269,2.482E-2,-9.079E-2
0.286,2.474E-2,-9.065E-2
0.303,2.480E-2,-9.057E-2
0.320,2.474E-2,-9.069E-2
0.337,2.484E-2,-9.082E-2
0.354,2.469E-2,-9.091E-2
0.371,2.471E-2,-9.089E-2
0.387,2.472E-2,-9.084E-2
0.404,2.472E-2,-9.085E-2
0.421,2.481E-2,-9.095E-2
0.438,2.477E-2,-9.097E-2
0.455,2.471E-2,-9.088E-2
0.472,2.480E-2,-9.075E-2
0.488,2.479E-2,-9.077E-2
0.505,2.476E-2,-9.080E-2
0.522,2.477E-2,-9.080E-2
0.539,2.481E-2,-9.075E-2
0.556,2.481E-2,-9.075E-2
0.573,2.480E-2,-9.076E-2
0.589,2.476E-2,-9.090E-2
0.606,2.482E-2,-9.095E-2
0.623,2.480E-2,-9.097E-2
0.640,2.479E-2,-9.095E-2
0.657,2.479E-2,-9.098E-2
0.674,2.479E-2,-9.099E-2
0.691,2.479E-2,-9.099E-2
0.707,2.468E-2,-9.092E-2
0.724,2.479E-2,-9.078E-2
0.741,2.478E-2,-9.079E-2
0.758,2.478E-2,-9.080E-2
0.775,2.477E-2,-9.081E-2
0.792,2.477E-2,-9.081E-2
0.808,2.478E-2,-9.081E-2
0.825,2.478E-2,-9.081E-2
0.842,2.476E-2,-9.090E-2
0.859,2.479E-2,-9.100E-2
0.876,2.484E-2,-9.096E-2
0.893,2.480E-2,-9.098E-2
0.909,2.479E-2,-9.098E-2
0.926,2.478E-2,-9.098E-2
0.943,2.479E-2,-9.098E-2
0.960,2.470E-2,-9.092E-2
0.977,2.479E-2,-9.082E-2
0.994,2.479E-2,-9.080E-2
1.011,2.476E-2,-9.083E-2
1.027,2.477E-2,-9.082E-2
1.044,2.478E-2,-9.083E-2
1.061,2.477E-2,-9.083E-2
1.078,2.479E-2,-9.084E-2
1.095,2.474E-2,-9.093E-2
1.112,2.482E-2,-9.095E-2
1.128,2.482E-2,-9.096E-2
1.145,2.480E-2,-9.097E-2
1.162,2.479E-2,-9.097E-2
1.179,2.479E-2,-9.098E-2
1.196,2.480E-2,-9.095E-2
1.213,2.473E-2,-9.089E-2
1.229,2.475E-2,-9.082E-2
1.246,2.475E-2,-9.081E-2
1.263,2.478E-2,-9.082E-2
1.280,2.477E-2,-9.084E-2
1.297,2.478E-2,-9.085E-2
1.314,2.477E-2,-9.086E-2
1.331,2.479E-2,-9.086E-2
1.347,2.475E-2,-9.088E-2
1.364,2.480E-2,-9.095E-2
1.381,2.479E-2,-9.098E-2
1.398,2.477E-2,-9.097E-2
1.415,2.478E-2,-9.095E-2
1.432,2.478E-2,-9.095E-2
1.448,2.472E-2,-9.089E-2
1.465,2.474E-2,-9.086E-2
1.482,2.479E-2,-9.081E-2
1.499,2.478E-2,-9.082E-2
1.516,2.478E-2,-9.082E-2
1.533,2.479E-2,-9.083E-2
1.549,2.475E-2,-9.085E-2
1.566,2.478E-2,-9.085E-2
1.583,2.476E-2,-9.088E-2
1.600,2.473E-2,-9.090E-2
1.617,2.471E-2,-9.091E-2
1.634,2.472E-2,-9.091E-2
1.651,2.473E-2,-9.089E-2
1.667,2.472E-2,-9.088E-2
1.684,2.474E-2,-9.085E-2
1.701,2.474E-2,-9.085E-2
1.718,2.479E-2,-9.079E-2
1.735,2.479E-2,-9.080E-2
1.752,2.481E-2,-9.080E-2
1.768,2.482E-2,-9.080E-2
1.785,2.478E-2,-9.083E-2
1.802,2.479E-2,-9.082E-2
1.819,2.478E-2,-9.084E-2
1.836,2.477E-2,-9.085E-2
1.853,2.471E-2,-9.091E-2
1.869,2.472E-2,-9.090E-2
1.886,2.473E-2,-9.089E-2
1.903,2.473E-2,-9.088E-2
1.920,2.473E-2,-9.088E-2
1.937,2.477E-2,-9.083E-2
1.954,2.476E-2,-9.082E-2
1.971,2.480E-2,-9.080E-2
1.987,2.483E-2,-9.080E-2
2.004,2.485E-2,-9.079E-2
2.021,2.483E-2,-9.080E-2
2.038,2.484E-2,-9.081E-2
2.055,2.479E-2,-9.085E-2
2.072,2.477E-2,-9.086E-2
2.088,2.475E-2,-9.086E-2
2.105,2.469E-2,-9.091E-2
2.122,2.471E-2,-9.090E-2
2.139,2.474E-2,-9.086E-2
2.156,2.477E-2,-9.083E-2
2.173,2.479E-2,-9.079E-2
2.189,2.482E-2,-9.078E-2
2.206,2.484E-2,-9.076E-2
2.223,2.481E-2,-9.079E-2
2.240,2.482E-2,-9.078E-2
2.257,2.482E-2,-9.079E-2
2.274,2.482E-2,-9.080E-2
2.291,2.482E-2,-9.080E-2
2.307,2.482E-2,-9.080E-2
2.324,2.480E-2,-9.084E-2
2.341,2.475E-2,-9.088E-2
2.358,2.475E-2,-9.088E-2
2.375,2.476E-2,-9.087E-2
2.392,2.475E-2,-9.086E-2
2.408,2.480E-2,-9.082E-2
2.425,2.479E-2,-9.082E-2
2.442,2.479E-2,-9.082E-2
2.459,2.480E-2,-9.081E-2
2.476,2.483E-2,-9.078E-2
2.493,2.482E-2,-9.078E-2
2.509,2.482E-2,-9.077E-2
2.526,2.482E-2,-9.079E-2
2.543,2.478E-2,-9.081E-2
2.560,2.477E-2,-9.083E-2
2.577,2.476E-2,-9.083E-2
2.594,2.473E-2,-9.084E-2
2.611,2.473E-2,-9.086E-2
2.627,2.474E-2,-9.085E-2
2.644,2.475E-2,-9.084E-2
2.661,2.476E-2,-9.083E-2
2.678,2.479E-2,-9.082E-2
2.695,2.482E-2,-9.079E-2
2.712,2.483E-2,-9.078E-2
2.728,2.480E-2,-9.081E-2
2.745,2.479E-2,-9.080E-2
2.762,2.480E-2,-9.079E-2
2.779,2.475E-2,-9.084E-2
2.796,2.478E-2,-9.082E-2
2.813,2.475E-2,-9.085E-2
2.829,2.475E-2,-9.083E-2
2.846,2.475E-2,-9.084E-2
2.863,2.476E-2,-9.084E-2
2.880,2.478E-2,-9.082E-2
2.897,2.477E-2,-9.083E-2
2.914,2.476E-2,-9.084E-2
2.931,2.479E-2,-9.081E-2
2.947,2.480E-2,-9.081E-2
2.964,2.483E-2,-9.079E-2
2.981,2.484E-2,-9.078E-2
2.998,2.481E-2,-9.080E-2
3.015,2.480E-2,-9.080E-2
3.032,2.482E-2,-9.081E-2
3.048,2.481E-2,-9.081E-2
3.065,2.478E-2,-9.084E-2
3.082,2.478E-2,-9.082E-2
3.099,2.481E-2,-9.082E-2
3.116,2.486E-2,-9.079E-2
3.133,2.487E-2,-9.078E-2
3.149,2.490E-2,-9.082E-2
3.166,2.501E-2,-9.077E-2
3.183,2.505E-2,-9.074E-2
3.200,2.515E-2,-9.076E-2
3.217,2.515E-2,-9.077E-2
3.234,2.515E-2,-9.078E-2
3.251,2.521E-2,-9.078E-2
3.267,2.520E-2,-9.079E-2
3.284,2.518E-2,-9.079E-2
3.301,2.519E-2,-9.081E-2
3.318,2.521E-2,-9.079E-2
3.335,2.521E-2,-9.079E-2
3.352,2.522E-2,-9.079E-2
3.368,2.527E-2,-9.075E-2
3.385,2.529E-2,-9.081E-2
3.402,2.548E-2,-9.074E-2
3.419,2.547E-2,-9.075E-2
3.436,2.548E-2,-9.075E-2
3.453,2.548E-2,-9.075E-2
3.469,2.550E-2,-9.082E-2
3.486,2.555E-2,-9.081E-2
3.503,2.556E-2,-9.080E-2
3.520,2.556E-2,-9.080E-2
3.537,2.554E-2,-9.082E-2
3.554,2.566E-2,-9.076E-2
3.571,2.564E-2,-9.078E-2
3.587,2.564E-2,-9.078E-2
3.604,2.565E-2,-9.078E-2
3.621,2.568E-2,-9.075E-2
3.638,2.573E-2,-9.079E-2
3.655,2.574E-2,-9.079E-2
3.672,2.577E-2,-9.077E-2
3.688,2.568E-2,-9.064E-2
3.705,2.568E-2,-9.064E-2
3.722,2.567E-2,-9.063E-2
3.739,2.558E-2,-9.066E-2
3.756,2.558E-2,-9.064E-2
3.773,2.558E-2,-9.063E-2
3.789,2.560E-2,-9.065E-2
3.806,2.558E-2,-9.065E-2
3.823,2.558E-2,-9.064E-2
3.840,2.559E-2,-9.064E-2
3.857,2.555E-2,-9.067E-2
3.874,2.556E-2,-9.065E-2
3.891,2.557E-2,-9.065E-2
3.907,2.558E-2,-9.065E-2
3.924,2.558E-2,-9.065E-2
3.941,2.557E-2,-9.064E-2
3.958,2.558E-2,-9.063E-2
3.975,2.560E-2,-9.063E-2
3.992,2.561E-2,-9.062E-2
4.008,2.561E-2,-9.061E-2
4.025,2.560E-2,-9.062E-2
4.042,2.569E-2,-9.067E-2
4.059,2.634E-2,-9.082E-2
4.076,2.795E-2,-9.121E-2
4.093,3.109E-2,-9.176E-2
4.109,3.634E-2,-9.262E-2
4.126,4.351E-2,-9.351E-2
4.143,5.248E-2,-9.453E-2
4.160,6.279E-2,-9.508E-2
4.177,7.398E-2,-9.523E-2
4.194,8.520E-2,-9.492E-2
4.211,9.591E-2,-9.408E-2
4.227,0.106,-9.305E-2
4.244,0.114,-9.179E-2
4.261,0.120,-9.048E-2
4.278,0.125,-8.955E-2
4.295,0.127,-8.918E-2
4.312,0.127,-8.915E-2
4.328,0.125,-8.977E-2
4.345,0.119,-9.068E-2
4.362,0.112,-9.206E-2
4.379,0.104,-9.324E-2
4.396,9.417E-2,-9.424E-2
4.413,8.358E-2,-9.496E-2
4.429,7.265E-2,-9.508E-2
4.446,6.201E-2,-9.484E-2
4.463,5.156E-2,-9.408E-2
4.480,4.324E-2,-9.320E-2
4.497,3.610E-2,-9.224E-2
4.514,3.127E-2,-9.139E-2
4.531,2.880E-2,-9.101E-2
4.547,2.894E-2,-9.112E-2
4.564,3.169E-2,-9.160E-2
4.581,3.679E-2,-9.240E-2
4.598,4.380E-2,-9.328E-2
4.615,5.296E-2,-9.420E-2
4.632,6.319E-2,-9.487E-2
4.648,7.401E-2,-9.504E-2
4.665,8.517E-2,-9.489E-2
4.682,9.568E-2,-9.405E-2
4.699,0.105,-9.299E-2
4.716,0.114,-9.175E-2
4.733,0.120,-9.054E-2
4.749,0.123,-8.771E-2
4.766,0.125,-8.735E-2
4.783,0.125,-8.741E-2
4.800,0.122,-8.798E-2
4.817,0.119,-9.087E-2
4.834,0.112,-9.209E-2
4.851,0.103,-9.331E-2
4.867,9.310E-2,-9.428E-2
4.884,8.249E-2,-9.486E-2
4.901,7.156E-2,-9.504E-2
4.918,6.087E-2,-9.482E-2
4.935,5.119E-2,-9.428E-2
4.952,4.251E-2,-9.330E-2
4.968,3.566E-2,-9.242E-2
4.985,3.088E-2,-9.161E-2
5.002,2.883E-2,-9.123E-2
5.019,2.917E-2,-9.137E-2
5.036,3.197E-2,-9.190E-2
5.053,3.707E-2,-9.268E-2
5.069,4.449E-2,-9.360E-2
5.086,5.341E-2,-9.453E-2
5.103,6.345E-2,-9.508E-2
5.120,7.444E-2,-9.520E-2
5.137,8.535E-2,-9.488E-2
5.154,9.554E-2,-9.413E-2
5.171,0.105,-9.302E-2
5.187,0.113,-9.184E-2
5.204,0.119,-9.066E-2
5.221,0.122,-8.777E-2
5.238,0.124,-8.756E-2
5.255,0.124,-8.760E-2
5.272,0.121,-8.823E-2
5.288,0.118,-9.108E-2
5.305,0.110,-9.232E-2
5.322,0.102,-9.349E-2
5.339,9.195E-2,-9.451E-2
5.356,8.139E-2,-9.507E-2
5.373,7.073E-2,-9.507E-2
5.389,5.992E-2,-9.477E-2
5.406,5.023E-2,-9.407E-2
5.423,4.187E-2,-9.317E-2
5.440,3.529E-2,-9.224E-2
5.457,3.105E-2,-9.157E-2
5.474,2.898E-2,-9.112E-2
5.491,2.965E-2,-9.121E-2
5.507,3.274E-2,-9.181E-2
5.524,3.821E-2,-9.258E-2
5.541,4.524E-2,-9.349E-2
5.558,5.438E-2,-9.430E-2
5.575,6.459E-2,-9.492E-2
5.592,7.563E-2,-9.512E-2
5.608,8.686E-2,-9.484E-2
5.625,9.723E-2,-9.392E-2
5.642,0.107,-9.284E-2
5.659,0.114,-9.162E-2
5.676,0.120,-9.060E-2
5.693,0.124,-8.962E-2
5.709,0.126,-8.918E-2
5.726,0.126,-8.937E-2
5.743,0.123,-9.005E-2
5.760,0.118,-9.110E-2
5.777,0.111,-9.229E-2
5.794,0.102,-9.349E-2
5.811,9.176E-2,-9.445E-2
5.827,8.089E-2,-9.500E-2
5.844,6.972E-2,-9.511E-2
5.861,5.923E-2,-9.480E-2
5.878,4.932E-2,-9.404E-2
5.895,4.095E-2,-9.305E-2
5.912,3.458E-2,-9.216E-2
5.928,3.047E-2,-9.161E-2
5.945,2.878E-2,-9.141E-2
5.962,2.943E-2,-9.148E-2
5.979,3.237E-2,-9.192E-2
5.996,3.773E-2,-9.271E-2
6.013,4.502E-2,-9.351E-2
6.029,5.441E-2,-9.441E-2
6.046,6.463E-2,-9.506E-2
6.063,7.543E-2,-9.507E-2
6.080,8.638E-2,-9.472E-2
6.097,9.670E-2,-9.394E-2
6.114,0.106,-9.285E-2
6.131,0.114,-9.166E-2
6.147,0.120,-9.060E-2
6.164,0.122,-8.771E-2
6.181,0.124,-8.752E-2
6.198,0.124,-8.760E-2
6.215,0.121,-8.821E-2
6.232,0.117,-9.115E-2
6.248,0.110,-9.238E-2
6.265,0.101,-9.350E-2
6.282,9.167E-2,-9.442E-2
6.299,8.081E-2,-9.492E-2
6.316,7.014E-2,-9.502E-2
6.333,5.928E-2,-9.474E-2
6.349,4.987E-2,-9.408E-2
6.366,4.178E-2,-9.309E-2
6.383,3.560E-2,-9.219E-2
6.400,3.148E-2,-9.160E-2
6.417,2.980E-2,-9.133E-2
6.434,3.053E-2,-9.142E-2
6.451,3.380E-2,-9.202E-2
6.467,3.921E-2,-9.279E-2
6.484,4.664E-2,-9.367E-2
6.501,5.575E-2,-9.443E-2
6.518,6.578E-2,-9.496E-2
6.535,7.653E-2,-9.511E-2
6.552,8.722E-2,-9.473E-2
6.568,9.719E-2,-9.391E-2
6.585,0.106,-9.290E-2
6.602,0.114,-9.170E-2
6.619,0.120,-9.061E-2
6.636,0.122,-8.787E-2
6.653,0.123,-8.765E-2
6.669,0.123,-8.780E-2
6.686,0.120,-8.844E-2
6.703,0.116,-9.125E-2
6.720,0.109,-9.245E-2
6.737,0.101,-9.351E-2
6.754,9.076E-2,-9.439E-2
6.771,8.036E-2,-9.505E-2
6.787,6.943E-2,-9.511E-2
6.804,5.911E-2,-9.475E-2
6.821,4.981E-2,-9.408E-2
6.838,4.188E-2,-9.312E-2
6.855,3.599E-2,-9.221E-2
6.872,3.214E-2,-9.159E-2
6.888,3.046E-2,-9.128E-2
6.905,3.140E-2,-9.143E-2
6.922,3.464E-2,-9.203E-2
6.939,3.990E-2,-9.286E-2
6.956,4.723E-2,-9.371E-2
6.973,5.600E-2,-9.449E-2
6.989,6.609E-2,-9.506E-2
7.006,7.619E-2,-9.513E-2
7.023,8.680E-2,-9.487E-2
7.040,9.651E-2,-9.410E-2
7.057,0.106,-9.302E-2
7.074,0.113,-9.186E-2
7.091,0.119,-9.068E-2
7.107,0.123,-8.986E-2
7.124,0.125,-8.948E-2
7.141,0.124,-8.962E-2
7.158,0.121,-9.041E-2
7.175,0.116,-9.136E-2
7.192,0.109,-9.253E-2
7.208,0.100,-9.361E-2
7.225,9.019E-2,-9.443E-2
7.242,7.987E-2,-9.501E-2
7.259,6.930E-2,-9.505E-2
7.276,5.907E-2,-9.474E-2
7.293,4.985E-2,-9.409E-2
7.309,4.199E-2,-9.322E-2
7.326,3.599E-2,-9.238E-2
7.343,3.207E-2,-9.183E-2
7.360,3.049E-2,-9.156E-2
7.377,3.132E-2,-9.176E-2
7.394,3.430E-2,-9.228E-2
7.411,3.978E-2,-9.301E-2
7.427,4.703E-2,-9.386E-2
7.444,5.600E-2,-9.465E-2
7.461,6.567E-2,-9.509E-2
7.478,7.614E-2,-9.516E-2
7.495,8.678E-2,-9.492E-2
7.512,9.675E-2,-9.405E-2
7.528,0.106,-9.304E-2
7.545,0.113,-9.189E-2
7.562,0.119,-9.082E-2
7.579,0.121,-8.816E-2
7.596,0.123,-8.792E-2
7.613,0.122,-8.808E-2
7.629,0.119,-8.864E-2
7.646,0.113,-8.959E-2
7.663,0.108,-9.268E-2
7.680,9.900E-2,-9.375E-2
7.697,8.878E-2,-9.467E-2
7.714,7.832E-2,-9.512E-2
7.731,6.788E-2,-9.512E-2
7.747,5.794E-2,-9.483E-2
7.764,4.899E-2,-9.405E-2
7.781,4.118E-2,-9.321E-2
7.798,3.423E-2,-9.071E-2
7.815,3.063E-2,-9.025E-2
7.832,2.929E-2,-8.985E-2
7.848,3.014E-2,-9.006E-2
7.865,3.344E-2,-9.065E-2
7.882,3.873E-2,-9.145E-2
7.899,4.594E-2,-9.229E-2
7.916,5.546E-2,-9.433E-2
7.933,6.554E-2,-9.497E-2
7.949,7.588E-2,-9.515E-2
7.966,8.615E-2,-9.470E-2
7.983,9.581E-2,-9.404E-2
8.000,0.105,-9.309E-2
8.017,0.111,-8.997E-2
8.034,0.117,-8.896E-2
8.051,0.121,-8.831E-2
8.067,0.123,-8.798E-2
8.084,0.122,-8.818E-2
8.101,0.119,-8.857E-2
8.118,0.113,-8.947E-2
8.135,0.108,-9.263E-2
8.152,9.938E-2,-9.384E-2
8.168,8.964E-2,-9.454E-2
8.185,7.951E-2,-9.511E-2
8.202,6.909E-2,-9.506E-2
8.219,5.893E-2,-9.472E-2
8.236,5.000E-2,-9.407E-2
8.253,4.238E-2,-9.320E-2
8.270,3.657E-2,-9.242E-2
8.286,3.297E-2,-9.181E-2
8.303,3.149E-2,-9.160E-2
8.320,3.246E-2,-9.179E-2
8.337,3.568E-2,-9.228E-2
8.354,4.122E-2,-9.302E-2
8.371,4.861E-2,-9.391E-2
8.387,5.751E-2,-9.465E-2
8.404,6.750E-2,-9.505E-2
8.421,7.781E-2,-9.504E-2
8.438,8.813E-2,-9.465E-2
8.455,9.790E-2,-9.385E-2
8.472,0.107,-9.286E-2
8.488,0.114,-9.179E-2
8.505,0.119,-9.067E-2
8.522,0.123,-8.996E-2
8.539,0.124,-8.971E-2
8.556,0.123,-8.989E-2
8.573,0.120,-9.046E-2
8.590,0.115,-9.138E-2
8.606,0.108,-9.249E-2
8.623,0.100,-9.352E-2
8.640,9.026E-2,-9.435E-2
8.657,8.018E-2,-9.492E-2
8.674,6.971E-2,-9.487E-2
8.691,6.002E-2,-9.461E-2
8.707,5.091E-2,-9.390E-2
8.724,4.337E-2,-9.311E-2
8.741,3.787E-2,-9.245E-2
8.758,3.419E-2,-9.186E-2
8.775,3.291E-2,-9.157E-2
8.792,3.389E-2,-9.177E-2
8.808,3.709E-2,-9.227E-2
8.825,4.288E-2,-9.310E-2
8.842,5.005E-2,-9.371E-2
8.859,5.911E-2,-9.447E-2
8.876,6.885E-2,-9.486E-2
8.893,7.932E-2,-9.486E-2
8.910,8.944E-2,-9.449E-2
8.926,9.900E-2,-9.367E-2
8.943,0.107,-9.270E-2
8.960,0.114,-9.158E-2
8.977,0.120,-9.071E-2
8.994,0.123,-8.998E-2
9.011,0.124,-8.966E-2
9.027,0.123,-8.981E-2
9.044,0.120,-9.047E-2
9.061,0.115,-9.149E-2
9.078,0.108,-9.260E-2
9.095,0.100,-9.362E-2
9.112,9.076E-2,-9.442E-2
9.128,8.081E-2,-9.481E-2
9.145,7.066E-2,-9.487E-2
9.162,6.085E-2,-9.448E-2
9.179,5.206E-2,-9.385E-2
9.196,4.443E-2,-9.308E-2
9.213,3.868E-2,-9.246E-2
9.230,3.483E-2,-9.184E-2
9.246,3.332E-2,-9.167E-2
9.263,3.429E-2,-9.184E-2
9.280,3.726E-2,-9.242E-2
9.297,4.241E-2,-9.307E-2
9.314,4.983E-2,-9.405E-2
9.331,5.802E-2,-9.467E-2
9.347,6.763E-2,-9.527E-2
9.364,7.721E-2,-9.527E-2
9.381,8.683E-2,-9.492E-2
9.398,9.619E-2,-9.425E-2
9.415,0.105,-9.313E-2
9.432,0.112,-9.205E-2
9.448,0.116,-8.904E-2
9.465,0.120,-8.844E-2
9.482,0.121,-8.820E-2
9.499,0.120,-8.841E-2
9.516,0.117,-8.898E-2
9.533,0.113,-9.182E-2
9.550,0.107,-9.283E-2
9.566,9.836E-2,-9.385E-2
9.583,8.906E-2,-9.464E-2
9.600,7.916E-2,-9.510E-2
9.617,6.918E-2,-9.507E-2
9.634,5.975E-2,-9.483E-2
9.651,5.089E-2,-9.409E-2
9.667,4.374E-2,-9.343E-2
9.684,3.804E-2,-9.270E-2
9.701,3.449E-2,-9.210E-2
9.718,3.330E-2,-9.191E-2
9.735,3.431E-2,-9.205E-2
9.752,3.733E-2,-9.251E-2
9.768,4.269E-2,-9.327E-2
9.785,4.972E-2,-9.391E-2
9.802,5.806E-2,-9.457E-2
9.819,6.786E-2,-9.508E-2
9.836,7.770E-2,-9.509E-2
9.853,8.751E-2,-9.468E-2
9.870,9.701E-2,-9.392E-2
9.886,0.106,-9.302E-2
9.903,0.112,-9.200E-2
9.920,0.118,-9.107E-2
9.937,0.119,-8.847E-2
9.954,0.121,-8.823E-2
9.971,0.120,-8.844E-2
9.987,0.117,-8.895E-2
10.004,0.113,-9.180E-2
10.021,0.106,-9.288E-2
10.038,9.832E-2,-9.391E-2
10.055,8.918E-2,-9.462E-2
10.072,7.936E-2,-9.509E-2
10.088,6.940E-2,-9.510E-2
10.105,5.973E-2,-9.475E-2
10.122,5.107E-2,-9.411E-2
10.139,4.386E-2,-9.340E-2
10.156,3.793E-2,-9.270E-2
10.173,3.449E-2,-9.218E-2
10.190,3.316E-2,-9.201E-2
10.206,3.411E-2,-9.218E-2
10.223,3.711E-2,-9.267E-2
10.240,4.226E-2,-9.325E-2
10.257,4.939E-2,-9.410E-2
10.274,5.775E-2,-9.468E-2
10.291,6.715E-2,-9.505E-2
10.307,7.719E-2,-9.509E-2
10.324,8.709E-2,-9.471E-2
10.341,9.657E-2,-9.407E-2
10.358,0.105,-9.311E-2
10.375,0.112,-9.207E-2
10.392,0.117,-9.107E-2
10.408,0.120,-9.040E-2
10.425,0.121,-9.018E-2
10.442,0.121,-9.037E-2
10.459,0.118,-9.097E-2
10.476,0.113,-9.183E-2
10.493,0.106,-9.283E-2
10.510,9.839E-2,-9.383E-2
10.526,8.921E-2,-9.460E-2
10.543,7.939E-2,-9.505E-2
10.560,6.955E-2,-9.503E-2
10.577,6.023E-2,-9.481E-2
10.594,5.172E-2,-9.424E-2
10.611,4.423E-2,-9.348E-2
10.627,3.879E-2,-9.281E-2
10.644,3.525E-2,-9.230E-2
10.661,3.397E-2,-9.206E-2
10.678,3.481E-2,-9.223E-2
10.695,3.787E-2,-9.268E-2
10.712,4.303E-2,-9.329E-2
10.728,4.991E-2,-9.402E-2
10.745,5.819E-2,-9.463E-2
10.762,6.747E-2,-9.509E-2
10.779,7.699E-2,-9.512E-2
10.796,8.698E-2,-9.478E-2
10.813,9.603E-2,-9.409E-2
10.830,0.104,-9.317E-2
10.846,0.111,-9.216E-2
10.863,0.116,-9.130E-2
10.880,0.120,-9.058E-2
10.897,0.121,-9.031E-2
10.914,0.120,-9.047E-2
10.931,0.117,-9.105E-2
10.947,0.112,-9.184E-2
10.964,0.106,-9.287E-2
10.981,9.791E-2,-9.382E-2
10.998,8.900E-2,-9.463E-2
11.015,7.929E-2,-9.503E-2
11.032,6.959E-2,-9.507E-2
11.048,6.033E-2,-9.485E-2
11.065,5.182E-2,-9.433E-2
11.082,4.464E-2,-9.345E-2
11.099,3.913E-2,-9.283E-2
11.116,3.574E-2,-9.237E-2
11.133,3.431E-2,-9.220E-2
11.150,3.494E-2,-9.231E-2
11.166,3.800E-2,-9.277E-2
11.183,4.293E-2,-9.335E-2
11.200,4.972E-2,-9.405E-2
11.217,5.775E-2,-9.469E-2
11.234,6.695E-2,-9.507E-2
11.251,7.655E-2,-9.512E-2
11.267,8.610E-2,-9.486E-2
11.284,9.548E-2,-9.418E-2
11.301,0.104,-9.329E-2
11.318,0.110,-9.222E-2
11.335,0.116,-9.136E-2
11.352,0.118,-8.887E-2
11.368,0.119,-8.855E-2
11.385,0.118,-8.869E-2
11.402,0.115,-8.923E-2
11.419,0.112,-9.202E-2
11.436,0.106,-9.292E-2
11.453,9.802E-2,-9.388E-2
11.470,8.920E-2,-9.458E-2
11.486,7.962E-2,-9.504E-2
11.503,6.992E-2,-9.507E-2
11.520,6.074E-2,-9.485E-2
11.537,5.235E-2,-9.427E-2
11.554,4.507E-2,-9.348E-2
11.571,3.965E-2,-9.291E-2
11.587,3.606E-2,-9.230E-2
11.604,3.464E-2,-9.212E-2
11.621,3.546E-2,-9.225E-2
11.638,3.842E-2,-9.265E-2
11.655,4.338E-2,-9.330E-2
11.672,5.025E-2,-9.403E-2
11.688,5.838E-2,-9.462E-2
11.705,6.742E-2,-9.506E-2
11.722,7.688E-2,-9.508E-2
11.739,8.639E-2,-9.476E-2
11.756,9.550E-2,-9.412E-2
11.773,0.104,-9.325E-2
11.790,0.111,-9.224E-2
11.806,0.116,-9.142E-2
11.823,0.119,-9.073E-2
11.840,0.120,-9.048E-2
11.857,0.120,-9.064E-2
11.874,0.117,-9.111E-2
11.891,0.112,-9.195E-2
11.907,0.106,-9.288E-2
11.924,9.827E-2,-9.382E-2
11.941,8.929E-2,-9.451E-2
11.958,8.000E-2,-9.503E-2
11.975,7.054E-2,-9.506E-2
11.992,6.137E-2,-9.487E-2
12.008,5.310E-2,-9.427E-2
12.025,4.613E-2,-9.365E-2
12.042,4.043E-2,-9.289E-2
12.059,3.701E-2,-9.243E-2
12.076,3.552E-2,-9.221E-2
12.093,3.612E-2,-9.230E-2
12.110,3.882E-2,-9.268E-2
12.126,4.368E-2,-9.330E-2
12.143,5.024E-2,-9.403E-2
12.160,5.817E-2,-9.463E-2
12.177,6.712E-2,-9.503E-2
12.194,7.646E-2,-9.507E-2
12.211,8.603E-2,-9.486E-2
12.227,9.501E-2,-9.423E-2
12.244,0.103,-9.331E-2
12.261,0.110,-9.238E-2
12.278,0.115,-9.155E-2
12.295,0.119,-9.085E-2
12.312,0.120,-9.059E-2
12.328,0.119,-9.069E-2
12.345,0.117,-9.121E-2
12.362,0.112,-9.200E-2
12.379,0.106,-9.300E-2
12.396,9.830E-2,-9.385E-2
12.413,8.945E-2,-9.457E-2
12.430,8.038E-2,-9.504E-2
12.446,7.089E-2,-9.506E-2
12.463,6.187E-2,-9.483E-2
12.480,5.375E-2,-9.440E-2
12.497,4.637E-2,-9.370E-2
12.514,4.099E-2,-9.306E-2
12.531,3.745E-2,-9.260E-2
12.547,3.580E-2,-9.229E-2
12.564,3.642E-2,-9.244E-2
12.581,3.910E-2,-9.282E-2
12.598,4.389E-2,-9.342E-2
12.615,5.019E-2,-9.410E-2
12.632,5.807E-2,-9.474E-2
12.648,6.688E-2,-9.509E-2
12.665,7.615E-2,-9.511E-2
12.682,8.553E-2,-9.482E-2
12.699,9.452E-2,-9.426E-2
12.716,0.103,-9.343E-2
12.733,0.109,-9.247E-2
12.750,0.115,-9.160E-2
12.766,0.118,-9.096E-2
12.783,0.120,-9.069E-2
12.800,0.119,-9.071E-2
12.817,0.117,-9.123E-2
12.834,0.112,-9.203E-2
12.851,0.106,-9.299E-2
12.867,9.842E-2,-9.386E-2
12.884,8.992E-2,-9.461E-2
12.901,8.067E-2,-9.509E-2
12.918,7.134E-2,-9.515E-2
12.935,6.240E-2,-9.494E-2
12.952,5.422E-2,-9.449E-2
12.968,4.720E-2,-9.382E-2
12.985,4.172E-2,-9.322E-2
13.002,3.786E-2,-9.267E-2
13.019,3.635E-2,-9.242E-2
13.036,3.680E-2,-9.248E-2
13.053,3.932E-2,-9.286E-2
13.070,4.392E-2,-9.347E-2
13.086,5.019E-2,-9.411E-2
13.103,5.800E-2,-9.466E-2
13.120,6.667E-2,-9.506E-2
13.137,7.563E-2,-9.509E-2
13.154,8.502E-2,-9.491E-2
13.171,9.393E-2,-9.431E-2
13.187,0.102,-9.351E-2
13.204,0.109,-9.263E-2
13.221,0.114,-9.168E-2
13.238,0.118,-9.100E-2
13.255,0.119,-9.071E-2
13.272,0.119,-9.082E-2
13.288,0.116,-9.129E-2
13.305,0.112,-9.204E-2
13.322,0.106,-9.290E-2
13.339,9.874E-2,-9.375E-2
13.356,9.023E-2,-9.454E-2
13.373,8.117E-2,-9.495E-2
13.390,7.209E-2,-9.506E-2
13.406,6.308E-2,-9.485E-2
13.423,5.496E-2,-9.444E-2
13.440,4.784E-2,-9.382E-2
13.457,4.233E-2,-9.323E-2
13.474,3.848E-2,-9.269E-2
13.491,3.683E-2,-9.245E-2
13.507,3.718E-2,-9.247E-2
13.524,3.963E-2,-9.278E-2
13.541,4.410E-2,-9.343E-2
13.558,5.016E-2,-9.401E-2
13.575,5.772E-2,-9.467E-2
13.592,6.634E-2,-9.503E-2
13.608,7.520E-2,-9.510E-2
13.625,8.447E-2,-9.488E-2
13.642,9.324E-2,-9.429E-2
13.659,0.101,-9.354E-2
13.676,0.108,-9.266E-2
13.693,0.114,-9.181E-2
13.710,0.117,-9.118E-2
13.726,0.119,-9.083E-2
13.743,0.118,-9.087E-2
13.760,0.116,-9.128E-2
13.777,0.112,-9.205E-2
13.794,0.106,-9.290E-2
13.811,9.889E-2,-9.377E-2
13.827,9.038E-2,-9.446E-2
13.844,8.160E-2,-9.504E-2
13.861,7.235E-2,-9.510E-2
13.878,6.347E-2,-9.489E-2
13.895,5.534E-2,-9.448E-2
13.912,4.827E-2,-9.385E-2
13.928,4.269E-2,-9.327E-2
13.945,3.900E-2,-9.278E-2
13.962,3.705E-2,-9.254E-2
13.979,3.731E-2,-9.252E-2
13.996,3.970E-2,-9.285E-2
14.013,4.396E-2,-9.343E-2
14.030,4.993E-2,-9.400E-2
14.046,5.731E-2,-9.464E-2
14.063,6.583E-2,-9.506E-2
14.080,7.490E-2,-9.525E-2
14.097,8.408E-2,-9.502E-2
14.114,9.270E-2,-9.447E-2
14.131,0.101,-9.367E-2
14.147,0.108,-9.278E-2
14.164,0.113,-9.191E-2
14.181,0.117,-9.126E-2
14.198,0.118,-9.089E-2
14.215,0.118,-9.088E-2
14.232,0.116,-9.131E-2
14.248,0.112,-9.200E-2
14.265,0.106,-9.289E-2
14.282,9.929E-2,-9.378E-2
14.299,9.097E-2,-9.451E-2
14.316,8.220E-2,-9.504E-2
14.333,7.316E-2,-9.521E-2
14.350,6.431E-2,-9.499E-2
14.366,5.617E-2,-9.460E-2
14.383,4.912E-2,-9.401E-2
14.400,4.344E-2,-9.340E-2
14.417,3.948E-2,-9.287E-2
14.434,3.766E-2,-9.263E-2
14.451,3.777E-2,-9.265E-2
14.467,3.974E-2,-9.292E-2
14.484,4.394E-2,-9.346E-2
14.501,4.981E-2,-9.409E-2
14.518,5.706E-2,-9.469E-2
14.535,6.540E-2,-9.511E-2
14.552,7.433E-2,-9.526E-2
14.568,8.331E-2,-9.503E-2
14.585,9.192E-2,-9.450E-2
14.602,9.994E-2,-9.376E-2
14.619,0.107,-9.286E-2
14.636,0.112,-9.200E-2
14.653,0.116,-9.136E-2
14.670,0.118,-9.105E-2
14.686,0.118,-9.104E-2
14.703,0.116,-9.139E-2
14.720,0.112,-9.206E-2
14.737,0.106,-9.287E-2
14.754,9.964E-2,-9.382E-2
14.771,9.152E-2,-9.451E-2
14.787,8.267E-2,-9.491E-2
14.804,7.370E-2,-9.511E-2
14.821,6.479E-2,-9.495E-2
14.838,5.686E-2,-9.465E-2
14.855,4.982E-2,-9.406E-2
14.872,4.413E-2,-9.347E-2
14.888,4.001E-2,-9.286E-2
14.905,3.812E-2,-9.265E-2
14.922,3.803E-2,-9.267E-2
14.939,4.000E-2,-9.289E-2
14.956,4.403E-2,-9.341E-2
14.973,4.970E-2,-9.400E-2
14.990,5.669E-2,-9.464E-2
15.006,6.482E-2,-9.508E-2
15.023,7.361E-2,-9.522E-2
15.040,8.250E-2,-9.504E-2
15.057,9.112E-2,-9.452E-2
15.074,9.922E-2,-9.382E-2
15.091,0.106,-9.299E-2
15.107,0.112,-9.213E-2
15.124,0.115,-9.144E-2
15.141,0.117,-9.106E-2
15.158,0.118,-9.106E-2
15.175,0.116,-9.141E-2
15.192,0.112,-9.206E-2
15.208,0.107,-9.289E-2
15.225,9.985E-2,-9.371E-2
15.242,9.198E-2,-9.446E-2
15.259,8.323E-2,-9.495E-2
15.276,7.448E-2,-9.523E-2
15.293,6.569E-2,-9.508E-2
15.310,5.763E-2,-9.468E-2
15.326,5.038E-2,-9.413E-2
15.343,4.463E-2,-9.348E-2
15.360,4.068E-2,-9.305E-2
15.377,3.835E-2,-9.271E-2
15.394,3.828E-2,-9.268E-2
15.411,4.002E-2,-9.289E-2
15.427,4.363E-2,-9.332E-2
15.444,4.919E-2,-9.394E-2
15.461,5.611E-2,-9.450E-2
15.478,6.411E-2,-9.488E-2
15.495,7.278E-2,-9.507E-2
15.512,8.145E-2,-9.493E-2
15.528,9.013E-2,-9.452E-2
15.545,9.827E-2,-9.382E-2
15.562,0.105,-9.303E-2
15.579,0.111,-9.221E-2
15.596,0.115,-9.151E-2
15.613,0.117,-9.108E-2
15.630,0.117,-9.105E-2
15.646,0.116,-9.139E-2
15.663,0.112,-9.196E-2
15.680,0.107,-9.284E-2
15.697,0.100,-9.365E-2
15.714,9.242E-2,-9.442E-2
15.731,8.375E-2,-9.497E-2
15.747,7.501E-2,-9.511E-2
15.764,6.646E-2,-9.506E-2
15.781,5.835E-2,-9.471E-2
15.798,5.112E-2,-9.407E-2
15.815,4.521E-2,-9.348E-2
15.832,4.114E-2,-9.305E-2
15.848,3.874E-2,-9.271E-2
15.865,3.846E-2,-9.270E-2
15.882,4.009E-2,-9.289E-2
15.899,4.360E-2,-9.329E-2
15.916,4.890E-2,-9.385E-2
15.933,5.563E-2,-9.451E-2
15.950,6.343E-2,-9.489E-2
15.966,7.198E-2,-9.509E-2
15.983,8.074E-2,-9.494E-2
16.000,8.933E-2,-9.452E-2
16.017,9.735E-2,-9.384E-2
16.034,0.104,-9.309E-2
16.051,0.110,-9.225E-2
16.067,0.114,-9.163E-2
16.084,0.116,-9.117E-2
16.101,0.117,-9.108E-2
16.118,0.115,-9.136E-2
16.135,0.112,-9.188E-2
16.152,0.107,-9.274E-2
16.168,0.101,-9.358E-2
16.185,9.287E-2,-9.430E-2
16.202,8.461E-2,-9.484E-2
16.219,7.589E-2,-9.511E-2
16.236,6.739E-2,-9.510E-2
16.253,5.914E-2,-9.473E-2
16.270,5.218E-2,-9.421E-2
16.286,4.619E-2,-9.365E-2
16.303,4.176E-2,-9.311E-2
16.320,3.944E-2,-9.276E-2
16.337,3.900E-2,-9.279E-2
16.354,4.036E-2,-9.298E-2
16.371,4.369E-2,-9.337E-2
16.387,4.866E-2,-9.392E-2
16.404,5.525E-2,-9.448E-2
16.421,6.287E-2,-9.488E-2
16.438,7.126E-2,-9.514E-2
16.455,8.013E-2,-9.508E-2
16.472,8.864E-2,-9.473E-2
16.488,9.671E-2,-9.410E-2
16.505,0.104,-9.327E-2
16.522,0.110,-9.246E-2
16.539,0.114,-9.174E-2
16.556,0.116,-9.139E-2
16.573,0.117,-9.126E-2
16.590,0.115,-9.145E-2
16.606,0.112,-9.202E-2
16.623,0.107,-9.279E-2
16.640,0.101,-9.365E-2
16.657,9.378E-2,-9.441E-2
16.674,8.539E-2,-9.494E-2
16.691,7.670E-2,-9.516E-2
16.707,6.821E-2,-9.513E-2
16.724,6.021E-2,-9.484E-2
16.741,5.304E-2,-9.443E-2
16.758,4.705E-2,-9.380E-2
16.775,4.255E-2,-9.330E-2
16.792,4.004E-2,-9.297E-2
16.808,3.929E-2,-9.289E-2
16.825,4.056E-2,-9.303E-2
16.842,4.355E-2,-9.346E-2
16.859,4.862E-2,-9.404E-2
16.876,5.510E-2,-9.463E-2
16.893,6.254E-2,-9.507E-2
16.910,7.081E-2,-9.528E-2
16.926,7.948E-2,-9.521E-2
16.943,8.791E-2,-9.489E-2
16.960,9.593E-2,-9.428E-2
16.977,0.103,-9.348E-2
16.994,0.109,-9.264E-2
17.011,0.113,-9.198E-2
17.027,0.116,-9.153E-2
17.044,0.116,-9.140E-2
17.061,0.115,-9.157E-2
17.078,0.112,-9.208E-2
17.095,0.108,-9.287E-2
17.112,0.102,-9.365E-2
17.128,9.436E-2,-9.442E-2
17.145,8.613E-2,-9.490E-2
17.162,7.775E-2,-9.524E-2
17.179,6.931E-2,-9.525E-2
17.196,6.120E-2,-9.504E-2
17.213,5.381E-2,-9.445E-2
17.230,4.770E-2,-9.388E-2
17.246,4.322E-2,-9.344E-2
17.263,4.042E-2,-9.305E-2
17.280,3.944E-2,-9.288E-2
17.297,4.053E-2,-9.306E-2
17.314,4.353E-2,-9.346E-2
17.331,4.809E-2,-9.391E-2
17.347,5.428E-2,-9.448E-2
17.364,6.170E-2,-9.505E-2
17.381,6.991E-2,-9.524E-2
17.398,7.843E-2,-9.521E-2
17.415,8.680E-2,-9.493E-2
17.432,9.477E-2,-9.428E-2
17.448,0.102,-9.354E-2
17.465,0.108,-9.282E-2
17.482,0.112,-9.202E-2
17.499,0.115,-9.160E-2
17.516,0.116,-9.145E-2
17.533,0.115,-9.162E-2
17.550,0.112,-9.207E-2
17.566,0.108,-9.278E-2
17.583,0.102,-9.360E-2
17.600,9.487E-2,-9.426E-2
17.617,8.678E-2,-9.484E-2
17.634,7.851E-2,-9.525E-2
17.651,7.013E-2,-9.524E-2
17.667,6.220E-2,-9.504E-2
17.684,5.468E-2,-9.452E-2
17.701,4.869E-2,-9.401E-2
17.718,4.387E-2,-9.347E-2
17.735,4.085E-2,-9.308E-2
17.752,3.968E-2,-9.294E-2
17.768,4.056E-2,-9.304E-2
17.785,4.323E-2,-9.340E-2
17.802,4.766E-2,-9.388E-2
17.819,5.364E-2,-9.447E-2
17.836,6.060E-2,-9.490E-2
17.853,6.863E-2,-9.514E-2
17.870,7.701E-2,-9.510E-2
17.886,8.543E-2,-9.487E-2
17.903,9.353E-2,-9.428E-2
17.920,0.101,-9.362E-2
17.937,0.107,-9.285E-2
17.954,0.111,-9.218E-2
17.971,0.114,-9.167E-2
17.987,0.115,-9.148E-2
18.004,0.115,-9.159E-2
18.021,0.112,-9.206E-2
18.038,0.108,-9.265E-2
18.055,0.102,-9.345E-2
18.072,9.548E-2,-9.417E-2
18.088,8.766E-2,-9.483E-2
18.105,7.920E-2,-9.514E-2
18.122,7.071E-2,-9.514E-2
18.139,6.265E-2,-9.491E-2
18.156,5.531E-2,-9.451E-2
18.173,4.925E-2,-9.401E-2
18.190,4.442E-2,-9.351E-2
18.206,4.129E-2,-9.313E-2
18.223,4.019E-2,-9.297E-2
18.240,4.073E-2,-9.307E-2
18.257,4.324E-2,-9.337E-2
18.274,4.744E-2,-9.385E-2
18.291,5.307E-2,-9.431E-2
18.307,6.026E-2,-9.482E-2
18.324,6.795E-2,-9.506E-2
18.341,7.623E-2,-9.507E-2
18.358,8.469E-2,-9.487E-2
18.375,9.277E-2,-9.440E-2
18.392,9.998E-2,-9.372E-2
18.408,0.106,-9.297E-2
18.425,0.111,-9.223E-2
18.442,0.114,-9.170E-2
18.459,0.115,-9.149E-2
18.476,0.115,-9.158E-2
18.493,0.113,-9.202E-2
18.510,0.108,-9.264E-2
18.526,0.103,-9.342E-2
18.543,9.619E-2,-9.413E-2
18.560,8.847E-2,-9.472E-2
18.577,8.025E-2,-9.505E-2
18.594,7.182E-2,-9.516E-2
18.611,6.382E-2,-9.494E-2
18.627,5.668E-2,-9.464E-2
18.644,5.028E-2,-9.411E-2
18.661,4.544E-2,-9.362E-2
18.678,4.217E-2,-9.324E-2
18.695,4.064E-2,-9.300E-2
18.712,4.095E-2,-9.308E-2
18.728,4.316E-2,-9.334E-2
18.745,4.730E-2,-9.379E-2
18.762,5.274E-2,-9.430E-2
18.779,5.972E-2,-9.484E-2
18.796,6.728E-2,-9.509E-2
18.813,7.537E-2,-9.512E-2
18.830,8.372E-2,-9.490E-2
18.846,9.172E-2,-9.449E-2
18.863,9.909E-2,-9.380E-2
18.880,0.105,-9.304E-2
18.897,0.110,-9.238E-2
18.914,0.113,-9.180E-2
18.931,0.115,-9.152E-2
18.947,0.114,-9.148E-2
18.964,0.112,-9.184E-2
18.981,0.109,-9.250E-2
18.998,0.103,-9.325E-2
19.015,9.676E-2,-9.395E-2
19.032,8.930E-2,-9.460E-2
19.048,8.122E-2,-9.501E-2
19.065,7.287E-2,-9.513E-2
19.082,6.495E-2,-9.506E-2
19.099,5.762E-2,-9.464E-2
19.116,5.108E-2,-9.412E-2
19.133,4.615E-2,-9.364E-2
19.150,4.262E-2,-9.325E-2
19.166,4.094E-2,-9.302E-2
19.183,4.105E-2,-9.306E-2
19.200,4.301E-2,-9.328E-2
19.217,4.676E-2,-9.373E-2
19.234,5.225E-2,-9.425E-2
19.251,5.879E-2,-9.472E-2
19.267,6.637E-2,-9.505E-2
19.284,7.434E-2,-9.510E-2
19.301,8.252E-2,-9.490E-2
19.318,9.058E-2,-9.450E-2
19.335,9.802E-2,-9.383E-2
19.352,0.104,-9.317E-2
19.368,0.109,-9.249E-2
19.385,0.113,-9.187E-2
19.402,0.114,-9.158E-2
19.419,0.114,-9.162E-2
19.436,0.112,-9.192E-2
19.453,0.109,-9.248E-2
19.470,0.104,-9.318E-2
19.486,9.754E-2,-9.393E-2
19.503,9.028E-2,-9.451E-2
19.520,8.224E-2,-9.494E-2
19.537,7.413E-2,-9.514E-2
19.554,6.619E-2,-9.506E-2
19.571,5.869E-2,-9.472E-2
19.587,5.225E-2,-9.425E-2
19.604,4.720E-2,-9.381E-2
19.621,4.347E-2,-9.339E-2
19.638,4.148E-2,-9.316E-2
19.655,4.143E-2,-9.309E-2
19.672,4.311E-2,-9.331E-2
19.688,4.666E-2,-9.369E-2
19.705,5.184E-2,-9.423E-2
19.722,5.813E-2,-9.469E-2
19.739,6.556E-2,-9.507E-2
19.756,7.344E-2,-9.514E-2
19.773,8.159E-2,-9.493E-2
19.790,8.959E-2,-9.451E-2
19.806,9.689E-2,-9.390E-2
19.823,0.103,-9.319E-2
19.840,0.109,-9.257E-2
19.857,0.112,-9.203E-2
19.874,0.114,-9.164E-2
19.891,0.114,-9.162E-2
19.907,0.113,-9.186E-2
19.924,0.109,-9.239E-2
19.941,0.105,-9.307E-2
19.958,9.839E-2,-9.384E-2
19.975,9.115E-2,-9.447E-2
19.992,8.322E-2,-9.491E-2
20.008,7.514E-2,-9.511E-2
20.025,6.724E-2,-9.507E-2
20.042,5.965E-2,-9.470E-2
20.059,5.323E-2,-9.435E-2
20.076,4.796E-2,-9.386E-2
20.093,4.409E-2,-9.342E-2
20.110,4.203E-2,-9.316E-2
20.126,4.170E-2,-9.320E-2
20.143,4.324E-2,-9.337E-2
20.160,4.637E-2,-9.375E-2
20.177,5.131E-2,-9.423E-2
20.194,5.739E-2,-9.468E-2
20.211,6.473E-2,-9.503E-2
20.227,7.240E-2,-9.511E-2
20.244,8.054E-2,-9.506E-2
20.261,8.844E-2,-9.472E-2
20.278,9.591E-2,-9.411E-2
20.295,0.102,-9.344E-2
20.312,0.108,-9.269E-2
20.328,0.111,-9.212E-2
20.345,0.113,-9.172E-2
20.362,0.114,-9.165E-2
20.379,0.113,-9.187E-2
20.396,0.110,-9.233E-2
20.413,0.105,-9.299E-2
20.430,9.891E-2,-9.371E-2
20.446,9.189E-2,-9.437E-2
20.463,8.432E-2,-9.485E-2
20.480,7.622E-2,-9.506E-2
20.497,6.832E-2,-9.506E-2
20.514,6.088E-2,-9.480E-2
20.531,5.424E-2,-9.449E-2
20.547,4.865E-2,-9.391E-2
20.564,4.458E-2,-9.348E-2
20.581,4.236E-2,-9.322E-2
20.598,4.163E-2,-9.313E-2
20.615,4.286E-2,-9.326E-2
20.632,4.591E-2,-9.358E-2
20.648,5.051E-2,-9.406E-2
20.665,5.630E-2,-9.451E-2
20.682,6.340E-2,-9.488E-2
20.699,7.116E-2,-9.505E-2
20.716,7.922E-2,-9.504E-2
20.733,8.712E-2,-9.471E-2
20.750,9.446E-2,-9.409E-2
20.766,0.101,-9.346E-2
20.783,0.106,-9.283E-2
20.800,0.110,-9.225E-2
20.817,0.113,-9.189E-2
20.834,0.114,-9.174E-2
20.851,0.112,-9.190E-2
20.867,0.110,-9.231E-2
20.884,0.105,-9.301E-2
20.901,9.960E-2,-9.369E-2
20.918,9.270E-2,-9.433E-2
20.935,8.522E-2,-9.483E-2
20.952,7.717E-2,-9.510E-2
20.968,6.938E-2,-9.514E-2
20.985,6.183E-2,-9.488E-2
21.002,5.509E-2,-9.452E-2
21.019,4.961E-2,-9.405E-2
21.036,4.537E-2,-9.361E-2
21.053,4.272E-2,-9.331E-2
21.070,4.196E-2,-9.321E-2
21.086,4.298E-2,-9.338E-2
21.103,4.559E-2,-9.366E-2
21.120,4.993E-2,-9.407E-2
21.137,5.545E-2,-9.455E-2
21.154,6.236E-2,-9.495E-2
21.171,6.995E-2,-9.508E-2
21.187,7.783E-2,-9.507E-2
21.204,8.577E-2,-9.479E-2
21.221,9.316E-2,-9.433E-2
21.238,9.980E-2,-9.367E-2
21.255,0.105,-9.303E-2
21.272,0.110,-9.243E-2
21.288,0.112,-9.190E-2
21.305,0.113,-9.176E-2
21.322,0.112,-9.191E-2
21.339,0.110,-9.225E-2
21.356,0.106,-9.290E-2
21.373,0.100,-9.360E-2
21.390,9.342E-2,-9.424E-2
21.406,8.608E-2,-9.482E-2
21.423,7.820E-2,-9.505E-2
21.440,7.033E-2,-9.509E-2
21.457,6.283E-2,-9.491E-2
21.474,5.602E-2,-9.447E-2
21.491,5.030E-2,-9.406E-2
21.507,4.596E-2,-9.370E-2
21.524,4.322E-2,-9.340E-2
21.541,4.208E-2,-9.331E-2
21.558,4.277E-2,-9.334E-2
21.575,4.525E-2,-9.361E-2
