,mass A,,
t,x,y,
0.000,-2.613E-2,-8.084E-2
0.017,-2.597E-2,-8.090E-2
0.034,-2.598E-2,-8.086E-2
0.051,-2.608E-2,-8.079E-2
0.067,-2.615E-2,-8.076E-2
0.084,-2.614E-2,-8.082E-2
0.101,-2.619E-2,-8.085E-2
0.118,-2.637E-2,-8.079E-2
0.135,-2.648E-2,-8.076E-2
0.152,-2.646E-2,-8.073E-2
0.168,-2.652E-2,-8.078E-2
0.185,-2.638E-2,-8.083E-2
0.202,-2.626E-2,-8.086E-2
0.219,-2.622E-2,-8.083E-2
0.236,-2.602E-2,-8.084E-2
0.253,-2.575E-2,-8.092E-2
0.269,-2.567E-2,-8.097E-2
0.286,-2.564E-2,-8.100E-2
0.303,-2.555E-2,-8.092E-2
0.320,-2.558E-2,-8.087E-2
0.337,-2.558E-2,-8.086E-2
0.354,-2.579E-2,-8.086E-2
0.371,-2.611E-2,-8.082E-2
0.387,-2.637E-2,-8.073E-2
0.404,-2.673E-2,-8.067E-2
0.421,-2.702E-2,-8.067E-2
0.438,-2.727E-2,-8.067E-2
0.455,-2.749E-2,-8.064E-2
0.472,-2.758E-2,-8.063E-2
0.488,-2.765E-2,-8.063E-2
0.505,-2.768E-2,-8.064E-2
0.522,-2.763E-2,-8.067E-2
0.539,-2.758E-2,-8.065E-2
0.556,-2.747E-2,-8.064E-2
0.573,-2.729E-2,-8.063E-2
0.589,-2.710E-2,-8.068E-2
0.606,-2.687E-2,-8.069E-2
0.623,-2.669E-2,-8.069E-2
0.640,-2.657E-2,-8.067E-2
0.657,-2.643E-2,-8.068E-2
0.674,-2.646E-2,-8.073E-2
0.691,-2.655E-2,-8.075E-2
0.707,-2.653E-2,-8.074E-2
0.724,-2.664E-2,-8.071E-2
0.741,-2.677E-2,-8.068E-2
0.758,-2.684E-2,-8.068E-2
0.775,-2.698E-2,-8.067E-2
0.792,-2.709E-2,-8.066E-2
0.808,-2.718E-2,-8.060E-2
0.825,-2.723E-2,-8.058E-2
0.842,-2.723E-2,-8.061E-2
0.859,-2.723E-2,-8.060E-2
0.876,-2.721E-2,-8.061E-2
0.893,-2.713E-2,-8.062E-2
0.909,-2.699E-2,-8.063E-2
0.926,-2.684E-2,-8.069E-2
0.943,-2.669E-2,-8.072E-2
0.960,-2.660E-2,-8.072E-2
0.977,-2.650E-2,-8.072E-2
0.994,-2.646E-2,-8.072E-2
1.011,-2.639E-2,-8.070E-2
1.027,-2.637E-2,-8.070E-2
1.044,-2.636E-2,-8.069E-2
1.061,-2.648E-2,-8.066E-2
1.078,-2.654E-2,-8.062E-2
1.095,-2.665E-2,-8.063E-2
1.112,-2.673E-2,-8.060E-2
1.128,-2.682E-2,-8.060E-2
1.145,-2.687E-2,-8.062E-2
1.162,-2.686E-2,-8.061E-2
1.179,-2.686E-2,-8.065E-2
1.196,-2.687E-2,-8.066E-2
1.213,-2.687E-2,-8.068E-2
1.229,-2.690E-2,-8.067E-2
1.246,-2.689E-2,-8.068E-2
1.263,-2.687E-2,-8.068E-2
1.280,-2.683E-2,-8.068E-2
1.297,-2.681E-2,-8.065E-2
1.314,-2.681E-2,-8.064E-2
1.331,-2.680E-2,-8.063E-2
1.347,-2.677E-2,-8.062E-2
1.364,-2.675E-2,-8.064E-2
1.381,-2.675E-2,-8.064E-2
1.398,-2.673E-2,-8.064E-2
1.415,-2.678E-2,-8.063E-2
1.432,-2.673E-2,-8.067E-2
1.448,-2.671E-2,-8.067E-2
1.465,-2.672E-2,-8.068E-2
1.482,-2.677E-2,-8.069E-2
1.499,-2.674E-2,-8.067E-2
1.516,-2.676E-2,-8.067E-2
1.533,-2.674E-2,-8.065E-2
1.549,-2.674E-2,-8.065E-2
1.566,-2.675E-2,-8.064E-2
1.583,-2.670E-2,-8.064E-2
1.600,-2.668E-2,-8.065E-2
1.617,-2.669E-2,-8.065E-2
1.634,-2.663E-2,-8.067E-2
1.651,-2.663E-2,-8.066E-2
1.667,-2.666E-2,-8.064E-2
1.684,-2.666E-2,-8.066E-2
1.701,-2.669E-2,-8.068E-2
1.718,-2.668E-2,-8.070E-2
1.735,-2.671E-2,-8.068E-2
1.752,-2.670E-2,-8.066E-2
1.768,-2.665E-2,-8.066E-2
1.785,-2.666E-2,-8.067E-2
1.802,-2.658E-2,-8.066E-2
1.819,-2.651E-2,-8.066E-2
1.836,-2.641E-2,-8.065E-2
1.853,-2.626E-2,-8.070E-2
1.869,-2.610E-2,-8.068E-2
1.886,-2.597E-2,-8.070E-2
1.903,-2.583E-2,-8.073E-2
1.920,-2.571E-2,-8.073E-2
1.937,-2.566E-2,-8.077E-2
1.954,-2.556E-2,-8.078E-2
1.971,-2.546E-2,-8.081E-2
1.987,-2.545E-2,-8.082E-2
2.004,-2.543E-2,-8.082E-2
2.021,-2.543E-2,-8.082E-2
2.038,-2.546E-2,-8.084E-2
2.055,-2.559E-2,-8.080E-2
2.072,-2.568E-2,-8.080E-2
2.088,-2.580E-2,-8.077E-2
2.105,-2.601E-2,-8.077E-2
2.122,-2.618E-2,-8.075E-2
2.139,-2.636E-2,-8.076E-2
2.156,-2.648E-2,-8.075E-2
2.173,-2.659E-2,-8.076E-2
2.189,-2.655E-2,-8.078E-2
2.206,-2.650E-2,-8.079E-2
2.223,-2.634E-2,-8.083E-2
2.240,-2.613E-2,-8.085E-2
2.257,-2.586E-2,-8.090E-2
2.274,-2.563E-2,-8.090E-2
2.291,-2.536E-2,-8.090E-2
2.307,-2.515E-2,-8.092E-2
2.324,-2.504E-2,-8.092E-2
2.341,-2.494E-2,-8.090E-2
2.358,-2.494E-2,-8.088E-2
2.375,-2.502E-2,-8.089E-2
2.392,-2.510E-2,-8.087E-2
2.408,-2.524E-2,-8.084E-2
2.425,-2.540E-2,-8.083E-2
2.442,-2.549E-2,-8.084E-2
2.459,-2.562E-2,-8.082E-2
2.476,-2.570E-2,-8.083E-2
2.493,-2.570E-2,-8.083E-2
2.509,-2.564E-2,-8.084E-2
2.526,-2.553E-2,-8.084E-2
2.543,-2.541E-2,-8.086E-2
2.560,-2.523E-2,-8.087E-2
2.577,-2.503E-2,-8.087E-2
2.594,-2.482E-2,-8.088E-2
2.611,-2.468E-2,-8.089E-2
2.627,-2.458E-2,-8.090E-2
2.644,-2.453E-2,-8.090E-2
2.661,-2.451E-2,-8.091E-2
2.678,-2.457E-2,-8.089E-2
2.695,-2.461E-2,-8.087E-2
2.712,-2.479E-2,-8.085E-2
2.728,-2.492E-2,-8.085E-2
2.745,-2.515E-2,-8.084E-2
2.762,-2.534E-2,-8.080E-2
2.779,-2.556E-2,-8.080E-2
2.796,-2.569E-2,-8.079E-2
2.813,-2.584E-2,-8.078E-2
2.829,-2.597E-2,-8.078E-2
2.846,-2.606E-2,-8.078E-2
2.863,-2.612E-2,-8.079E-2
2.880,-2.612E-2,-8.080E-2
2.897,-2.611E-2,-8.080E-2
2.914,-2.600E-2,-8.081E-2
2.931,-2.594E-2,-8.086E-2
2.947,-2.586E-2,-8.084E-2
2.964,-2.587E-2,-8.084E-2
2.981,-2.579E-2,-8.083E-2
2.998,-2.579E-2,-8.085E-2
3.015,-2.580E-2,-8.085E-2
3.032,-2.583E-2,-8.084E-2
3.048,-2.586E-2,-8.084E-2
3.065,-2.596E-2,-8.083E-2
3.082,-2.606E-2,-8.083E-2
3.099,-2.619E-2,-8.080E-2
3.116,-2.622E-2,-8.079E-2
3.133,-2.631E-2,-8.078E-2
3.149,-2.633E-2,-8.079E-2
3.166,-2.637E-2,-8.078E-2
3.183,-2.635E-2,-8.081E-2
3.200,-2.637E-2,-8.080E-2
3.217,-2.636E-2,-8.082E-2
3.234,-2.635E-2,-8.082E-2
3.251,-2.635E-2,-8.082E-2
3.267,-2.632E-2,-8.083E-2
3.284,-2.631E-2,-8.083E-2
3.301,-2.628E-2,-8.083E-2
3.318,-2.627E-2,-8.084E-2
3.335,-2.624E-2,-8.084E-2
3.352,-2.616E-2,-8.084E-2
3.368,-2.608E-2,-8.084E-2
3.385,-2.602E-2,-8.083E-2
3.402,-2.595E-2,-8.084E-2
3.419,-2.591E-2,-8.085E-2
3.436,-2.591E-2,-8.085E-2
3.453,-2.582E-2,-8.084E-2
3.469,-2.572E-2,-8.087E-2
3.486,-2.564E-2,-8.085E-2
3.503,-2.552E-2,-8.090E-2
3.520,-2.539E-2,-8.087E-2
3.537,-2.520E-2,-8.091E-2
3.554,-2.503E-2,-8.089E-2
3.571,-2.492E-2,-8.092E-2
3.587,-2.481E-2,-8.091E-2
3.604,-2.475E-2,-8.091E-2
3.621,-2.476E-2,-8.088E-2
3.638,-2.471E-2,-8.087E-2
3.655,-2.475E-2,-8.087E-2
3.672,-2.477E-2,-8.087E-2
3.688,-2.484E-2,-8.085E-2
3.705,-2.493E-2,-8.086E-2
3.722,-2.499E-2,-8.085E-2
3.739,-2.505E-2,-8.085E-2
3.756,-2.504E-2,-8.084E-2
3.773,-2.499E-2,-8.086E-2
3.789,-2.493E-2,-8.086E-2
3.806,-2.480E-2,-8.086E-2
3.823,-2.470E-2,-8.087E-2
3.840,-2.464E-2,-8.087E-2
3.857,-2.458E-2,-8.088E-2
3.874,-2.456E-2,-8.086E-2
3.891,-2.459E-2,-8.084E-2
3.907,-2.460E-2,-8.086E-2
3.924,-2.462E-2,-8.084E-2
3.941,-2.467E-2,-8.085E-2
3.958,-2.482E-2,-8.084E-2
3.975,-2.486E-2,-8.085E-2
3.992,-2.501E-2,-8.084E-2
4.008,-2.515E-2,-8.083E-2
4.025,-2.532E-2,-8.081E-2
4.042,-2.550E-2,-8.082E-2
4.059,-2.566E-2,-8.082E-2
4.076,-2.584E-2,-8.078E-2
4.093,-2.600E-2,-8.078E-2
4.109,-2.611E-2,-8.078E-2
4.126,-2.614E-2,-8.078E-2
4.143,-2.615E-2,-8.078E-2
4.160,-2.618E-2,-8.079E-2
4.177,-2.615E-2,-8.080E-2
4.194,-2.610E-2,-8.081E-2
4.211,-2.609E-2,-8.082E-2
4.227,-2.601E-2,-8.082E-2
4.244,-2.594E-2,-8.086E-2
4.261,-2.589E-2,-8.086E-2
4.278,-2.591E-2,-8.083E-2
4.295,-2.593E-2,-8.085E-2
4.312,-2.603E-2,-8.081E-2
4.328,-2.616E-2,-8.082E-2
4.345,-2.632E-2,-8.080E-2
4.362,-2.652E-2,-8.079E-2
4.379,-2.670E-2,-8.077E-2
4.396,-2.675E-2,-8.074E-2
4.413,-2.696E-2,-8.068E-2
4.429,-2.716E-2,-8.066E-2
4.446,-2.732E-2,-8.064E-2
4.463,-2.740E-2,-8.064E-2
4.480,-2.749E-2,-8.061E-2
4.497,-2.757E-2,-8.061E-2
4.514,-2.758E-2,-8.062E-2
4.531,-2.764E-2,-8.064E-2
4.547,-2.767E-2,-8.063E-2
4.564,-2.771E-2,-8.063E-2
4.581,-2.770E-2,-8.062E-2
4.598,-2.766E-2,-8.064E-2
4.615,-2.772E-2,-8.062E-2
4.632,-2.778E-2,-8.061E-2
4.648,-2.788E-2,-8.060E-2
4.665,-2.801E-2,-8.059E-2
4.682,-2.819E-2,-8.057E-2
4.699,-2.838E-2,-8.055E-2
4.716,-2.849E-2,-8.058E-2
4.733,-2.855E-2,-8.056E-2
4.749,-2.854E-2,-8.058E-2
4.766,-2.850E-2,-8.059E-2
4.783,-2.841E-2,-8.062E-2
4.800,-2.819E-2,-8.062E-2
4.817,-2.793E-2,-8.067E-2
4.834,-2.762E-2,-8.069E-2
4.851,-2.736E-2,-8.070E-2
4.867,-2.718E-2,-8.071E-2
4.884,-2.698E-2,-8.070E-2
4.901,-2.686E-2,-8.071E-2
4.918,-2.683E-2,-8.070E-2
4.935,-2.685E-2,-8.071E-2
4.952,-2.692E-2,-8.068E-2
4.968,-2.696E-2,-8.066E-2
4.985,-2.702E-2,-8.065E-2
5.002,-2.702E-2,-8.066E-2
5.019,-2.705E-2,-8.066E-2
5.036,-2.704E-2,-8.066E-2
5.053,-2.700E-2,-8.067E-2
5.069,-2.692E-2,-8.067E-2
5.086,-2.679E-2,-8.067E-2
5.103,-2.672E-2,-8.067E-2
5.120,-2.666E-2,-8.069E-2
5.137,-2.666E-2,-8.068E-2
5.154,-2.662E-2,-8.067E-2
5.171,-2.665E-2,-8.067E-2
5.187,-2.671E-2,-8.066E-2
5.204,-2.677E-2,-8.066E-2
5.221,-2.679E-2,-8.066E-2
5.238,-2.690E-2,-8.063E-2
5.255,-2.700E-2,-8.063E-2
5.272,-2.705E-2,-8.064E-2
5.288,-2.711E-2,-8.063E-2
5.305,-2.710E-2,-8.063E-2
5.322,-2.703E-2,-8.065E-2
5.339,-2.700E-2,-8.064E-2
5.356,-2.690E-2,-8.064E-2
5.373,-2.686E-2,-8.068E-2
5.389,-2.676E-2,-8.067E-2
5.406,-2.662E-2,-8.066E-2
5.423,-2.651E-2,-8.068E-2
5.440,-2.646E-2,-8.069E-2
5.457,-2.647E-2,-8.069E-2
5.474,-2.646E-2,-8.069E-2
5.491,-2.651E-2,-8.068E-2
5.507,-2.654E-2,-8.067E-2
5.524,-2.661E-2,-8.065E-2
5.541,-2.667E-2,-8.066E-2
5.558,-2.670E-2,-8.065E-2
5.575,-2.651E-2,-8.071E-2
5.592,-2.578E-2,-8.080E-2
5.608,-2.423E-2,-8.102E-2
5.625,-2.160E-2,-8.140E-2
5.642,-1.747E-2,-8.183E-2
5.659,-1.203E-2,-8.207E-2
5.676,-6.291E-3,-8.217E-2
5.693,-4.211E-6,-8.200E-2
5.709,6.139E-3,-8.166E-2
5.726,1.108E-2,-8.106E-2
5.743,1.462E-2,-8.042E-2
5.760,1.710E-2,-7.992E-2
5.777,1.749E-2,-7.963E-2
5.794,1.662E-2,-7.971E-2
5.811,1.390E-2,-8.005E-2
5.827,9.993E-3,-8.050E-2
5.844,4.903E-3,-8.092E-2
5.861,-1.191E-3,-8.124E-2
5.878,-7.527E-3,-8.134E-2
5.895,-1.324E-2,-8.137E-2
5.912,-1.814E-2,-8.144E-2
5.928,-2.197E-2,-8.140E-2
5.945,-2.395E-2,-8.127E-2
5.962,-2.420E-2,-8.130E-2
5.979,-2.264E-2,-8.148E-2
5.996,-1.965E-2,-8.180E-2
6.013,-1.508E-2,-8.210E-2
6.029,-9.594E-3,-8.226E-2
6.046,-3.745E-3,-8.226E-2
6.063,2.305E-3,-8.201E-2
6.080,8.139E-3,-8.151E-2
6.097,1.227E-2,-8.077E-2
6.114,1.594E-2,-8.007E-2
6.131,1.774E-2,-7.966E-2
6.147,1.718E-2,-7.962E-2
6.164,1.575E-2,-7.985E-2
6.181,1.251E-2,-8.024E-2
6.198,8.055E-3,-8.067E-2
6.215,2.614E-3,-8.103E-2
6.232,-3.290E-3,-8.126E-2
6.248,-9.029E-3,-8.131E-2
6.265,-1.466E-2,-8.136E-2
6.282,-1.897E-2,-8.143E-2
6.299,-2.210E-2,-8.141E-2
6.316,-2.368E-2,-8.136E-2
6.333,-2.340E-2,-8.138E-2
6.350,-2.150E-2,-8.160E-2
6.366,-1.807E-2,-8.179E-2
6.383,-1.337E-2,-8.203E-2
6.400,-7.829E-3,-8.207E-2
6.417,-2.218E-3,-8.201E-2
6.434,3.903E-3,-8.169E-2
6.451,8.811E-3,-8.121E-2
6.467,1.321E-2,-8.049E-2
6.484,1.631E-2,-7.992E-2
6.501,1.675E-2,-7.965E-2
6.518,1.593E-2,-7.979E-2
6.535,1.411E-2,-8.009E-2
6.552,1.024E-2,-8.060E-2
6.568,5.655E-3,-8.104E-2
6.585,3.889E-4,-8.145E-2
6.602,-5.303E-3,-8.159E-2
6.619,-1.062E-2,-8.172E-2
6.636,-1.549E-2,-8.169E-2
6.653,-1.945E-2,-8.164E-2
6.670,-2.203E-2,-8.155E-2
6.686,-2.282E-2,-8.157E-2
6.703,-2.187E-2,-8.170E-2
6.720,-1.961E-2,-8.194E-2
6.737,-1.582E-2,-8.220E-2
6.754,-1.095E-2,-8.240E-2
6.771,-5.560E-3,-8.244E-2
6.787,-3.237E-4,-8.233E-2
6.804,4.982E-3,-8.200E-2
6.821,9.483E-3,-8.144E-2
6.838,1.349E-2,-8.072E-2
6.855,1.506E-2,-8.024E-2
6.872,1.545E-2,-8.002E-2
6.888,1.457E-2,-8.014E-2
6.905,1.194E-2,-8.045E-2
6.922,8.243E-3,-8.083E-2
6.939,3.489E-3,-8.120E-2
6.956,-1.859E-3,-8.144E-2
6.973,-7.430E-3,-8.156E-2
6.990,-1.229E-2,-8.152E-2
7.006,-1.681E-2,-8.154E-2
7.023,-2.014E-2,-8.156E-2
7.040,-2.196E-2,-8.157E-2
7.057,-2.222E-2,-8.164E-2
7.074,-2.090E-2,-8.182E-2
7.091,-1.812E-2,-8.205E-2
7.107,-1.418E-2,-8.225E-2
7.124,-9.388E-3,-8.241E-2
7.141,-4.181E-3,-8.239E-2
7.158,1.121E-3,-8.220E-2
7.175,6.153E-3,-8.182E-2
7.192,1.037E-2,-8.126E-2
7.208,1.321E-2,-8.065E-2
7.225,1.479E-2,-8.027E-2
7.242,1.485E-2,-8.013E-2
7.259,1.327E-2,-8.029E-2
7.276,1.035E-2,-8.063E-2
7.293,6.307E-3,-8.100E-2
7.310,1.437E-3,-8.136E-2
7.326,-3.404E-3,-8.151E-2
7.343,-8.733E-3,-8.156E-2
7.360,-1.360E-2,-8.155E-2
7.377,-1.750E-2,-8.157E-2
7.394,-2.022E-2,-8.158E-2
7.411,-2.163E-2,-8.159E-2
7.427,-2.123E-2,-8.169E-2
7.444,-1.960E-2,-8.186E-2
7.461,-1.651E-2,-8.205E-2
7.478,-1.242E-2,-8.227E-2
7.495,-7.945E-3,-8.235E-2
7.512,-2.459E-3,-8.230E-2
7.528,2.498E-3,-8.206E-2
7.545,7.180E-3,-8.167E-2
7.562,1.044E-2,-8.115E-2
7.579,1.308E-2,-8.065E-2
7.596,1.422E-2,-8.031E-2
7.613,1.377E-2,-8.025E-2
7.630,1.194E-2,-8.047E-2
7.646,8.757E-3,-8.079E-2
7.663,4.482E-3,-8.115E-2
7.680,-5.958E-5,-8.141E-2
7.697,-5.277E-3,-8.155E-2
7.714,-1.013E-2,-8.160E-2
7.731,-1.452E-2,-8.158E-2
7.747,-1.795E-2,-8.156E-2
7.764,-2.029E-2,-8.155E-2
7.781,-2.107E-2,-8.154E-2
7.798,-2.027E-2,-8.169E-2
7.815,-1.822E-2,-8.188E-2
7.832,-1.501E-2,-8.207E-2
7.848,-1.085E-2,-8.221E-2
7.865,-5.980E-3,-8.227E-2
7.882,-1.276E-3,-8.215E-2
7.899,3.791E-3,-8.189E-2
7.916,7.569E-3,-8.156E-2
7.933,1.102E-2,-8.106E-2
7.950,1.274E-2,-8.061E-2
7.966,1.341E-2,-8.037E-2
7.983,1.257E-2,-8.042E-2
8.000,1.053E-2,-8.068E-2
8.017,7.139E-3,-8.097E-2
8.034,3.124E-3,-8.131E-2
8.051,-1.543E-3,-8.149E-2
8.067,-6.646E-3,-8.159E-2
8.084,-1.127E-2,-8.159E-2
8.101,-1.526E-2,-8.157E-2
8.118,-1.841E-2,-8.155E-2
8.135,-1.997E-2,-8.150E-2
8.152,-2.040E-2,-8.149E-2
8.168,-1.944E-2,-8.166E-2
8.185,-1.707E-2,-8.183E-2
8.202,-1.358E-2,-8.201E-2
8.219,-9.509E-3,-8.213E-2
8.236,-4.822E-3,-8.217E-2
8.253,-5.346E-5,-8.200E-2
8.270,4.338E-3,-8.175E-2
8.286,8.322E-3,-8.142E-2
8.303,1.096E-2,-8.100E-2
8.320,1.262E-2,-8.063E-2
8.337,1.286E-2,-8.046E-2
8.354,1.152E-2,-8.057E-2
8.371,9.148E-3,-8.085E-2
8.387,5.787E-3,-8.113E-2
8.404,1.321E-3,-8.139E-2
8.421,-3.325E-3,-8.157E-2
8.438,-7.901E-3,-8.164E-2
8.455,-1.226E-2,-8.162E-2
8.472,-1.590E-2,-8.159E-2
8.488,-1.856E-2,-8.156E-2
8.505,-1.976E-2,-8.151E-2
8.522,-1.988E-2,-8.155E-2
8.539,-1.841E-2,-8.171E-2
8.556,-1.582E-2,-8.188E-2
8.573,-1.224E-2,-8.205E-2
8.590,-7.660E-3,-8.209E-2
8.606,-3.060E-3,-8.205E-2
8.623,1.544E-3,-8.187E-2
8.640,5.393E-3,-8.160E-2
8.657,8.939E-3,-8.126E-2
8.674,1.132E-2,-8.087E-2
8.691,1.232E-2,-8.057E-2
8.707,1.233E-2,-8.051E-2
8.724,1.083E-2,-8.065E-2
8.741,8.289E-3,-8.091E-2
8.758,4.592E-3,-8.122E-2
8.775,3.312E-4,-8.143E-2
8.792,-4.344E-3,-8.159E-2
8.808,-8.744E-3,-8.162E-2
8.825,-1.293E-2,-8.158E-2
8.842,-1.612E-2,-8.152E-2
8.859,-1.848E-2,-8.144E-2
8.876,-1.942E-2,-8.144E-2
8.893,-1.903E-2,-8.152E-2
8.910,-1.743E-2,-8.165E-2
8.926,-1.465E-2,-8.182E-2
8.943,-1.105E-2,-8.196E-2
8.960,-6.632E-3,-8.203E-2
8.977,-2.389E-3,-8.197E-2
8.994,2.054E-3,-8.179E-2
9.011,6.253E-3,-8.145E-2
9.027,9.109E-3,-8.118E-2
9.044,1.125E-2,-8.083E-2
9.061,1.194E-2,-8.059E-2
9.078,1.147E-2,-8.060E-2
9.095,9.714E-3,-8.078E-2
9.112,6.994E-3,-8.105E-2
9.128,3.347E-3,-8.131E-2
9.145,-9.491E-4,-8.150E-2
9.162,-5.552E-3,-8.163E-2
9.179,-9.750E-3,-8.164E-2
9.196,-1.361E-2,-8.159E-2
9.213,-1.667E-2,-8.155E-2
9.230,-1.836E-2,-8.150E-2
9.246,-1.895E-2,-8.149E-2
9.263,-1.840E-2,-8.157E-2
9.280,-1.655E-2,-8.174E-2
9.297,-1.331E-2,-8.189E-2
9.314,-9.590E-3,-8.201E-2
9.331,-5.269E-3,-8.201E-2
9.347,-9.839E-4,-8.193E-2
9.364,3.285E-3,-8.173E-2
9.381,7.087E-3,-8.147E-2
9.398,9.949E-3,-8.113E-2
9.415,1.140E-2,-8.083E-2
9.432,1.190E-2,-8.068E-2
9.448,1.110E-2,-8.071E-2
9.465,9.071E-3,-8.092E-2
9.482,5.912E-3,-8.118E-2
9.499,2.203E-3,-8.144E-2
9.516,-2.069E-3,-8.162E-2
9.533,-6.312E-3,-8.168E-2
9.550,-1.032E-2,-8.168E-2
9.566,-1.400E-2,-8.162E-2
9.583,-1.667E-2,-8.157E-2
9.600,-1.822E-2,-8.154E-2
9.617,-1.848E-2,-8.157E-2
9.634,-1.739E-2,-8.167E-2
9.651,-1.527E-2,-8.184E-2
9.667,-1.213E-2,-8.196E-2
9.684,-8.281E-3,-8.202E-2
9.701,-4.053E-3,-8.202E-2
9.718,2.217E-4,-8.189E-2
9.735,4.315E-3,-8.166E-2
9.752,7.636E-3,-8.136E-2
9.768,1.024E-2,-8.107E-2
9.785,1.152E-2,-8.082E-2
9.802,1.171E-2,-8.070E-2
9.819,1.045E-2,-8.077E-2
9.836,8.277E-3,-8.102E-2
9.853,5.206E-3,-8.129E-2
9.870,1.358E-3,-8.151E-2
9.886,-2.840E-3,-8.166E-2
9.903,-7.242E-3,-8.173E-2
9.920,-1.101E-2,-8.171E-2
9.937,-1.435E-2,-8.166E-2
9.954,-1.668E-2,-8.160E-2
9.971,-1.791E-2,-8.156E-2
9.987,-1.791E-2,-8.158E-2
10.004,-1.662E-2,-8.172E-2
10.021,-1.431E-2,-8.184E-2
10.038,-1.105E-2,-8.197E-2
10.055,-7.158E-3,-8.200E-2
10.072,-3.065E-3,-8.198E-2
10.088,1.351E-3,-8.183E-2
10.105,5.103E-3,-8.157E-2
10.122,8.370E-3,-8.131E-2
10.139,1.037E-2,-8.104E-2
10.156,1.136E-2,-8.081E-2
10.173,1.125E-2,-8.077E-2
10.190,9.957E-3,-8.091E-2
10.206,7.554E-3,-8.110E-2
10.223,4.186E-3,-8.137E-2
10.240,2.305E-4,-8.160E-2
10.257,-3.778E-3,-8.169E-2
10.274,-8.093E-3,-8.173E-2
10.291,-1.165E-2,-8.172E-2
10.307,-1.471E-2,-8.164E-2
10.324,-1.678E-2,-8.158E-2
10.341,-1.765E-2,-8.157E-2
10.358,-1.737E-2,-8.163E-2
10.375,-1.586E-2,-8.174E-2
10.392,-1.325E-2,-8.191E-2
10.408,-9.846E-3,-8.196E-2
10.425,-6.050E-3,-8.201E-2
10.442,-1.916E-3,-8.195E-2
10.459,2.178E-3,-8.176E-2
10.476,5.935E-3,-8.152E-2
10.493,8.678E-3,-8.125E-2
10.510,1.036E-2,-8.099E-2
10.526,1.125E-2,-8.085E-2
10.543,1.080E-2,-8.082E-2
10.560,9.152E-3,-8.098E-2
10.577,6.697E-3,-8.122E-2
10.594,3.308E-3,-8.146E-2
10.611,-6.478E-4,-8.165E-2
10.627,-4.904E-3,-8.176E-2
10.644,-8.757E-3,-8.177E-2
10.661,-1.230E-2,-8.176E-2
10.678,-1.501E-2,-8.169E-2
10.695,-1.683E-2,-8.160E-2
10.712,-1.745E-2,-8.162E-2
10.728,-1.686E-2,-8.168E-2
10.745,-1.517E-2,-8.179E-2
10.762,-1.236E-2,-8.192E-2
10.779,-8.962E-3,-8.196E-2
10.796,-5.143E-3,-8.198E-2
10.813,-9.282E-4,-8.191E-2
10.830,3.030E-3,-8.169E-2
10.846,6.327E-3,-8.145E-2
10.863,8.727E-3,-8.119E-2
10.880,1.018E-2,-8.099E-2
10.897,1.079E-2,-8.085E-2
10.914,1.019E-2,-8.091E-2
10.931,8.480E-3,-8.103E-2
10.947,5.883E-3,-8.127E-2
10.964,2.328E-3,-8.148E-2
10.981,-1.549E-3,-8.166E-2
10.998,-5.740E-3,-8.173E-2
11.015,-9.511E-3,-8.174E-2
11.032,-1.271E-2,-8.172E-2
11.048,-1.527E-2,-8.164E-2
11.065,-1.676E-2,-8.159E-2
11.082,-1.709E-2,-8.160E-2
11.099,-1.625E-2,-8.170E-2
11.116,-1.439E-2,-8.179E-2
11.133,-1.146E-2,-8.192E-2
11.150,-7.932E-3,-8.191E-2
11.166,-3.961E-3,-8.190E-2
11.183,-1.219E-4,-8.181E-2
11.200,3.575E-3,-8.161E-2
11.217,6.665E-3,-8.137E-2
11.234,9.293E-3,-8.113E-2
11.251,1.068E-2,-8.092E-2
11.267,1.072E-2,-8.082E-2
11.284,9.896E-3,-8.089E-2
11.301,8.008E-3,-8.107E-2
11.318,5.147E-3,-8.128E-2
11.335,1.621E-3,-8.147E-2
11.352,-2.300E-3,-8.164E-2
11.368,-6.244E-3,-8.169E-2
11.385,-9.942E-3,-8.168E-2
11.402,-1.311E-2,-8.163E-2
11.419,-1.537E-2,-8.156E-2
11.436,-1.668E-2,-8.155E-2
11.453,-1.675E-2,-8.157E-2
11.470,-1.571E-2,-8.167E-2
11.486,-1.364E-2,-8.177E-2
11.503,-1.066E-2,-8.187E-2
11.520,-7.007E-3,-8.190E-2
11.537,-3.136E-3,-8.187E-2
11.554,5.627E-4,-8.174E-2
11.571,4.273E-3,-8.155E-2
11.587,7.421E-3,-8.132E-2
11.604,9.655E-3,-8.108E-2
11.621,1.084E-2,-8.090E-2
11.638,1.080E-2,-8.083E-2
11.655,9.763E-3,-8.093E-2
11.672,7.574E-3,-8.110E-2
11.688,4.540E-3,-8.131E-2
11.705,9.403E-4,-8.150E-2
11.722,-3.018E-3,-8.164E-2
11.739,-6.826E-3,-8.167E-2
11.756,-1.036E-2,-8.164E-2
11.773,-1.332E-2,-8.160E-2
11.790,-1.538E-2,-8.156E-2
11.806,-1.636E-2,-8.155E-2
11.823,-1.629E-2,-8.158E-2
11.840,-1.499E-2,-8.167E-2
11.857,-1.273E-2,-8.175E-2
11.874,-9.657E-3,-8.186E-2
11.891,-6.053E-3,-8.190E-2
11.907,-2.239E-3,-8.184E-2
11.924,1.542E-3,-8.168E-2
11.941,5.080E-3,-8.147E-2
11.958,7.825E-3,-8.125E-2
11.975,9.843E-3,-8.104E-2
11.992,1.077E-2,-8.090E-2
12.008,1.054E-2,-8.087E-2
12.025,9.166E-3,-8.100E-2
12.042,6.724E-3,-8.119E-2
12.059,3.711E-3,-8.143E-2
12.076,6.355E-5,-8.159E-2
12.093,-3.752E-3,-8.171E-2
12.110,-7.433E-3,-8.171E-2
12.126,-1.083E-2,-8.168E-2
12.143,-1.358E-2,-8.163E-2
12.160,-1.546E-2,-8.155E-2
12.177,-1.619E-2,-8.158E-2
12.194,-1.580E-2,-8.162E-2
12.211,-1.436E-2,-8.172E-2
12.227,-1.201E-2,-8.180E-2
12.244,-8.830E-3,-8.190E-2
12.261,-5.231E-3,-8.189E-2
12.278,-1.540E-3,-8.182E-2
12.295,2.239E-3,-8.168E-2
12.312,5.432E-3,-8.145E-2
12.328,7.991E-3,-8.126E-2
12.345,9.750E-3,-8.105E-2
12.362,1.051E-2,-8.092E-2
12.379,1.007E-2,-8.092E-2
12.396,8.536E-3,-8.105E-2
12.413,6.040E-3,-8.125E-2
12.430,3.055E-3,-8.147E-2
12.446,-6.976E-4,-8.163E-2
12.463,-4.538E-3,-8.172E-2
12.480,-8.099E-3,-8.171E-2
12.497,-1.127E-2,-8.168E-2
12.514,-1.379E-2,-8.164E-2
12.531,-1.538E-2,-8.160E-2
12.547,-1.594E-2,-8.159E-2
12.564,-1.537E-2,-8.165E-2
12.581,-1.379E-2,-8.173E-2
12.598,-1.124E-2,-8.185E-2
12.615,-8.045E-3,-8.190E-2
12.632,-4.492E-3,-8.190E-2
12.648,-7.721E-4,-8.179E-2
12.665,2.862E-3,-8.166E-2
12.682,5.926E-3,-8.144E-2
12.699,8.374E-3,-8.124E-2
12.716,9.828E-3,-8.106E-2
12.733,1.026E-2,-8.095E-2
12.750,9.674E-3,-8.103E-2
12.766,8.002E-3,-8.118E-2
12.783,5.454E-3,-8.138E-2
12.800,2.228E-3,-8.158E-2
12.817,-1.295E-3,-8.171E-2
12.834,-5.123E-3,-8.178E-2
12.851,-8.628E-3,-8.180E-2
12.867,-1.159E-2,-8.176E-2
12.884,-1.393E-2,-8.173E-2
12.901,-1.531E-2,-8.170E-2
12.918,-1.566E-2,-8.167E-2
12.935,-1.491E-2,-8.172E-2
12.952,-1.318E-2,-8.177E-2
12.968,-1.055E-2,-8.189E-2
12.985,-7.371E-3,-8.192E-2
13.002,-3.785E-3,-8.190E-2
13.019,-1.738E-4,-8.180E-2
13.036,3.226E-3,-8.164E-2
13.053,6.235E-3,-8.143E-2
13.070,8.538E-3,-8.125E-2
13.086,9.779E-3,-8.108E-2
13.103,1.003E-2,-8.101E-2
13.120,9.281E-3,-8.107E-2
13.137,7.402E-3,-8.123E-2
13.154,4.721E-3,-8.143E-2
13.171,1.464E-3,-8.161E-2
13.187,-2.150E-3,-8.174E-2
13.204,-5.656E-3,-8.181E-2
13.221,-9.005E-3,-8.180E-2
13.238,-1.198E-2,-8.177E-2
13.255,-1.408E-2,-8.171E-2
13.272,-1.526E-2,-8.167E-2
13.288,-1.542E-2,-8.167E-2
13.305,-1.452E-2,-8.172E-2
13.322,-1.268E-2,-8.179E-2
13.339,-1.003E-2,-8.186E-2
13.356,-6.818E-3,-8.194E-2
13.373,-3.223E-3,-8.191E-2
13.390,2.475E-4,-8.178E-2
13.406,3.521E-3,-8.160E-2
13.423,6.355E-3,-8.142E-2
13.440,8.421E-3,-8.122E-2
13.457,9.568E-3,-8.109E-2
13.474,9.640E-3,-8.106E-2
13.491,8.612E-3,-8.114E-2
13.507,6.754E-3,-8.131E-2
13.524,4.014E-3,-8.148E-2
13.541,6.936E-4,-8.165E-2
13.558,-2.892E-3,-8.177E-2
13.575,-6.421E-3,-8.184E-2
13.592,-9.597E-3,-8.182E-2
13.608,-1.233E-2,-8.177E-2
13.625,-1.423E-2,-8.172E-2
13.642,-1.522E-2,-8.169E-2
13.659,-1.516E-2,-8.169E-2
13.676,-1.414E-2,-8.174E-2
13.693,-1.216E-2,-8.188E-2
13.710,-9.351E-3,-8.191E-2
13.726,-6.061E-3,-8.192E-2
13.743,-2.606E-3,-8.189E-2
13.760,7.074E-4,-8.177E-2
13.777,3.874E-3,-8.161E-2
13.794,6.602E-3,-8.140E-2
13.811,8.383E-3,-8.124E-2
13.827,8.923E-3,-8.115E-2
13.844,8.805E-3,-8.114E-2
13.861,7.807E-3,-8.124E-2
13.878,5.798E-3,-8.141E-2
13.895,2.990E-3,-8.158E-2
13.912,-1.556E-4,-8.177E-2
13.928,-3.538E-3,-8.188E-2
13.945,-7.001E-3,-8.187E-2
13.962,-1.009E-2,-8.186E-2
13.979,-1.251E-2,-8.181E-2
13.996,-1.436E-2,-8.174E-2
14.013,-1.514E-2,-8.176E-2
14.030,-1.496E-2,-8.178E-2
14.046,-1.368E-2,-8.184E-2
14.063,-1.155E-2,-8.192E-2
14.080,-8.964E-3,-8.197E-2
14.097,-5.671E-3,-8.201E-2
14.114,-2.302E-3,-8.195E-2
14.131,1.170E-3,-8.184E-2
14.147,4.253E-3,-8.164E-2
14.164,6.646E-3,-8.144E-2
14.181,8.407E-3,-8.129E-2
14.198,8.778E-3,-8.119E-2
14.215,8.547E-3,-8.121E-2
14.232,7.423E-3,-8.132E-2
14.248,5.332E-3,-8.147E-2
14.265,2.506E-3,-8.163E-2
14.282,-7.369E-4,-8.177E-2
14.299,-4.113E-3,-8.187E-2
14.316,-7.392E-3,-8.187E-2
14.333,-1.046E-2,-8.184E-2
14.350,-1.281E-2,-8.181E-2
14.366,-1.438E-2,-8.178E-2
14.383,-1.501E-2,-8.175E-2
14.400,-1.457E-2,-8.178E-2
14.417,-1.323E-2,-8.186E-2
14.434,-1.096E-2,-8.191E-2
14.451,-8.228E-3,-8.193E-2
14.467,-4.982E-3,-8.198E-2
14.484,-1.425E-3,-8.191E-2
14.501,1.678E-3,-8.175E-2
14.518,4.665E-3,-8.157E-2
14.535,7.085E-3,-8.142E-2
14.552,8.631E-3,-8.127E-2
14.568,9.088E-3,-8.120E-2
14.585,8.654E-3,-8.122E-2
14.602,7.430E-3,-8.132E-2
14.619,5.176E-3,-8.148E-2
14.636,2.298E-3,-8.164E-2
14.653,-9.932E-4,-8.179E-2
14.670,-4.380E-3,-8.184E-2
14.686,-7.641E-3,-8.185E-2
14.703,-1.054E-2,-8.181E-2
14.720,-1.279E-2,-8.176E-2
14.737,-1.423E-2,-8.173E-2
14.754,-1.465E-2,-8.176E-2
14.771,-1.420E-2,-8.178E-2
14.787,-1.265E-2,-8.184E-2
14.804,-1.037E-2,-8.191E-2
14.821,-7.582E-3,-8.194E-2
14.838,-4.434E-3,-8.196E-2
14.855,-1.037E-3,-8.190E-2
14.872,2.205E-3,-8.174E-2
14.888,4.967E-3,-8.157E-2
14.905,7.223E-3,-8.141E-2
14.922,8.582E-3,-8.129E-2
14.939,8.956E-3,-8.122E-2
14.956,8.388E-3,-8.124E-2
14.973,6.778E-3,-8.138E-2
14.990,4.591E-3,-8.153E-2
15.006,1.654E-3,-8.168E-2
15.023,-1.677E-3,-8.180E-2
15.040,-4.943E-3,-8.187E-2
15.057,-8.078E-3,-8.185E-2
15.074,-1.078E-2,-8.181E-2
15.091,-1.294E-2,-8.176E-2
15.107,-1.421E-2,-8.175E-2
15.124,-1.454E-2,-8.178E-2
15.141,-1.386E-2,-8.182E-2
15.158,-1.232E-2,-8.189E-2
15.175,-9.898E-3,-8.191E-2
15.192,-7.082E-3,-8.195E-2
15.208,-3.809E-3,-8.196E-2
15.225,-4.831E-4,-8.188E-2
15.242,2.521E-3,-8.173E-2
15.259,5.127E-3,-8.155E-2
15.276,7.176E-3,-8.141E-2
15.293,8.498E-3,-8.128E-2
15.310,8.674E-3,-8.122E-2
15.326,8.039E-3,-8.128E-2
15.343,6.366E-3,-8.141E-2
15.360,3.933E-3,-8.157E-2
15.377,1.004E-3,-8.177E-2
15.394,-2.136E-3,-8.186E-2
15.411,-5.378E-3,-8.191E-2
15.427,-8.399E-3,-8.189E-2
15.444,-1.108E-2,-8.185E-2
15.461,-1.298E-2,-8.183E-2
15.478,-1.414E-2,-8.179E-2
15.495,-1.430E-2,-8.180E-2
15.512,-1.352E-2,-8.183E-2
15.528,-1.182E-2,-8.191E-2
15.545,-9.452E-3,-8.197E-2
15.562,-6.608E-3,-8.199E-2
15.579,-3.437E-3,-8.199E-2
15.596,-4.530E-5,-8.191E-2
15.613,2.834E-3,-8.174E-2
15.630,5.351E-3,-8.159E-2
15.646,7.158E-3,-8.145E-2
15.663,7.956E-3,-8.134E-2
15.680,8.209E-3,-8.130E-2
15.697,7.355E-3,-8.135E-2
15.714,5.826E-3,-8.151E-2
15.731,3.373E-3,-8.165E-2
15.747,4.281E-4,-8.182E-2
15.764,-2.727E-3,-8.190E-2
15.781,-5.949E-3,-8.194E-2
15.798,-8.852E-3,-8.195E-2
15.815,-1.139E-2,-8.192E-2
15.832,-1.315E-2,-8.189E-2
15.848,-1.404E-2,-8.184E-2
15.865,-1.407E-2,-8.186E-2
15.882,-1.321E-2,-8.188E-2
15.899,-1.146E-2,-8.193E-2
15.916,-9.091E-3,-8.204E-2
15.933,-6.100E-3,-8.205E-2
15.950,-2.911E-3,-8.201E-2
15.966,2.379E-4,-8.190E-2
15.983,3.107E-3,-8.173E-2
16.000,5.601E-3,-8.161E-2
16.017,7.364E-3,-8.146E-2
16.034,8.138E-3,-8.136E-2
16.051,8.117E-3,-8.137E-2
16.067,7.245E-3,-8.144E-2
16.084,5.434E-3,-8.159E-2
16.101,2.985E-3,-8.170E-2
16.118,5.045E-5,-8.183E-2
16.135,-3.137E-3,-8.194E-2
16.152,-6.280E-3,-8.199E-2
16.168,-9.126E-3,-8.199E-2
16.185,-1.153E-2,-8.193E-2
16.202,-1.320E-2,-8.193E-2
16.219,-1.395E-2,-8.190E-2
16.236,-1.391E-2,-8.189E-2
16.253,-1.292E-2,-8.194E-2
16.270,-1.110E-2,-8.199E-2
16.286,-8.640E-3,-8.206E-2
16.303,-5.687E-3,-8.208E-2
16.320,-2.563E-3,-8.203E-2
16.337,6.149E-4,-8.190E-2
16.354,3.288E-3,-8.174E-2
16.371,5.615E-3,-8.161E-2
16.387,7.293E-3,-8.146E-2
16.404,7.977E-3,-8.140E-2
16.421,7.756E-3,-8.139E-2
16.438,6.750E-3,-8.147E-2
16.455,4.921E-3,-8.161E-2
16.472,2.382E-3,-8.177E-2
16.488,-4.816E-4,-8.189E-2
16.505,-3.639E-3,-8.196E-2
16.522,-6.668E-3,-8.201E-2
16.539,-9.392E-3,-8.200E-2
16.556,-1.170E-2,-8.196E-2
16.573,-1.327E-2,-8.194E-2
16.590,-1.386E-2,-8.191E-2
16.606,-1.369E-2,-8.191E-2
16.623,-1.260E-2,-8.197E-2
16.640,-1.066E-2,-8.203E-2
16.657,-8.106E-3,-8.208E-2
16.674,-5.176E-3,-8.205E-2
16.691,-2.116E-3,-8.201E-2
16.707,9.699E-4,-8.190E-2
16.724,3.495E-3,-8.174E-2
16.741,5.867E-3,-8.161E-2
16.758,7.326E-3,-8.147E-2
16.775,7.854E-3,-8.141E-2
16.792,7.676E-3,-8.140E-2
16.808,6.648E-3,-8.149E-2
16.825,4.717E-3,-8.162E-2
16.842,2.100E-3,-8.178E-2
16.859,-6.917E-4,-8.190E-2
16.876,-3.917E-3,-8.196E-2
16.893,-6.846E-3,-8.199E-2
16.910,-9.553E-3,-8.198E-2
16.926,-1.173E-2,-8.195E-2
16.943,-1.314E-2,-8.194E-2
16.960,-1.373E-2,-8.193E-2
16.977,-1.338E-2,-8.195E-2
16.994,-1.218E-2,-8.201E-2
17.011,-1.023E-2,-8.206E-2
17.027,-7.608E-3,-8.210E-2
17.044,-4.763E-3,-8.207E-2
17.061,-1.676E-3,-8.201E-2
17.078,1.355E-3,-8.189E-2
17.095,3.982E-3,-8.170E-2
17.112,5.886E-3,-8.156E-2
17.128,7.412E-3,-8.145E-2
17.145,7.892E-3,-8.139E-2
17.162,7.530E-3,-8.142E-2
17.179,6.386E-3,-8.152E-2
17.196,4.384E-3,-8.164E-2
17.213,1.761E-3,-8.179E-2
17.230,-1.159E-3,-8.192E-2
17.246,-4.223E-3,-8.196E-2
17.263,-7.207E-3,-8.199E-2
17.280,-9.814E-3,-8.197E-2
17.297,-1.180E-2,-8.194E-2
17.314,-1.305E-2,-8.190E-2
17.331,-1.353E-2,-8.189E-2
17.347,-1.312E-2,-8.188E-2
17.364,-1.189E-2,-8.194E-2
17.381,-9.905E-3,-8.201E-2
17.398,-7.329E-3,-8.204E-2
17.415,-4.347E-3,-8.203E-2
17.432,-1.457E-3,-8.197E-2
17.448,1.534E-3,-8.187E-2
17.465,4.157E-3,-8.171E-2
17.482,5.978E-3,-8.154E-2
17.499,7.273E-3,-8.147E-2
17.516,7.784E-3,-8.140E-2
17.533,7.266E-3,-8.142E-2
17.550,6.035E-3,-8.152E-2
17.566,3.984E-3,-8.164E-2
17.583,1.408E-3,-8.179E-2
17.600,-1.453E-3,-8.191E-2
17.617,-4.534E-3,-8.196E-2
17.634,-7.354E-3,-8.199E-2
17.651,-9.926E-3,-8.198E-2
17.667,-1.182E-2,-8.191E-2
17.684,-1.300E-2,-8.188E-2
17.701,-1.335E-2,-8.188E-2
17.718,-1.281E-2,-8.189E-2
17.735,-1.151E-2,-8.193E-2
17.752,-9.451E-3,-8.202E-2
17.768,-6.850E-3,-8.203E-2
17.785,-3.963E-3,-8.201E-2
17.802,-9.912E-4,-8.197E-2
17.819,1.892E-3,-8.186E-2
17.836,4.293E-3,-8.168E-2
17.853,6.088E-3,-8.156E-2
17.870,7.297E-3,-8.145E-2
17.886,7.662E-3,-8.142E-2
17.903,7.105E-3,-8.148E-2
17.920,5.737E-3,-8.157E-2
17.937,3.701E-3,-8.171E-2
17.954,1.114E-3,-8.181E-2
17.971,-1.795E-3,-8.194E-2
17.987,-4.782E-3,-8.201E-2
18.004,-7.551E-3,-8.201E-2
18.021,-9.985E-3,-8.199E-2
18.038,-1.180E-2,-8.197E-2
18.055,-1.294E-2,-8.195E-2
18.072,-1.319E-2,-8.194E-2
18.088,-1.259E-2,-8.199E-2
18.105,-1.116E-2,-8.202E-2
18.122,-9.116E-3,-8.208E-2
18.139,-6.482E-3,-8.209E-2
18.156,-3.637E-3,-8.205E-2
18.173,-7.568E-4,-8.199E-2
18.190,2.066E-3,-8.187E-2
18.206,4.397E-3,-8.172E-2
18.223,5.984E-3,-8.156E-2
18.240,7.142E-3,-8.150E-2
18.257,7.276E-3,-8.144E-2
18.274,6.741E-3,-8.149E-2
18.291,5.228E-3,-8.159E-2
18.307,3.122E-3,-8.173E-2
18.324,5.862E-4,-8.186E-2
18.341,-2.302E-3,-8.194E-2
18.358,-5.232E-3,-8.201E-2
18.375,-7.903E-3,-8.202E-2
18.392,-1.025E-2,-8.199E-2
18.408,-1.192E-2,-8.197E-2
18.425,-1.295E-2,-8.196E-2
18.442,-1.312E-2,-8.195E-2
18.459,-1.242E-2,-8.198E-2
18.476,-1.095E-2,-8.202E-2
18.493,-8.860E-3,-8.207E-2
18.510,-6.303E-3,-8.209E-2
18.526,-3.393E-3,-8.206E-2
18.543,-5.823E-4,-8.199E-2
18.560,2.162E-3,-8.186E-2
18.577,4.532E-3,-8.170E-2
18.594,6.066E-3,-8.158E-2
18.611,7.090E-3,-8.152E-2
18.627,7.153E-3,-8.148E-2
18.644,6.480E-3,-8.152E-2
18.661,4.967E-3,-8.162E-2
18.678,2.717E-3,-8.174E-2
18.695,2.452E-4,-8.188E-2
18.712,-2.608E-3,-8.195E-2
18.728,-5.390E-3,-8.204E-2
18.745,-8.072E-3,-8.203E-2
18.762,-1.034E-2,-8.202E-2
18.779,-1.201E-2,-8.197E-2
18.796,-1.286E-2,-8.198E-2
18.813,-1.296E-2,-8.196E-2
18.830,-1.219E-2,-8.199E-2
18.846,-1.071E-2,-8.204E-2
18.863,-8.534E-3,-8.210E-2
18.880,-6.035E-3,-8.209E-2
18.897,-3.213E-3,-8.204E-2
18.914,-3.968E-4,-8.196E-2
18.931,2.335E-3,-8.185E-2
18.947,4.654E-3,-8.169E-2
18.964,6.123E-3,-8.156E-2
18.981,7.050E-3,-8.151E-2
18.998,7.046E-3,-8.148E-2
19.015,6.197E-3,-8.154E-2
19.032,4.760E-3,-8.167E-2
19.049,2.567E-3,-8.180E-2
19.065,4.339E-5,-8.189E-2
19.082,-2.875E-3,-8.197E-2
19.099,-5.636E-3,-8.203E-2
19.116,-8.209E-3,-8.203E-2
19.133,-1.044E-2,-8.201E-2
19.150,-1.194E-2,-8.198E-2
19.166,-1.274E-2,-8.195E-2
19.183,-1.276E-2,-8.198E-2
19.200,-1.194E-2,-8.201E-2
19.217,-1.037E-2,-8.205E-2
19.234,-8.205E-3,-8.208E-2
19.251,-5.618E-3,-8.209E-2
19.267,-2.918E-3,-8.204E-2
19.284,-2.454E-4,-8.196E-2
19.301,2.343E-3,-8.182E-2
19.318,4.540E-3,-8.169E-2
19.335,6.016E-3,-8.158E-2
19.352,6.739E-3,-8.154E-2
19.369,6.629E-3,-8.154E-2
19.385,5.913E-3,-8.161E-2
19.402,4.385E-3,-8.168E-2
19.419,2.196E-3,-8.184E-2
19.436,-4.594E-4,-8.194E-2
19.453,-3.192E-3,-8.203E-2
19.470,-5.920E-3,-8.206E-2
19.486,-8.412E-3,-8.206E-2
19.503,-1.050E-2,-8.201E-2
19.520,-1.198E-2,-8.200E-2
19.537,-1.266E-2,-8.196E-2
19.554,-1.263E-2,-8.199E-2
19.571,-1.173E-2,-8.202E-2
19.587,-1.008E-2,-8.207E-2
19.604,-7.890E-3,-8.210E-2
19.621,-5.347E-3,-8.208E-2
19.638,-2.606E-3,-8.205E-2
19.655,5.044E-5,-8.196E-2
19.672,2.640E-3,-8.184E-2
19.689,4.657E-3,-8.169E-2
19.705,6.020E-3,-8.159E-2
19.722,6.623E-3,-8.156E-2
19.739,6.603E-3,-8.156E-2
19.756,5.693E-3,-8.161E-2
19.773,4.070E-3,-8.175E-2
19.790,1.963E-3,-8.185E-2
19.806,-6.409E-4,-8.194E-2
19.823,-3.333E-3,-8.204E-2
19.840,-6.016E-3,-8.207E-2
19.857,-8.476E-3,-8.205E-2
19.874,-1.054E-2,-8.203E-2
19.891,-1.193E-2,-8.199E-2
19.907,-1.258E-2,-8.198E-2
19.924,-1.242E-2,-8.199E-2
19.941,-1.144E-2,-8.204E-2
19.958,-9.820E-3,-8.208E-2
19.975,-7.635E-3,-8.209E-2
19.992,-5.092E-3,-8.207E-2
20.009,-2.377E-3,-8.205E-2
20.025,2.612E-4,-8.197E-2
20.042,2.697E-3,-8.184E-2
20.059,4.731E-3,-8.170E-2
20.076,6.036E-3,-8.159E-2
20.093,6.605E-3,-8.157E-2
20.110,6.383E-3,-8.157E-2
20.126,5.465E-3,-8.165E-2
20.143,3.817E-3,-8.175E-2
20.160,1.699E-3,-8.187E-2
20.177,-8.691E-4,-8.199E-2
20.194,-3.561E-3,-8.202E-2
20.211,-6.280E-3,-8.208E-2
20.227,-8.615E-3,-8.205E-2
20.244,-1.055E-2,-8.204E-2
20.261,-1.186E-2,-8.199E-2
20.278,-1.241E-2,-8.199E-2
20.295,-1.220E-2,-8.199E-2
20.312,-1.117E-2,-8.202E-2
20.329,-9.494E-3,-8.208E-2
20.345,-7.331E-3,-8.208E-2
20.362,-4.762E-3,-8.208E-2
20.379,-2.143E-3,-8.203E-2
20.396,3.403E-4,-8.194E-2
20.413,2.802E-3,-8.182E-2
20.430,4.862E-3,-8.170E-2
20.446,6.123E-3,-8.161E-2
20.463,6.543E-3,-8.155E-2
20.480,6.336E-3,-8.158E-2
20.497,5.351E-3,-8.166E-2
20.514,3.605E-3,-8.173E-2
20.531,1.439E-3,-8.188E-2
20.547,-1.130E-3,-8.200E-2
20.564,-3.793E-3,-8.205E-2
20.581,-6.354E-3,-8.207E-2
20.598,-8.656E-3,-8.205E-2
20.615,-1.052E-2,-8.203E-2
20.632,-1.181E-2,-8.200E-2
20.649,-1.231E-2,-8.199E-2
20.665,-1.201E-2,-8.200E-2
20.682,-1.102E-2,-8.204E-2
20.699,-9.299E-3,-8.205E-2
20.716,-7.044E-3,-8.210E-2
20.733,-4.577E-3,-8.207E-2
20.750,-1.911E-3,-8.203E-2
20.766,5.355E-4,-8.195E-2
20.783,2.975E-3,-8.182E-2
20.800,4.874E-3,-8.170E-2
20.817,6.032E-3,-8.161E-2
20.834,6.470E-3,-8.157E-2
20.851,6.254E-3,-8.161E-2
20.867,5.235E-3,-8.168E-2
20.884,3.485E-3,-8.175E-2
20.901,1.358E-3,-8.189E-2
20.918,-1.283E-3,-8.199E-2
20.935,-3.940E-3,-8.206E-2
20.952,-6.449E-3,-8.207E-2
20.969,-8.777E-3,-8.205E-2
20.985,-1.055E-2,-8.203E-2
21.002,-1.174E-2,-8.200E-2
21.019,-1.216E-2,-8.199E-2
21.036,-1.181E-2,-8.201E-2
21.053,-1.077E-2,-8.203E-2
21.070,-9.063E-3,-8.208E-2
21.086,-6.827E-3,-8.208E-2
21.103,-4.388E-3,-8.207E-2
21.120,-1.702E-3,-8.201E-2
21.137,6.437E-4,-8.194E-2
21.154,3.014E-3,-8.184E-2
21.171,4.847E-3,-8.169E-2
21.187,5.918E-3,-8.160E-2
21.204,6.273E-3,-8.157E-2
21.221,5.972E-3,-8.161E-2
21.238,4.912E-3,-8.166E-2
21.255,3.149E-3,-8.176E-2
21.272,1.040E-3,-8.190E-2
21.289,-1.569E-3,-8.196E-2
21.305,-4.134E-3,-8.205E-2
21.322,-6.611E-3,-8.206E-2
21.339,-8.806E-3,-8.205E-2
21.356,-1.059E-2,-8.202E-2
21.373,-1.173E-2,-8.201E-2
21.390,-1.210E-2,-8.201E-2
21.406,-1.176E-2,-8.202E-2
21.423,-1.063E-2,-8.204E-2
21.440,-8.937E-3,-8.205E-2
21.457,-6.721E-3,-8.211E-2
21.474,-4.221E-3,-8.207E-2
21.491,-1.670E-3,-8.202E-2
21.507,7.568E-4,-8.194E-2
21.524,3.033E-3,-8.182E-2
21.541,4.775E-3,-8.170E-2
21.558,5.723E-3,-8.162E-2
21.575,6.124E-3,-8.160E-2
21.592,5.762E-3,-8.163E-2
21.609,4.660E-3,-8.168E-2
21.625,2.942E-3,-8.179E-2
21.642,7.661E-4,-8.192E-2
21.659,-1.752E-3,-8.197E-2
21.676,-4.308E-3,-8.205E-2
21.693,-6.761E-3,-8.205E-2
21.710,-8.941E-3,-8.204E-2
21.726,-1.062E-2,-8.203E-2
21.743,-1.166E-2,-8.199E-2
21.760,-1.190E-2,-8.199E-2
21.777,-1.156E-2,-8.201E-2
21.794,-1.048E-2,-8.205E-2
21.811,-8.684E-3,-8.208E-2
21.827,-6.428E-3,-8.207E-2
21.844,-4.012E-3,-8.207E-2
21.861,-1.568E-3,-8.201E-2
21.878,7.821E-4,-8.195E-2
21.895,3.065E-3,-8.183E-2
21.912,4.722E-3,-8.170E-2
21.929,5.650E-3,-8.162E-2
21.945,5.949E-3,-8.160E-2
21.962,5.622E-3,-8.163E-2
21.979,4.517E-3,-8.170E-2
21.996,2.756E-3,-8.179E-2
22.013,5.934E-4,-8.192E-2
22.030,-1.918E-3,-8.198E-2
22.046,-4.410E-3,-8.204E-2
22.063,-6.858E-3,-8.205E-2
22.080,-8.915E-3,-8.205E-2
22.097,-1.058E-2,-8.201E-2
22.114,-1.150E-2,-8.201E-2
22.131,-1.181E-2,-8.199E-2
22.147,-1.139E-2,-8.201E-2
22.164,-1.022E-2,-8.204E-2
22.181,-8.507E-3,-8.205E-2
22.198,-6.277E-3,-8.207E-2
22.215,-3.814E-3,-8.207E-2
22.232,-1.389E-3,-8.200E-2
22.249,9.533E-4,-8.193E-2
22.265,3.081E-3,-8.180E-2
22.282,4.776E-3,-8.171E-2
22.299,5.646E-3,-8.162E-2
22.316,5.923E-3,-8.160E-2
22.333,5.495E-3,-8.165E-2
22.350,4.359E-3,-8.170E-2
22.366,2.597E-3,-8.181E-2
22.383,4.319E-4,-8.191E-2
22.400,-2.055E-3,-8.200E-2
22.417,-4.509E-3,-8.205E-2
22.434,-6.924E-3,-8.204E-2
22.451,-8.912E-3,-8.203E-2
22.467,-1.050E-2,-8.202E-2
22.484,-1.145E-2,-8.199E-2
22.501,-1.161E-2,-8.200E-2
