,mass A,,
t,x,y,
0.000,2.644E-2,-9.388E-2
0.017,3.700E-2,-9.472E-2
0.034,,
0.051,,
0.067,,
0.084,,
0.101,9.310E-2,-9.114E-2
0.118,9.831E-2,-9.026E-2
0.135,,
0.152,9.908E-2,-9.005E-2
0.168,9.441E-2,-9.102E-2
0.185,8.677E-2,-9.232E-2
0.202,7.681E-2,-9.374E-2
0.219,6.455E-2,-9.476E-2
0.236,5.258E-2,-9.528E-2
0.253,4.025E-2,-9.490E-2
0.269,2.963E-2,-9.427E-2
0.286,2.036E-2,-9.305E-2
0.303,1.374E-2,-9.206E-2
0.320,1.047E-2,-9.140E-2
0.337,1.038E-2,-9.136E-2
0.354,1.321E-2,-9.185E-2
0.371,1.959E-2,-9.289E-2
0.387,2.839E-2,-9.392E-2
0.404,3.908E-2,-9.472E-2
0.421,5.207E-2,-9.505E-2
0.438,6.452E-2,-9.466E-2
0.455,7.633E-2,-9.364E-2
0.472,8.663E-2,-9.226E-2
0.488,9.441E-2,-9.089E-2
0.505,9.920E-2,-8.999E-2
0.522,0.101,-8.965E-2
0.539,9.914E-2,-9.000E-2
0.556,9.414E-2,-9.095E-2
0.573,8.628E-2,-9.234E-2
0.589,7.559E-2,-9.365E-2
0.606,6.321E-2,-9.469E-2
0.623,5.077E-2,-9.509E-2
0.640,3.879E-2,-9.470E-2
0.657,2.787E-2,-9.391E-2
0.674,1.939E-2,-9.290E-2
0.691,1.355E-2,-9.203E-2
0.707,1.037E-2,-9.143E-2
0.724,1.054E-2,-9.143E-2
0.741,1.395E-2,-9.206E-2
0.758,2.062E-2,-9.307E-2
0.775,2.924E-2,-9.393E-2
0.792,4.032E-2,-9.471E-2
0.808,5.272E-2,-9.493E-2
0.825,6.536E-2,-9.451E-2
0.842,7.694E-2,-9.347E-2
0.859,8.691E-2,-9.210E-2
0.876,9.445E-2,-9.083E-2
0.893,9.904E-2,-8.997E-2
0.909,0.100,-8.974E-2
0.926,9.824E-2,-9.018E-2
0.943,9.287E-2,-9.121E-2
0.960,8.475E-2,-9.257E-2
0.977,7.376E-2,-9.394E-2
0.994,6.080E-2,-9.477E-2
1.011,4.819E-2,-9.493E-2
1.027,3.738E-2,-9.468E-2
1.044,2.711E-2,-9.385E-2
1.061,1.884E-2,-9.285E-2
1.078,1.336E-2,-9.203E-2
1.095,1.032E-2,-9.145E-2
1.112,1.123E-2,-9.164E-2
1.128,1.486E-2,-9.225E-2
1.145,2.166E-2,-9.329E-2
1.162,3.038E-2,-9.411E-2
1.179,4.116E-2,-9.474E-2
1.196,5.338E-2,-9.493E-2
1.213,6.602E-2,-9.449E-2
1.229,7.768E-2,-9.342E-2
1.246,8.740E-2,-9.206E-2
1.263,9.465E-2,-9.079E-2
1.280,9.879E-2,-8.999E-2
1.297,9.961E-2,-8.983E-2
1.314,9.733E-2,-9.038E-2
1.331,9.156E-2,-9.145E-2
1.347,8.290E-2,-9.277E-2
1.364,7.234E-2,-9.405E-2
1.381,6.020E-2,-9.485E-2
1.398,4.795E-2,-9.505E-2
1.415,3.611E-2,-9.470E-2
1.432,2.617E-2,-9.391E-2
1.448,1.824E-2,-9.288E-2
1.465,1.317E-2,-9.206E-2
1.482,1.044E-2,-9.145E-2
1.499,1.155E-2,-9.164E-2
1.516,1.553E-2,-9.226E-2
1.533,2.261E-2,-9.324E-2
1.549,3.238E-2,-9.427E-2
1.566,4.313E-2,-9.491E-2
1.583,5.515E-2,-9.495E-2
1.600,6.724E-2,-9.443E-2
1.617,7.848E-2,-9.342E-2
1.634,8.766E-2,-9.217E-2
1.651,9.420E-2,-9.104E-2
1.667,9.774E-2,-9.041E-2
1.684,9.803E-2,-9.027E-2
1.701,9.493E-2,-9.088E-2
1.718,8.893E-2,-9.192E-2
1.735,8.034E-2,-9.334E-2
1.752,6.993E-2,-9.451E-2
1.768,5.806E-2,-9.510E-2
1.785,4.565E-2,-9.518E-2
1.802,3.464E-2,-9.474E-2
1.819,2.520E-2,-9.389E-2
1.836,1.744E-2,-9.290E-2
1.853,1.307E-2,-9.227E-2
1.869,1.098E-2,-9.183E-2
1.886,1.211E-2,-9.206E-2
1.903,1.619E-2,-9.271E-2
1.920,2.337E-2,-9.367E-2
1.937,3.245E-2,-9.449E-2
1.954,4.379E-2,-9.510E-2
1.971,5.571E-2,-9.510E-2
1.987,6.781E-2,-9.445E-2
2.004,7.880E-2,-9.340E-2
2.021,8.741E-2,-9.210E-2
2.038,9.374E-2,-9.104E-2
2.055,9.705E-2,-9.036E-2
2.072,9.724E-2,-9.036E-2
2.088,9.424E-2,-9.101E-2
2.105,8.816E-2,-9.210E-2
2.122,7.960E-2,-9.332E-2
2.139,6.916E-2,-9.444E-2
2.156,5.720E-2,-9.513E-2
2.173,4.484E-2,-9.513E-2
2.189,3.408E-2,-9.469E-2
2.206,2.470E-2,-9.386E-2
2.223,1.713E-2,-9.287E-2
2.240,1.234E-2,-9.207E-2
2.257,1.104E-2,-9.184E-2
2.274,1.231E-2,-9.208E-2
2.291,1.713E-2,-9.286E-2
2.307,2.456E-2,-9.388E-2
2.324,3.389E-2,-9.467E-2
2.341,4.434E-2,-9.511E-2
2.358,5.679E-2,-9.508E-2
2.375,6.857E-2,-9.446E-2
2.392,7.867E-2,-9.333E-2
2.408,8.751E-2,-9.208E-2
2.425,9.369E-2,-9.101E-2
2.442,9.665E-2,-9.041E-2
2.459,9.638E-2,-9.042E-2
2.476,9.302E-2,-9.109E-2
2.493,8.716E-2,-9.219E-2
2.509,7.815E-2,-9.347E-2
2.526,6.720E-2,-9.454E-2
2.543,5.540E-2,-9.514E-2
2.560,4.369E-2,-9.511E-2
2.577,3.330E-2,-9.468E-2
2.594,2.426E-2,-9.384E-2
2.611,1.702E-2,-9.288E-2
2.627,1.295E-2,-9.225E-2
2.644,1.174E-2,-9.203E-2
2.661,1.325E-2,-9.230E-2
2.678,1.828E-2,-9.307E-2
2.695,2.526E-2,-9.390E-2
2.712,3.480E-2,-9.471E-2
2.728,4.421E-2,-9.493E-2
2.745,5.677E-2,-9.493E-2
2.762,6.647E-2,-9.410E-2
2.779,7.626E-2,-9.289E-2
2.796,8.439E-2,-9.146E-2
2.813,9.005E-2,-9.021E-2
2.829,9.293E-2,-8.961E-2
2.846,9.276E-2,-8.975E-2
2.863,8.917E-2,-9.061E-2
2.880,8.256E-2,-9.187E-2
2.897,7.393E-2,-9.326E-2
2.914,6.324E-2,-9.430E-2
2.931,5.145E-2,-9.471E-2
2.947,4.058E-2,-9.470E-2
2.964,3.087E-2,-9.432E-2
2.981,2.232E-2,-9.350E-2
2.998,1.592E-2,-9.269E-2
3.015,1.226E-2,-9.207E-2
3.032,1.121E-2,-9.188E-2
3.048,1.340E-2,-9.223E-2
3.065,1.846E-2,-9.307E-2
3.082,2.581E-2,-9.390E-2
3.099,3.544E-2,-9.471E-2
3.116,4.661E-2,-9.512E-2
3.133,5.613E-2,-9.471E-2
3.149,6.762E-2,-9.404E-2
3.166,7.717E-2,-9.284E-2
3.183,8.469E-2,-9.144E-2
3.200,9.009E-2,-9.021E-2
3.217,9.295E-2,-8.976E-2
3.234,9.185E-2,-8.983E-2
3.251,8.797E-2,-9.065E-2
3.267,8.181E-2,-9.204E-2
3.284,7.233E-2,-9.329E-2
3.301,6.182E-2,-9.432E-2
3.318,5.044E-2,-9.472E-2
3.335,3.978E-2,-9.469E-2
3.352,2.973E-2,-9.410E-2
3.368,2.215E-2,-9.348E-2
3.385,1.601E-2,-9.268E-2
3.402,1.236E-2,-9.205E-2
3.419,1.134E-2,-9.185E-2
3.436,1.380E-2,-9.225E-2
3.453,1.902E-2,-9.308E-2
3.469,2.646E-2,-9.390E-2
3.486,3.542E-2,-9.452E-2
3.503,4.624E-2,-9.492E-2
3.520,5.630E-2,-9.454E-2
3.537,6.773E-2,-9.384E-2
3.554,7.712E-2,-9.265E-2
3.571,8.532E-2,-9.141E-2
3.587,9.010E-2,-9.020E-2
3.604,9.239E-2,-8.980E-2
3.621,9.154E-2,-8.997E-2
3.638,8.731E-2,-9.087E-2
3.655,8.112E-2,-9.220E-2
3.672,7.188E-2,-9.347E-2
3.688,6.147E-2,-9.445E-2
3.705,5.040E-2,-9.491E-2
3.722,3.913E-2,-9.472E-2
3.739,2.933E-2,-9.410E-2
3.756,2.201E-2,-9.347E-2
3.773,1.614E-2,-9.268E-2
3.789,1.239E-2,-9.205E-2
3.806,1.153E-2,-9.186E-2
3.823,1.385E-2,-9.225E-2
3.840,1.933E-2,-9.307E-2
3.857,2.663E-2,-9.390E-2
3.874,3.584E-2,-9.452E-2
3.891,4.608E-2,-9.474E-2
3.907,5.730E-2,-9.454E-2
3.924,6.800E-2,-9.372E-2
3.941,7.782E-2,-9.259E-2
3.958,8.489E-2,-9.124E-2
3.975,9.002E-2,-9.019E-2
3.992,9.199E-2,-8.982E-2
4.008,9.070E-2,-9.000E-2
4.025,8.679E-2,-9.100E-2
4.042,7.958E-2,-9.225E-2
4.059,7.107E-2,-9.363E-2
4.076,6.054E-2,-9.451E-2
4.093,4.968E-2,-9.491E-2
4.109,3.884E-2,-9.472E-2
4.126,2.909E-2,-9.410E-2
4.143,2.108E-2,-9.329E-2
4.160,1.525E-2,-9.246E-2
4.177,1.253E-2,-9.206E-2
4.194,1.247E-2,-9.206E-2
4.211,1.508E-2,-9.244E-2
4.227,2.059E-2,-9.326E-2
4.244,2.831E-2,-9.409E-2
4.261,3.771E-2,-9.471E-2
4.278,4.789E-2,-9.489E-2
4.295,5.822E-2,-9.450E-2
4.312,6.874E-2,-9.372E-2
4.328,7.825E-2,-9.259E-2
4.345,8.522E-2,-9.128E-2
4.362,8.984E-2,-9.023E-2
4.379,9.147E-2,-8.981E-2
4.396,9.035E-2,-9.020E-2
4.413,8.575E-2,-9.106E-2
4.429,7.919E-2,-9.242E-2
4.446,6.986E-2,-9.365E-2
4.463,5.947E-2,-9.449E-2
4.480,4.820E-2,-9.473E-2
4.497,3.740E-2,-9.453E-2
4.514,2.793E-2,-9.388E-2
4.531,2.024E-2,-9.310E-2
4.547,1.448E-2,-9.228E-2
4.564,1.184E-2,-9.187E-2
4.581,1.181E-2,-9.183E-2
4.598,1.533E-2,-9.247E-2
4.615,2.102E-2,-9.325E-2
4.632,2.884E-2,-9.410E-2
4.648,3.845E-2,-9.472E-2
4.665,4.760E-2,-9.473E-2
4.682,5.915E-2,-9.448E-2
4.699,6.955E-2,-9.368E-2
4.716,7.819E-2,-9.247E-2
4.733,8.524E-2,-9.122E-2
4.749,8.962E-2,-9.024E-2
4.766,9.152E-2,-8.998E-2
4.783,8.960E-2,-9.024E-2
4.800,8.526E-2,-9.125E-2
4.817,7.795E-2,-9.247E-2
4.834,6.890E-2,-9.368E-2
4.851,5.851E-2,-9.450E-2
4.867,4.747E-2,-9.471E-2
4.884,3.712E-2,-9.450E-2
4.901,2.771E-2,-9.388E-2
4.918,2.022E-2,-9.310E-2
4.935,1.538E-2,-9.247E-2
4.952,1.282E-2,-9.203E-2
4.968,1.279E-2,-9.204E-2
4.985,1.556E-2,-9.248E-2
5.002,2.144E-2,-9.330E-2
5.019,2.938E-2,-9.408E-2
5.036,3.889E-2,-9.472E-2
5.053,4.842E-2,-9.474E-2
5.069,5.896E-2,-9.434E-2
5.086,6.958E-2,-9.354E-2
5.103,7.870E-2,-9.243E-2
5.120,8.551E-2,-9.121E-2
5.137,8.948E-2,-9.022E-2
5.154,9.097E-2,-9.002E-2
5.171,8.928E-2,-9.038E-2
5.187,8.485E-2,-9.142E-2
5.204,7.799E-2,-9.266E-2
5.221,6.895E-2,-9.386E-2
5.238,5.784E-2,-9.454E-2
5.255,4.690E-2,-9.473E-2
5.272,3.677E-2,-9.453E-2
5.288,2.772E-2,-9.388E-2
5.305,2.015E-2,-9.306E-2
5.322,1.543E-2,-9.245E-2
5.339,1.287E-2,-9.207E-2
5.356,1.306E-2,-9.208E-2
5.373,1.586E-2,-9.246E-2
5.389,2.180E-2,-9.326E-2
5.406,2.967E-2,-9.410E-2
5.423,3.953E-2,-9.469E-2
5.440,4.927E-2,-9.473E-2
5.457,5.965E-2,-9.431E-2
5.474,7.011E-2,-9.352E-2
5.491,7.853E-2,-9.230E-2
5.507,8.546E-2,-9.121E-2
5.524,8.907E-2,-9.021E-2
5.541,9.035E-2,-9.004E-2
5.558,8.845E-2,-9.040E-2
5.575,8.382E-2,-9.145E-2
5.592,7.661E-2,-9.265E-2
5.608,6.786E-2,-9.386E-2
5.625,5.723E-2,-9.454E-2
5.642,4.641E-2,-9.474E-2
5.659,3.644E-2,-9.450E-2
5.676,2.752E-2,-9.388E-2
5.693,2.011E-2,-9.307E-2
5.709,1.466E-2,-9.224E-2
5.726,1.374E-2,-9.226E-2
5.743,1.400E-2,-9.225E-2
5.760,1.683E-2,-9.267E-2
5.777,2.287E-2,-9.351E-2
5.794,3.111E-2,-9.430E-2
5.811,3.999E-2,-9.470E-2
5.827,4.987E-2,-9.474E-2
5.844,6.038E-2,-9.431E-2
5.861,7.046E-2,-9.348E-2
5.878,7.866E-2,-9.226E-2
5.895,8.543E-2,-9.124E-2
5.912,8.927E-2,-9.037E-2
5.928,9.030E-2,-9.018E-2
5.945,8.817E-2,-9.062E-2
5.962,8.340E-2,-9.163E-2
5.979,7.629E-2,-9.283E-2
5.996,6.715E-2,-9.388E-2
6.013,5.636E-2,-9.452E-2
6.029,4.574E-2,-9.471E-2
6.046,3.603E-2,-9.450E-2
6.063,2.731E-2,-9.388E-2
6.080,2.002E-2,-9.309E-2
6.097,1.462E-2,-9.225E-2
6.114,1.295E-2,-9.204E-2
6.131,1.322E-2,-9.203E-2
6.147,1.702E-2,-9.267E-2
6.164,2.305E-2,-9.346E-2
6.181,3.054E-2,-9.410E-2
6.198,4.033E-2,-9.470E-2
6.215,5.030E-2,-9.473E-2
6.232,6.083E-2,-9.428E-2
6.248,7.090E-2,-9.347E-2
6.265,7.886E-2,-9.228E-2
6.282,8.530E-2,-9.123E-2
6.299,8.888E-2,-9.039E-2
6.316,8.959E-2,-9.022E-2
6.333,8.734E-2,-9.065E-2
6.349,8.259E-2,-9.165E-2
6.366,7.541E-2,-9.288E-2
6.383,6.628E-2,-9.391E-2
6.400,5.650E-2,-9.466E-2
6.417,4.538E-2,-9.473E-2
6.434,3.588E-2,-9.450E-2
6.451,2.704E-2,-9.389E-2
6.467,2.001E-2,-9.309E-2
6.484,1.550E-2,-9.249E-2
6.501,1.392E-2,-9.227E-2
6.518,1.498E-2,-9.246E-2
6.535,1.806E-2,-9.288E-2
6.552,2.354E-2,-9.350E-2
6.568,3.186E-2,-9.431E-2
6.585,4.099E-2,-9.470E-2
6.602,5.097E-2,-9.472E-2
6.619,6.145E-2,-9.429E-2
6.636,7.141E-2,-9.347E-2
6.653,7.907E-2,-9.226E-2
6.669,8.533E-2,-9.121E-2
6.686,8.859E-2,-9.044E-2
6.703,8.960E-2,-9.039E-2
6.720,8.721E-2,-9.079E-2
6.737,8.248E-2,-9.180E-2
6.754,7.558E-2,-9.303E-2
6.771,6.637E-2,-9.405E-2
6.787,5.617E-2,-9.469E-2
6.804,4.616E-2,-9.489E-2
6.821,3.657E-2,-9.472E-2
6.838,2.804E-2,-9.410E-2
6.855,2.082E-2,-9.330E-2
6.872,1.629E-2,-9.266E-2
6.888,1.475E-2,-9.246E-2
6.905,1.578E-2,-9.265E-2
6.922,1.903E-2,-9.308E-2
6.939,2.523E-2,-9.387E-2
6.956,3.287E-2,-9.448E-2
6.973,4.206E-2,-9.490E-2
6.989,5.235E-2,-9.494E-2
7.006,6.282E-2,-9.450E-2
7.023,7.258E-2,-9.370E-2
7.040,8.100E-2,-9.267E-2
7.057,8.573E-2,-9.141E-2
7.074,8.870E-2,-9.065E-2
7.091,8.912E-2,-9.047E-2
7.107,8.715E-2,-9.100E-2
7.124,8.171E-2,-9.185E-2
7.141,7.466E-2,-9.308E-2
7.158,6.573E-2,-9.408E-2
7.175,5.568E-2,-9.471E-2
7.192,4.593E-2,-9.490E-2
7.208,3.668E-2,-9.470E-2
7.225,2.807E-2,-9.411E-2
7.242,2.112E-2,-9.329E-2
7.259,1.725E-2,-9.285E-2
7.276,1.501E-2,-9.247E-2
7.293,1.608E-2,-9.265E-2
7.309,1.930E-2,-9.308E-2
7.326,2.564E-2,-9.387E-2
7.343,3.333E-2,-9.451E-2
7.360,4.254E-2,-9.492E-2
7.377,5.285E-2,-9.489E-2
7.394,6.317E-2,-9.449E-2
7.411,7.160E-2,-9.349E-2
7.427,7.989E-2,-9.244E-2
7.444,8.485E-2,-9.127E-2
7.461,8.823E-2,-9.062E-2
7.478,8.910E-2,-9.062E-2
7.495,8.647E-2,-9.103E-2
7.512,8.177E-2,-9.203E-2
7.528,7.402E-2,-9.310E-2
7.545,6.516E-2,-9.407E-2
7.562,5.545E-2,-9.470E-2
7.579,4.460E-2,-9.474E-2
7.596,3.552E-2,-9.449E-2
7.613,2.711E-2,-9.389E-2
7.629,2.100E-2,-9.326E-2
7.646,1.659E-2,-9.267E-2
7.663,1.507E-2,-9.243E-2
7.680,1.612E-2,-9.268E-2
7.697,1.943E-2,-9.310E-2
7.714,2.596E-2,-9.390E-2
7.731,3.374E-2,-9.451E-2
7.747,4.316E-2,-9.492E-2
7.764,5.312E-2,-9.492E-2
7.781,6.231E-2,-9.429E-2
7.798,7.191E-2,-9.346E-2
7.815,7.897E-2,-9.228E-2
7.832,8.469E-2,-9.126E-2
7.848,8.786E-2,-9.059E-2
7.865,8.849E-2,-9.062E-2
7.882,8.582E-2,-9.101E-2
7.899,8.102E-2,-9.204E-2
7.916,7.350E-2,-9.308E-2
7.933,6.477E-2,-9.406E-2
7.949,5.501E-2,-9.470E-2
7.966,4.432E-2,-9.470E-2
7.983,3.547E-2,-9.450E-2
8.000,2.721E-2,-9.391E-2
8.017,2.025E-2,-9.309E-2
8.034,1.588E-2,-9.245E-2
8.051,1.440E-2,-9.225E-2
8.067,1.567E-2,-9.244E-2
8.084,1.965E-2,-9.308E-2
8.101,2.542E-2,-9.368E-2
8.118,3.301E-2,-9.430E-2
8.135,4.223E-2,-9.471E-2
8.152,5.223E-2,-9.471E-2
8.168,6.240E-2,-9.429E-2
8.185,7.175E-2,-9.347E-2
8.202,7.874E-2,-9.230E-2
8.219,8.495E-2,-9.140E-2
8.236,8.799E-2,-9.079E-2
8.253,8.786E-2,-9.061E-2
8.269,8.571E-2,-9.120E-2
8.286,8.107E-2,-9.222E-2
8.303,7.345E-2,-9.327E-2
8.320,6.405E-2,-9.412E-2
8.337,5.450E-2,-9.471E-2
8.354,4.491E-2,-9.488E-2
8.371,3.525E-2,-9.451E-2
8.387,2.793E-2,-9.408E-2
8.404,2.097E-2,-9.326E-2
8.421,1.664E-2,-9.267E-2
8.438,1.606E-2,-9.265E-2
8.455,1.725E-2,-9.284E-2
8.472,2.058E-2,-9.327E-2
8.488,2.636E-2,-9.392E-2
8.505,3.432E-2,-9.453E-2
8.522,4.362E-2,-9.492E-2
8.539,5.376E-2,-9.494E-2
8.556,6.285E-2,-9.432E-2
8.573,7.180E-2,-9.347E-2
8.589,7.947E-2,-9.244E-2
8.606,8.466E-2,-9.143E-2
8.623,8.751E-2,-9.084E-2
8.640,8.791E-2,-9.082E-2
8.657,8.533E-2,-9.124E-2
8.674,8.061E-2,-9.224E-2
8.691,7.322E-2,-9.329E-2
8.707,6.404E-2,-9.412E-2
8.724,5.474E-2,-9.469E-2
8.741,4.534E-2,-9.488E-2
8.758,3.538E-2,-9.452E-2
8.775,2.809E-2,-9.408E-2
8.792,2.194E-2,-9.347E-2
8.808,1.773E-2,-9.285E-2
8.825,1.637E-2,-9.267E-2
8.842,1.754E-2,-9.285E-2
8.859,2.084E-2,-9.330E-2
8.876,2.665E-2,-9.390E-2
8.893,3.450E-2,-9.450E-2
8.910,4.368E-2,-9.490E-2
8.926,5.251E-2,-9.473E-2
8.943,6.266E-2,-9.430E-2
8.960,7.171E-2,-9.347E-2
8.977,7.898E-2,-9.245E-2
8.994,8.423E-2,-9.145E-2
9.011,8.707E-2,-9.085E-2
9.027,8.743E-2,-9.079E-2
9.044,8.474E-2,-9.123E-2
9.061,8.017E-2,-9.226E-2
9.078,7.278E-2,-9.329E-2
9.095,6.372E-2,-9.412E-2
9.112,5.431E-2,-9.468E-2
9.128,4.501E-2,-9.491E-2
9.145,3.532E-2,-9.450E-2
9.162,2.814E-2,-9.408E-2
9.179,2.208E-2,-9.349E-2
9.196,1.788E-2,-9.287E-2
9.213,1.640E-2,-9.268E-2
9.230,1.768E-2,-9.286E-2
9.246,2.110E-2,-9.330E-2
9.263,2.687E-2,-9.390E-2
9.280,3.470E-2,-9.449E-2
9.297,4.397E-2,-9.491E-2
9.314,5.404E-2,-9.491E-2
9.331,6.279E-2,-9.432E-2
9.347,7.181E-2,-9.348E-2
9.364,7.896E-2,-9.245E-2
9.381,8.404E-2,-9.146E-2
9.398,8.719E-2,-9.099E-2
9.415,8.702E-2,-9.083E-2
9.432,8.476E-2,-9.141E-2
9.448,7.965E-2,-9.225E-2
9.465,7.247E-2,-9.328E-2
9.482,6.356E-2,-9.413E-2
9.499,5.436E-2,-9.472E-2
9.516,4.506E-2,-9.490E-2
9.533,3.563E-2,-9.452E-2
9.550,2.845E-2,-9.410E-2
9.566,2.236E-2,-9.347E-2
9.583,1.803E-2,-9.289E-2
9.600,1.659E-2,-9.267E-2
9.617,1.794E-2,-9.285E-2
9.634,2.134E-2,-9.328E-2
9.651,2.711E-2,-9.389E-2
9.667,3.484E-2,-9.450E-2
9.684,4.318E-2,-9.472E-2
9.701,5.298E-2,-9.472E-2
9.718,6.267E-2,-9.427E-2
9.735,7.142E-2,-9.347E-2
9.752,7.860E-2,-9.244E-2
9.768,8.360E-2,-9.148E-2
9.785,8.675E-2,-9.101E-2
9.802,8.713E-2,-9.101E-2
9.819,8.438E-2,-9.141E-2
9.836,7.917E-2,-9.227E-2
9.853,7.219E-2,-9.332E-2
9.870,6.346E-2,-9.413E-2
9.886,5.433E-2,-9.470E-2
9.903,4.524E-2,-9.490E-2
9.920,3.662E-2,-9.471E-2
9.937,2.866E-2,-9.410E-2
9.954,2.251E-2,-9.349E-2
9.971,1.896E-2,-9.303E-2
9.987,1.756E-2,-9.287E-2
10.004,1.881E-2,-9.305E-2
10.021,2.218E-2,-9.348E-2
10.038,2.804E-2,-9.410E-2
10.055,3.598E-2,-9.471E-2
10.072,4.437E-2,-9.494E-2
10.088,5.431E-2,-9.490E-2
10.105,6.257E-2,-9.431E-2
10.122,7.135E-2,-9.350E-2
10.139,7.918E-2,-9.265E-2
10.156,8.375E-2,-9.162E-2
10.173,8.633E-2,-9.104E-2
10.190,8.656E-2,-9.101E-2
10.206,8.396E-2,-9.142E-2
10.223,7.890E-2,-9.230E-2
10.240,7.183E-2,-9.330E-2
10.257,6.320E-2,-9.412E-2
10.274,5.432E-2,-9.470E-2
10.291,4.439E-2,-9.473E-2
10.307,3.565E-2,-9.451E-2
10.324,2.866E-2,-9.409E-2
10.341,2.183E-2,-9.326E-2
10.358,1.755E-2,-9.269E-2
10.375,1.605E-2,-9.245E-2
10.392,1.735E-2,-9.269E-2
10.408,2.078E-2,-9.306E-2
10.425,2.724E-2,-9.389E-2
10.442,3.421E-2,-9.430E-2
10.459,4.332E-2,-9.473E-2
10.476,5.297E-2,-9.470E-2
10.493,6.159E-2,-9.412E-2
10.510,7.090E-2,-9.345E-2
10.526,7.785E-2,-9.243E-2
10.543,8.258E-2,-9.147E-2
10.560,8.580E-2,-9.098E-2
10.577,8.599E-2,-9.098E-2
10.594,8.342E-2,-9.145E-2
10.611,7.845E-2,-9.224E-2
10.627,7.166E-2,-9.329E-2
10.644,6.296E-2,-9.413E-2
10.661,5.415E-2,-9.470E-2
10.678,4.427E-2,-9.471E-2
10.695,3.578E-2,-9.451E-2
10.712,2.961E-2,-9.427E-2
10.728,2.362E-2,-9.367E-2
10.745,1.920E-2,-9.310E-2
10.762,1.780E-2,-9.289E-2
10.779,1.906E-2,-9.308E-2
10.796,2.250E-2,-9.350E-2
10.813,2.810E-2,-9.409E-2
10.830,3.585E-2,-9.469E-2
10.846,4.422E-2,-9.491E-2
10.863,5.386E-2,-9.491E-2
10.880,6.235E-2,-9.432E-2
10.897,7.059E-2,-9.349E-2
10.914,7.815E-2,-9.265E-2
10.931,8.280E-2,-9.165E-2
10.947,8.589E-2,-9.121E-2
10.964,8.568E-2,-9.107E-2
10.981,8.316E-2,-9.143E-2
10.998,7.906E-2,-9.241E-2
11.015,7.251E-2,-9.345E-2
11.032,6.393E-2,-9.425E-2
11.048,5.437E-2,-9.472E-2
11.065,4.550E-2,-9.490E-2
11.082,3.689E-2,-9.470E-2
11.099,2.967E-2,-9.431E-2
11.116,2.365E-2,-9.366E-2
11.133,1.932E-2,-9.308E-2
11.150,1.850E-2,-9.305E-2
11.166,1.904E-2,-9.310E-2
11.183,2.316E-2,-9.367E-2
11.200,2.898E-2,-9.427E-2
11.217,3.598E-2,-9.473E-2
11.234,4.424E-2,-9.492E-2
11.251,5.494E-2,-9.507E-2
11.267,6.199E-2,-9.431E-2
11.284,7.123E-2,-9.367E-2
11.301,7.785E-2,-9.267E-2
11.318,8.295E-2,-9.181E-2
11.335,8.544E-2,-9.125E-2
11.352,8.583E-2,-9.123E-2
11.368,8.341E-2,-9.164E-2
11.385,7.880E-2,-9.246E-2
11.402,7.228E-2,-9.346E-2
11.419,6.409E-2,-9.427E-2
11.436,5.449E-2,-9.472E-2
11.453,4.562E-2,-9.493E-2
11.470,3.716E-2,-9.469E-2
11.486,2.988E-2,-9.430E-2
11.503,2.395E-2,-9.370E-2
11.520,2.031E-2,-9.326E-2
11.537,1.877E-2,-9.309E-2
11.554,1.996E-2,-9.324E-2
11.571,2.331E-2,-9.370E-2
11.587,2.900E-2,-9.431E-2
11.604,3.596E-2,-9.474E-2
11.621,4.506E-2,-9.510E-2
11.638,5.352E-2,-9.490E-2
11.655,6.269E-2,-9.448E-2
11.672,7.091E-2,-9.371E-2
11.688,7.809E-2,-9.288E-2
11.705,8.232E-2,-9.182E-2
11.722,8.493E-2,-9.125E-2
11.739,8.534E-2,-9.123E-2
11.756,8.311E-2,-9.163E-2
11.773,7.856E-2,-9.245E-2
11.790,7.217E-2,-9.346E-2
11.806,6.413E-2,-9.425E-2
11.823,5.447E-2,-9.472E-2
11.840,4.592E-2,-9.491E-2
11.857,3.726E-2,-9.471E-2
11.874,3.012E-2,-9.431E-2
11.891,2.407E-2,-9.367E-2
11.907,2.037E-2,-9.326E-2
11.924,1.888E-2,-9.308E-2
11.941,2.003E-2,-9.329E-2
11.958,2.341E-2,-9.367E-2
11.975,2.831E-2,-9.410E-2
11.992,3.590E-2,-9.470E-2
12.008,4.396E-2,-9.493E-2
12.025,5.337E-2,-9.493E-2
12.042,6.238E-2,-9.451E-2
12.059,7.021E-2,-9.369E-2
12.076,7.745E-2,-9.289E-2
12.093,8.444E-2,-9.247E-2
12.110,8.736E-2,-9.202E-2
12.126,8.781E-2,-9.198E-2
12.143,8.568E-2,-9.242E-2
12.160,8.106E-2,-9.306E-2
12.177,7.450E-2,-9.391E-2
12.194,6.639E-2,-9.466E-2
12.211,5.700E-2,-9.513E-2
12.227,4.721E-2,-9.516E-2
12.244,3.847E-2,-9.493E-2
12.261,3.118E-2,-9.450E-2
12.278,2.506E-2,-9.389E-2
12.295,2.136E-2,-9.347E-2
12.312,1.982E-2,-9.328E-2
12.328,2.089E-2,-9.346E-2
12.345,2.427E-2,-9.385E-2
12.362,2.916E-2,-9.431E-2
12.379,3.666E-2,-9.490E-2
12.396,4.486E-2,-9.512E-2
12.413,5.409E-2,-9.512E-2
12.430,6.317E-2,-9.473E-2
12.446,7.201E-2,-9.411E-2
12.463,7.908E-2,-9.332E-2
12.480,8.458E-2,-9.261E-2
12.497,8.713E-2,-9.209E-2
12.514,8.765E-2,-9.201E-2
12.531,8.570E-2,-9.243E-2
12.547,8.121E-2,-9.308E-2
12.564,7.460E-2,-9.390E-2
12.581,6.683E-2,-9.467E-2
12.598,5.742E-2,-9.512E-2
12.615,4.753E-2,-9.514E-2
12.632,3.890E-2,-9.493E-2
12.648,3.166E-2,-9.453E-2
12.665,2.605E-2,-9.406E-2
12.682,2.171E-2,-9.351E-2
12.699,2.005E-2,-9.330E-2
12.716,2.115E-2,-9.344E-2
12.733,2.441E-2,-9.387E-2
12.750,2.931E-2,-9.432E-2
12.766,3.676E-2,-9.488E-2
12.783,4.470E-2,-9.512E-2
12.800,5.389E-2,-9.512E-2
12.817,6.260E-2,-9.474E-2
12.834,7.171E-2,-9.411E-2
12.851,7.920E-2,-9.344E-2
12.867,8.416E-2,-9.265E-2
12.884,8.707E-2,-9.225E-2
12.901,8.732E-2,-9.210E-2
12.918,8.554E-2,-9.244E-2
12.935,8.111E-2,-9.305E-2
12.952,7.457E-2,-9.387E-2
12.968,6.679E-2,-9.464E-2
12.985,5.770E-2,-9.509E-2
13.002,4.879E-2,-9.527E-2
13.019,4.004E-2,-9.510E-2
13.036,3.263E-2,-9.467E-2
13.053,2.637E-2,-9.413E-2
13.070,2.253E-2,-9.369E-2
13.086,2.079E-2,-9.344E-2
13.103,2.125E-2,-9.351E-2
13.120,2.442E-2,-9.389E-2
13.137,2.973E-2,-9.447E-2
13.154,3.644E-2,-9.492E-2
13.171,4.442E-2,-9.515E-2
13.187,5.341E-2,-9.514E-2
13.204,6.319E-2,-9.488E-2
13.221,7.156E-2,-9.426E-2
13.238,7.859E-2,-9.351E-2
13.255,8.402E-2,-9.283E-2
13.272,8.711E-2,-9.242E-2
13.288,8.752E-2,-9.228E-2
13.305,8.584E-2,-9.264E-2
13.322,8.154E-2,-9.322E-2
13.339,7.529E-2,-9.401E-2
13.356,6.748E-2,-9.472E-2
13.373,5.850E-2,-9.520E-2
13.390,4.941E-2,-9.535E-2
13.406,4.065E-2,-9.515E-2
13.423,3.315E-2,-9.473E-2
13.440,2.742E-2,-9.426E-2
13.457,2.296E-2,-9.372E-2
13.474,2.113E-2,-9.348E-2
13.491,2.157E-2,-9.351E-2
13.507,2.454E-2,-9.392E-2
13.524,2.984E-2,-9.449E-2
13.541,3.670E-2,-9.490E-2
13.558,4.447E-2,-9.514E-2
13.575,5.335E-2,-9.515E-2
13.592,6.295E-2,-9.491E-2
13.608,7.117E-2,-9.429E-2
13.625,7.819E-2,-9.351E-2
13.642,8.354E-2,-9.282E-2
13.659,8.621E-2,-9.228E-2
13.676,8.705E-2,-9.221E-2
13.693,8.514E-2,-9.249E-2
13.710,8.111E-2,-9.308E-2
13.726,7.500E-2,-9.387E-2
13.743,6.676E-2,-9.452E-2
13.760,5.847E-2,-9.509E-2
13.777,4.952E-2,-9.529E-2
13.794,4.083E-2,-9.510E-2
13.811,3.329E-2,-9.475E-2
13.827,2.696E-2,-9.414E-2
13.844,2.298E-2,-9.369E-2
13.861,2.120E-2,-9.345E-2
13.878,2.149E-2,-9.351E-2
13.895,2.456E-2,-9.389E-2
13.912,2.917E-2,-9.430E-2
13.928,3.620E-2,-9.491E-2
13.945,4.391E-2,-9.510E-2
13.962,5.255E-2,-9.514E-2
13.979,6.195E-2,-9.491E-2
13.996,7.025E-2,-9.429E-2
14.013,7.773E-2,-9.363E-2
14.030,8.277E-2,-9.291E-2
14.046,8.602E-2,-9.242E-2
14.063,8.665E-2,-9.226E-2
14.080,8.492E-2,-9.249E-2
14.097,8.105E-2,-9.309E-2
14.114,7.521E-2,-9.390E-2
14.131,6.725E-2,-9.454E-2
14.147,5.884E-2,-9.507E-2
14.164,5.000E-2,-9.527E-2
14.181,4.115E-2,-9.512E-2
14.198,3.373E-2,-9.472E-2
14.215,2.795E-2,-9.425E-2
14.232,2.392E-2,-9.386E-2
14.248,2.147E-2,-9.351E-2
14.265,2.172E-2,-9.352E-2
14.282,2.466E-2,-9.387E-2
14.299,2.926E-2,-9.433E-2
14.316,3.630E-2,-9.487E-2
14.333,4.394E-2,-9.515E-2
14.350,5.238E-2,-9.514E-2
14.366,6.158E-2,-9.490E-2
14.383,6.979E-2,-9.430E-2
14.400,7.728E-2,-9.363E-2
14.417,8.226E-2,-9.290E-2
14.434,8.561E-2,-9.244E-2
14.451,8.637E-2,-9.225E-2
14.467,8.477E-2,-9.247E-2
14.484,8.109E-2,-9.302E-2
14.501,7.470E-2,-9.372E-2
14.518,6.750E-2,-9.450E-2
14.535,5.945E-2,-9.505E-2
14.552,5.064E-2,-9.527E-2
14.568,4.184E-2,-9.512E-2
14.585,3.410E-2,-9.470E-2
14.602,2.823E-2,-9.429E-2
14.619,2.416E-2,-9.386E-2
14.636,2.163E-2,-9.348E-2
14.653,2.175E-2,-9.351E-2
14.670,2.461E-2,-9.388E-2
14.686,2.913E-2,-9.431E-2
14.703,3.538E-2,-9.474E-2
14.720,4.338E-2,-9.512E-2
14.737,5.182E-2,-9.513E-2
14.754,6.073E-2,-9.490E-2
14.771,6.870E-2,-9.431E-2
14.787,7.633E-2,-9.367E-2
14.804,8.207E-2,-9.303E-2
14.821,8.508E-2,-9.251E-2
14.838,8.600E-2,-9.227E-2
14.855,8.462E-2,-9.251E-2
14.872,8.110E-2,-9.304E-2
14.888,7.502E-2,-9.371E-2
14.905,6.792E-2,-9.446E-2
14.922,5.919E-2,-9.493E-2
14.939,5.031E-2,-9.514E-2
14.956,4.228E-2,-9.512E-2
14.973,3.463E-2,-9.471E-2
14.990,2.862E-2,-9.431E-2
15.006,2.453E-2,-9.389E-2
15.023,2.200E-2,-9.349E-2
15.040,2.200E-2,-9.349E-2
15.057,2.472E-2,-9.388E-2
15.074,2.915E-2,-9.428E-2
15.091,3.506E-2,-9.472E-2
15.107,4.299E-2,-9.511E-2
15.124,5.127E-2,-9.511E-2
15.141,6.014E-2,-9.491E-2
15.158,6.820E-2,-9.432E-2
15.175,7.581E-2,-9.366E-2
15.192,8.147E-2,-9.304E-2
15.208,8.454E-2,-9.248E-2
15.225,8.560E-2,-9.227E-2
15.242,8.437E-2,-9.245E-2
15.259,8.110E-2,-9.303E-2
15.276,7.534E-2,-9.369E-2
15.293,6.835E-2,-9.446E-2
15.310,5.981E-2,-9.491E-2
15.326,5.090E-2,-9.515E-2
15.343,4.286E-2,-9.509E-2
15.360,3.504E-2,-9.473E-2
15.377,2.913E-2,-9.430E-2
15.394,2.482E-2,-9.388E-2
15.411,2.215E-2,-9.350E-2
15.427,2.211E-2,-9.351E-2
15.444,2.419E-2,-9.371E-2
15.461,2.909E-2,-9.428E-2
15.478,3.497E-2,-9.473E-2
15.495,4.190E-2,-9.495E-2
15.512,5.055E-2,-9.511E-2
15.528,5.949E-2,-9.491E-2
15.545,6.819E-2,-9.447E-2
15.562,7.487E-2,-9.371E-2
15.579,8.081E-2,-9.308E-2
15.596,8.403E-2,-9.251E-2
15.613,8.529E-2,-9.228E-2
15.630,8.430E-2,-9.248E-2
15.646,8.074E-2,-9.292E-2
15.663,7.519E-2,-9.351E-2
15.680,6.842E-2,-9.429E-2
15.697,6.046E-2,-9.486E-2
15.714,5.164E-2,-9.510E-2
15.731,4.345E-2,-9.509E-2
15.747,3.556E-2,-9.474E-2
15.764,2.964E-2,-9.432E-2
15.781,2.521E-2,-9.390E-2
15.798,2.305E-2,-9.363E-2
15.815,2.231E-2,-9.351E-2
15.832,2.483E-2,-9.385E-2
15.848,2.888E-2,-9.430E-2
15.865,3.474E-2,-9.471E-2
15.882,4.238E-2,-9.510E-2
15.899,5.024E-2,-9.511E-2
15.916,5.884E-2,-9.489E-2
15.933,6.613E-2,-9.429E-2
15.950,7.382E-2,-9.371E-2
15.966,8.000E-2,-9.309E-2
15.983,8.389E-2,-9.263E-2
16.000,8.535E-2,-9.243E-2
16.017,8.455E-2,-9.260E-2
16.034,8.124E-2,-9.305E-2
16.051,7.590E-2,-9.371E-2
16.067,6.883E-2,-9.432E-2
16.084,6.099E-2,-9.490E-2
16.101,5.217E-2,-9.515E-2
16.118,4.396E-2,-9.514E-2
16.135,3.676E-2,-9.490E-2
16.152,3.059E-2,-9.446E-2
16.168,2.600E-2,-9.408E-2
16.185,2.317E-2,-9.370E-2
16.202,2.294E-2,-9.368E-2
16.219,2.475E-2,-9.391E-2
16.236,2.885E-2,-9.431E-2
16.253,3.452E-2,-9.475E-2
16.270,4.188E-2,-9.512E-2
16.286,4.963E-2,-9.513E-2
16.303,5.871E-2,-9.510E-2
16.320,6.635E-2,-9.449E-2
16.337,7.379E-2,-9.392E-2
16.354,7.979E-2,-9.325E-2
16.371,8.376E-2,-9.281E-2
16.387,8.493E-2,-9.250E-2
16.404,8.438E-2,-9.263E-2
16.421,8.142E-2,-9.306E-2
16.438,7.619E-2,-9.369E-2
16.455,6.926E-2,-9.432E-2
16.472,6.163E-2,-9.489E-2
16.488,5.311E-2,-9.515E-2
16.505,4.467E-2,-9.513E-2
16.522,3.736E-2,-9.489E-2
16.539,3.102E-2,-9.448E-2
16.556,2.641E-2,-9.410E-2
16.573,2.340E-2,-9.369E-2
16.590,2.306E-2,-9.364E-2
16.606,2.479E-2,-9.387E-2
16.623,2.870E-2,-9.427E-2
16.640,3.418E-2,-9.471E-2
16.657,4.139E-2,-9.510E-2
16.674,4.905E-2,-9.513E-2
16.691,5.707E-2,-9.492E-2
16.707,6.527E-2,-9.451E-2
16.724,7.294E-2,-9.389E-2
16.741,7.887E-2,-9.327E-2
16.758,8.263E-2,-9.271E-2
16.775,8.448E-2,-9.249E-2
16.792,8.378E-2,-9.249E-2
16.808,8.094E-2,-9.291E-2
16.825,7.650E-2,-9.365E-2
16.842,7.004E-2,-9.427E-2
16.859,6.154E-2,-9.474E-2
16.876,5.373E-2,-9.509E-2
16.893,4.529E-2,-9.511E-2
16.910,3.790E-2,-9.490E-2
16.926,3.158E-2,-9.449E-2
16.943,2.682E-2,-9.408E-2
16.960,2.367E-2,-9.369E-2
16.977,2.323E-2,-9.364E-2
16.994,2.475E-2,-9.387E-2
17.011,2.854E-2,-9.426E-2
17.027,3.379E-2,-9.471E-2
17.044,4.090E-2,-9.510E-2
17.061,4.837E-2,-9.513E-2
17.078,5.718E-2,-9.508E-2
17.095,6.525E-2,-9.469E-2
17.112,7.262E-2,-9.410E-2
17.128,7.868E-2,-9.351E-2
17.145,8.253E-2,-9.287E-2
17.162,8.449E-2,-9.263E-2
17.179,8.407E-2,-9.268E-2
17.196,8.158E-2,-9.306E-2
17.213,7.688E-2,-9.366E-2
17.230,7.040E-2,-9.431E-2
17.246,6.297E-2,-9.491E-2
17.263,5.452E-2,-9.515E-2
17.280,4.669E-2,-9.527E-2
17.297,3.918E-2,-9.506E-2
17.314,3.268E-2,-9.470E-2
17.331,2.776E-2,-9.422E-2
17.347,2.448E-2,-9.388E-2
17.364,2.333E-2,-9.372E-2
17.381,2.478E-2,-9.390E-2
17.398,2.842E-2,-9.430E-2
17.415,3.363E-2,-9.470E-2
17.432,4.055E-2,-9.509E-2
17.448,4.846E-2,-9.530E-2
17.465,5.638E-2,-9.509E-2
17.482,6.434E-2,-9.471E-2
17.499,7.151E-2,-9.411E-2
17.516,7.769E-2,-9.353E-2
17.533,8.180E-2,-9.291E-2
17.550,8.404E-2,-9.265E-2
17.566,8.386E-2,-9.267E-2
17.583,8.152E-2,-9.302E-2
17.600,7.731E-2,-9.363E-2
17.617,7.111E-2,-9.430E-2
17.634,6.387E-2,-9.485E-2
17.651,5.526E-2,-9.516E-2
17.667,4.742E-2,-9.530E-2
17.684,3.980E-2,-9.508E-2
17.701,3.320E-2,-9.471E-2
17.718,2.818E-2,-9.432E-2
17.735,2.493E-2,-9.393E-2
17.752,2.358E-2,-9.371E-2
17.768,2.491E-2,-9.391E-2
17.785,2.841E-2,-9.430E-2
17.802,3.340E-2,-9.470E-2
17.819,4.019E-2,-9.508E-2
17.836,4.702E-2,-9.515E-2
17.853,5.563E-2,-9.513E-2
17.870,6.326E-2,-9.470E-2
17.886,7.056E-2,-9.412E-2
17.903,7.677E-2,-9.350E-2
17.920,8.166E-2,-9.304E-2
17.937,8.359E-2,-9.269E-2
17.954,8.366E-2,-9.266E-2
17.971,8.175E-2,-9.303E-2
17.987,7.719E-2,-9.349E-2
18.004,7.105E-2,-9.412E-2
18.021,6.382E-2,-9.472E-2
18.038,5.590E-2,-9.509E-2
18.055,4.755E-2,-9.514E-2
18.072,4.044E-2,-9.507E-2
18.088,3.371E-2,-9.471E-2
18.105,2.860E-2,-9.432E-2
18.122,2.518E-2,-9.391E-2
18.139,2.374E-2,-9.372E-2
18.156,2.491E-2,-9.389E-2
18.173,2.766E-2,-9.412E-2
18.190,3.245E-2,-9.450E-2
18.206,3.897E-2,-9.491E-2
18.223,4.640E-2,-9.514E-2
18.240,5.473E-2,-9.508E-2
18.257,6.249E-2,-9.472E-2
18.274,6.946E-2,-9.410E-2
18.291,7.577E-2,-9.349E-2
18.307,8.077E-2,-9.307E-2
18.324,8.309E-2,-9.267E-2
18.341,8.343E-2,-9.266E-2
18.358,8.174E-2,-9.300E-2
18.375,7.747E-2,-9.350E-2
18.392,7.175E-2,-9.412E-2
18.408,6.467E-2,-9.469E-2
18.425,5.681E-2,-9.512E-2
18.442,4.833E-2,-9.514E-2
18.459,4.119E-2,-9.508E-2
18.476,3.440E-2,-9.471E-2
18.493,2.901E-2,-9.433E-2
18.510,2.545E-2,-9.389E-2
18.526,2.397E-2,-9.370E-2
18.543,2.491E-2,-9.389E-2
18.560,2.754E-2,-9.410E-2
18.577,3.218E-2,-9.452E-2
18.594,3.861E-2,-9.494E-2
18.611,4.595E-2,-9.510E-2
18.627,5.394E-2,-9.513E-2
18.644,6.140E-2,-9.472E-2
18.661,6.936E-2,-9.429E-2
18.678,7.567E-2,-9.368E-2
18.695,8.003E-2,-9.309E-2
18.712,8.256E-2,-9.272E-2
18.728,8.326E-2,-9.266E-2
18.745,8.147E-2,-9.288E-2
18.762,7.790E-2,-9.346E-2
18.779,7.231E-2,-9.404E-2
18.796,6.548E-2,-9.468E-2
18.813,5.774E-2,-9.507E-2
18.830,4.913E-2,-9.514E-2
18.846,4.202E-2,-9.509E-2
18.863,3.496E-2,-9.473E-2
18.880,2.965E-2,-9.434E-2
18.897,2.644E-2,-9.408E-2
18.914,2.468E-2,-9.385E-2
18.931,2.503E-2,-9.388E-2
18.947,2.743E-2,-9.412E-2
18.964,3.194E-2,-9.452E-2
18.981,3.804E-2,-9.492E-2
18.998,4.521E-2,-9.513E-2
19.015,5.299E-2,-9.512E-2
19.032,6.116E-2,-9.491E-2
19.048,6.813E-2,-9.432E-2
19.065,7.520E-2,-9.386E-2
19.082,7.984E-2,-9.327E-2
19.099,8.251E-2,-9.283E-2
19.116,8.301E-2,-9.272E-2
19.133,8.154E-2,-9.292E-2
19.150,7.842E-2,-9.345E-2
19.166,7.290E-2,-9.406E-2
19.183,6.629E-2,-9.465E-2
19.200,5.858E-2,-9.507E-2
19.217,5.072E-2,-9.528E-2
19.234,4.273E-2,-9.515E-2
19.251,3.626E-2,-9.488E-2
19.267,3.071E-2,-9.450E-2
19.284,2.687E-2,-9.411E-2
19.301,2.499E-2,-9.389E-2
19.318,2.522E-2,-9.390E-2
19.335,2.739E-2,-9.414E-2
19.352,3.168E-2,-9.453E-2
19.368,3.757E-2,-9.488E-2
19.385,4.457E-2,-9.514E-2
19.402,5.230E-2,-9.511E-2
19.419,6.026E-2,-9.489E-2
19.436,6.791E-2,-9.449E-2
19.453,7.423E-2,-9.391E-2
19.470,7.898E-2,-9.332E-2
19.486,8.202E-2,-9.289E-2
19.503,8.274E-2,-9.269E-2
19.520,8.154E-2,-9.293E-2
19.537,7.824E-2,-9.329E-2
19.554,7.317E-2,-9.392E-2
19.571,6.662E-2,-9.452E-2
19.587,5.907E-2,-9.493E-2
19.604,5.112E-2,-9.514E-2
19.621,4.373E-2,-9.511E-2
19.638,3.703E-2,-9.488E-2
19.655,3.142E-2,-9.448E-2
19.672,2.727E-2,-9.410E-2
19.688,2.523E-2,-9.388E-2
19.705,2.530E-2,-9.386E-2
19.722,2.729E-2,-9.408E-2
19.739,3.140E-2,-9.447E-2
19.756,3.706E-2,-9.489E-2
19.773,4.377E-2,-9.513E-2
19.790,5.120E-2,-9.512E-2
19.806,5.902E-2,-9.491E-2
19.823,6.655E-2,-9.449E-2
19.840,7.299E-2,-9.392E-2
19.857,7.855E-2,-9.345E-2
19.874,8.181E-2,-9.304E-2
19.891,8.275E-2,-9.283E-2
19.907,8.193E-2,-9.299E-2
19.924,7.895E-2,-9.344E-2
19.941,7.406E-2,-9.406E-2
19.958,6.716E-2,-9.454E-2
19.975,5.974E-2,-9.495E-2
19.992,5.180E-2,-9.515E-2
20.008,4.426E-2,-9.513E-2
20.025,3.759E-2,-9.493E-2
20.042,3.173E-2,-9.453E-2
20.059,2.748E-2,-9.411E-2
20.076,2.536E-2,-9.391E-2
20.093,2.521E-2,-9.389E-2
20.110,2.710E-2,-9.408E-2
20.126,3.107E-2,-9.451E-2
20.143,3.655E-2,-9.487E-2
20.160,4.296E-2,-9.512E-2
20.177,5.024E-2,-9.511E-2
20.194,5.785E-2,-9.494E-2
20.211,6.528E-2,-9.451E-2
20.227,7.261E-2,-9.409E-2
20.244,7.769E-2,-9.350E-2
20.261,8.111E-2,-9.305E-2
20.278,8.238E-2,-9.288E-2
20.295,8.145E-2,-9.291E-2
20.312,7.874E-2,-9.331E-2
20.328,7.426E-2,-9.388E-2
20.345,6.817E-2,-9.446E-2
20.362,6.079E-2,-9.491E-2
20.379,5.282E-2,-9.512E-2
20.396,4.524E-2,-9.512E-2
20.413,3.832E-2,-9.491E-2
20.430,3.299E-2,-9.467E-2
20.446,2.856E-2,-9.428E-2
20.463,2.624E-2,-9.406E-2
20.480,2.543E-2,-9.391E-2
20.497,2.714E-2,-9.408E-2
20.514,3.079E-2,-9.446E-2
20.531,3.605E-2,-9.488E-2
20.547,4.239E-2,-9.511E-2
20.564,4.933E-2,-9.513E-2
20.581,5.675E-2,-9.493E-2
20.598,6.402E-2,-9.453E-2
20.615,7.141E-2,-9.410E-2
20.632,7.718E-2,-9.363E-2
20.648,8.086E-2,-9.322E-2
20.665,8.205E-2,-9.290E-2
20.682,8.139E-2,-9.292E-2
20.699,7.907E-2,-9.327E-2
20.716,7.494E-2,-9.387E-2
20.733,6.833E-2,-9.434E-2
20.750,6.182E-2,-9.490E-2
20.766,5.393E-2,-9.513E-2
20.783,4.621E-2,-9.514E-2
20.800,3.908E-2,-9.495E-2
20.817,3.364E-2,-9.468E-2
20.834,2.903E-2,-9.431E-2
20.851,2.657E-2,-9.408E-2
20.867,2.606E-2,-9.405E-2
20.884,2.706E-2,-9.411E-2
20.901,3.050E-2,-9.448E-2
20.918,3.502E-2,-9.473E-2
20.935,4.173E-2,-9.511E-2
20.952,4.844E-2,-9.515E-2
20.968,5.655E-2,-9.508E-2
20.985,6.365E-2,-9.472E-2
21.002,7.076E-2,-9.428E-2
21.019,7.619E-2,-9.368E-2
21.036,8.012E-2,-9.329E-2
21.053,8.203E-2,-9.303E-2
21.070,8.179E-2,-9.305E-2
21.086,7.978E-2,-9.343E-2
21.103,7.549E-2,-9.386E-2
21.120,6.996E-2,-9.446E-2
21.137,6.280E-2,-9.495E-2
21.154,5.563E-2,-9.528E-2
21.171,4.785E-2,-9.533E-2
21.187,4.073E-2,-9.514E-2
21.204,3.494E-2,-9.489E-2
21.221,3.024E-2,-9.453E-2
21.238,2.747E-2,-9.426E-2
21.255,2.629E-2,-9.411E-2
21.272,2.759E-2,-9.427E-2
21.288,3.045E-2,-9.454E-2
21.305,3.538E-2,-9.491E-2
21.322,4.125E-2,-9.513E-2
21.339,4.848E-2,-9.533E-2
21.356,5.617E-2,-9.525E-2
21.373,6.346E-2,-9.491E-2
21.390,7.034E-2,-9.445E-2
21.406,7.584E-2,-9.392E-2
21.423,7.997E-2,-9.344E-2
21.440,8.180E-2,-9.313E-2
21.457,8.186E-2,-9.310E-2
21.474,7.981E-2,-9.333E-2
21.491,7.616E-2,-9.382E-2
21.507,7.080E-2,-9.443E-2
21.524,6.387E-2,-9.493E-2
21.541,5.673E-2,-9.526E-2
21.558,4.897E-2,-9.533E-2
21.575,4.171E-2,-9.516E-2
21.592,3.569E-2,-9.491E-2
21.608,3.084E-2,-9.456E-2
21.625,2.794E-2,-9.426E-2
21.642,2.654E-2,-9.413E-2
21.659,2.714E-2,-9.411E-2
21.676,3.022E-2,-9.445E-2
21.693,3.427E-2,-9.473E-2
21.710,4.050E-2,-9.511E-2
21.726,4.680E-2,-9.516E-2
21.743,5.423E-2,-9.513E-2
21.760,6.195E-2,-9.492E-2
21.777,6.902E-2,-9.448E-2
21.794,7.465E-2,-9.392E-2
21.811,7.910E-2,-9.347E-2
21.827,8.116E-2,-9.311E-2
21.844,8.161E-2,-9.307E-2
21.861,7.988E-2,-9.327E-2
21.878,7.622E-2,-9.370E-2
21.895,7.106E-2,-9.428E-2
21.912,6.424E-2,-9.474E-2
21.928,5.708E-2,-9.512E-2
21.945,4.927E-2,-9.516E-2
21.962,4.245E-2,-9.510E-2
21.979,3.647E-2,-9.489E-2
21.996,3.137E-2,-9.452E-2
22.013,2.826E-2,-9.428E-2
22.030,2.668E-2,-9.409E-2
22.046,2.701E-2,-9.412E-2
22.063,2.948E-2,-9.431E-2
22.080,3.383E-2,-9.468E-2
22.097,3.920E-2,-9.491E-2
22.114,4.578E-2,-9.515E-2
22.131,5.316E-2,-9.513E-2
22.147,6.074E-2,-9.491E-2
22.164,6.782E-2,-9.446E-2
22.181,7.338E-2,-9.394E-2
22.198,7.823E-2,-9.347E-2
22.215,8.053E-2,-9.311E-2
22.232,8.130E-2,-9.301E-2
22.248,7.996E-2,-9.326E-2
22.265,7.664E-2,-9.369E-2
22.282,7.177E-2,-9.424E-2
22.299,6.526E-2,-9.471E-2
22.316,5.822E-2,-9.508E-2
22.333,5.091E-2,-9.532E-2
22.350,4.349E-2,-9.513E-2
22.366,3.721E-2,-9.493E-2
22.383,3.199E-2,-9.452E-2
22.400,2.874E-2,-9.428E-2
22.417,2.681E-2,-9.411E-2
22.434,2.702E-2,-9.412E-2
22.451,2.914E-2,-9.431E-2
22.467,3.330E-2,-9.471E-2
22.484,3.848E-2,-9.494E-2
22.501,4.503E-2,-9.513E-2
22.518,5.217E-2,-9.513E-2
22.535,5.956E-2,-9.492E-2
22.552,6.644E-2,-9.452E-2
22.568,7.279E-2,-9.407E-2
22.585,7.717E-2,-9.351E-2
22.602,7.987E-2,-9.310E-2
22.619,8.095E-2,-9.306E-2
22.636,7.999E-2,-9.323E-2
22.653,7.708E-2,-9.365E-2
22.670,7.200E-2,-9.411E-2
22.686,6.624E-2,-9.469E-2
22.703,5.924E-2,-9.507E-2
22.720,5.190E-2,-9.530E-2
22.737,4.434E-2,-9.517E-2
22.754,3.805E-2,-9.495E-2
22.771,3.310E-2,-9.471E-2
22.787,2.914E-2,-9.431E-2
22.804,2.703E-2,-9.411E-2
22.821,2.703E-2,-9.410E-2
22.838,2.900E-2,-9.432E-2
22.855,3.288E-2,-9.470E-2
22.872,3.791E-2,-9.492E-2
22.888,4.417E-2,-9.515E-2
22.905,5.101E-2,-9.512E-2
22.922,5.822E-2,-9.491E-2
22.939,6.498E-2,-9.454E-2
22.956,7.149E-2,-9.409E-2
22.973,7.676E-2,-9.365E-2
22.990,7.969E-2,-9.324E-2
23.006,8.074E-2,-9.310E-2
23.023,8.011E-2,-9.326E-2
23.040,7.716E-2,-9.352E-2
23.057,7.288E-2,-9.406E-2
23.074,6.666E-2,-9.454E-2
23.091,5.981E-2,-9.492E-2
23.107,5.248E-2,-9.512E-2
23.124,4.536E-2,-9.516E-2
23.141,3.889E-2,-9.493E-2
23.158,3.381E-2,-9.470E-2
23.175,2.949E-2,-9.432E-2
23.192,2.736E-2,-9.411E-2
23.208,2.712E-2,-9.407E-2
23.225,2.888E-2,-9.429E-2
23.242,3.207E-2,-9.454E-2
23.259,3.721E-2,-9.491E-2
23.276,4.324E-2,-9.510E-2
23.293,5.000E-2,-9.511E-2
23.310,5.689E-2,-9.492E-2
23.326,6.450E-2,-9.469E-2
23.343,7.108E-2,-9.425E-2
23.360,7.571E-2,-9.370E-2
23.377,7.940E-2,-9.343E-2
23.394,8.037E-2,-9.311E-2
23.411,7.972E-2,-9.313E-2
23.427,7.748E-2,-9.350E-2
23.444,7.304E-2,-9.392E-2
23.461,6.767E-2,-9.449E-2
23.478,6.094E-2,-9.491E-2
23.495,5.362E-2,-9.512E-2
23.512,4.642E-2,-9.514E-2
23.528,3.982E-2,-9.492E-2
23.545,3.465E-2,-9.470E-2
23.562,3.022E-2,-9.434E-2
23.579,2.772E-2,-9.410E-2
23.596,2.728E-2,-9.407E-2
23.613,2.873E-2,-9.425E-2
23.630,3.175E-2,-9.450E-2
23.646,3.668E-2,-9.488E-2
23.663,4.248E-2,-9.508E-2
23.680,4.904E-2,-9.516E-2
23.697,5.640E-2,-9.510E-2
23.714,6.320E-2,-9.473E-2
23.731,6.977E-2,-9.429E-2
23.747,7.513E-2,-9.385E-2
23.764,7.874E-2,-9.347E-2
23.781,8.047E-2,-9.322E-2
23.798,8.016E-2,-9.326E-2
23.815,7.796E-2,-9.350E-2
23.832,7.392E-2,-9.391E-2
23.848,6.880E-2,-9.446E-2
23.865,6.212E-2,-9.492E-2
23.882,5.475E-2,-9.512E-2
23.899,4.749E-2,-9.515E-2
23.916,4.137E-2,-9.510E-2
23.933,3.586E-2,-9.488E-2
23.950,3.119E-2,-9.451E-2
23.966,2.851E-2,-9.429E-2
23.983,2.734E-2,-9.410E-2
24.000,2.861E-2,-9.430E-2
24.017,3.131E-2,-9.452E-2
24.034,3.544E-2,-9.473E-2
24.051,4.158E-2,-9.509E-2
24.067,4.783E-2,-9.513E-2
24.084,5.524E-2,-9.511E-2
24.101,6.158E-2,-9.473E-2
24.118,6.831E-2,-9.432E-2
24.135,7.393E-2,-9.387E-2
24.152,7.783E-2,-9.345E-2
24.168,7.986E-2,-9.322E-2
24.185,7.998E-2,-9.325E-2
24.202,7.813E-2,-9.349E-2
24.219,7.448E-2,-9.390E-2
24.236,6.968E-2,-9.448E-2
24.253,6.330E-2,-9.488E-2
24.270,5.601E-2,-9.514E-2
24.286,4.922E-2,-9.528E-2
24.303,4.235E-2,-9.514E-2
24.320,3.666E-2,-9.492E-2
24.337,3.234E-2,-9.470E-2
24.354,2.897E-2,-9.430E-2
24.371,2.799E-2,-9.429E-2
24.387,2.862E-2,-9.432E-2
24.404,3.109E-2,-9.453E-2
24.421,3.548E-2,-9.486E-2
24.438,4.088E-2,-9.512E-2
24.455,4.752E-2,-9.529E-2
24.472,5.455E-2,-9.530E-2
24.488,6.116E-2,-9.495E-2
24.505,6.770E-2,-9.455E-2
24.522,7.338E-2,-9.410E-2
24.539,7.756E-2,-9.366E-2
24.556,7.950E-2,-9.334E-2
24.573,8.000E-2,-9.328E-2
24.590,7.856E-2,-9.346E-2
24.606,7.531E-2,-9.386E-2
24.623,7.027E-2,-9.431E-2
24.640,6.401E-2,-9.475E-2
24.657,5.738E-2,-9.510E-2
24.674,5.049E-2,-9.530E-2
24.691,4.338E-2,-9.516E-2
24.707,3.750E-2,-9.494E-2
24.724,3.306E-2,-9.467E-2
24.741,2.941E-2,-9.435E-2
24.758,2.780E-2,-9.414E-2
24.775,2.856E-2,-9.424E-2
24.792,3.083E-2,-9.446E-2
24.808,3.447E-2,-9.471E-2
24.825,3.998E-2,-9.507E-2
24.842,4.595E-2,-9.513E-2
24.859,5.269E-2,-9.511E-2
24.876,5.960E-2,-9.491E-2
24.893,6.610E-2,-9.450E-2
24.910,7.201E-2,-9.411E-2
24.926,7.649E-2,-9.368E-2
24.943,7.880E-2,-9.331E-2
24.960,7.966E-2,-9.323E-2
24.977,7.863E-2,-9.341E-2
24.994,7.538E-2,-9.371E-2
25.011,7.095E-2,-9.428E-2
25.027,6.493E-2,-9.470E-2
25.044,5.840E-2,-9.509E-2
25.061,5.157E-2,-9.529E-2
25.078,4.436E-2,-9.516E-2
25.095,3.832E-2,-9.493E-2
25.112,3.367E-2,-9.469E-2
25.128,3.033E-2,-9.447E-2
25.145,2.849E-2,-9.428E-2
25.162,2.856E-2,-9.426E-2
25.179,3.048E-2,-9.448E-2
25.196,3.387E-2,-9.470E-2
25.213,3.866E-2,-9.495E-2
25.230,4.476E-2,-9.514E-2
25.246,5.142E-2,-9.512E-2
25.263,5.818E-2,-9.491E-2
25.280,6.533E-2,-9.467E-2
25.297,7.131E-2,-9.428E-2
25.314,7.593E-2,-9.384E-2
25.331,7.872E-2,-9.349E-2
25.347,7.950E-2,-9.333E-2
25.364,7.882E-2,-9.343E-2
25.381,7.589E-2,-9.373E-2
25.398,7.134E-2,-9.415E-2
25.415,6.618E-2,-9.466E-2
25.432,5.975E-2,-9.508E-2
25.448,5.291E-2,-9.530E-2
25.465,4.567E-2,-9.515E-2
25.482,3.995E-2,-9.509E-2
25.499,3.451E-2,-9.472E-2
25.516,3.093E-2,-9.451E-2
25.533,2.881E-2,-9.433E-2
25.550,2.860E-2,-9.431E-2
25.566,3.034E-2,-9.447E-2
25.583,3.348E-2,-9.469E-2
25.600,3.807E-2,-9.494E-2
25.617,4.390E-2,-9.511E-2
25.634,5.032E-2,-9.514E-2
25.651,5.767E-2,-9.510E-2
25.667,6.391E-2,-9.471E-2
25.684,7.012E-2,-9.430E-2
25.701,7.485E-2,-9.389E-2
25.718,7.788E-2,-9.351E-2
25.735,7.921E-2,-9.328E-2
25.752,7.853E-2,-9.332E-2
25.768,7.643E-2,-9.370E-2
25.785,7.245E-2,-9.408E-2
25.802,6.683E-2,-9.454E-2
25.819,6.057E-2,-9.491E-2
25.836,5.365E-2,-9.512E-2
25.853,4.680E-2,-9.515E-2
25.870,4.098E-2,-9.508E-2
25.886,3.577E-2,-9.490E-2
25.903,3.156E-2,-9.452E-2
25.920,2.922E-2,-9.433E-2
25.937,2.877E-2,-9.426E-2
25.954,2.978E-2,-9.432E-2
25.971,3.257E-2,-9.454E-2
25.987,3.735E-2,-9.488E-2
26.004,4.298E-2,-9.510E-2
26.021,4.920E-2,-9.512E-2
26.038,5.542E-2,-9.494E-2
26.055,6.249E-2,-9.469E-2
26.072,6.857E-2,-9.431E-2
26.088,7.373E-2,-9.387E-2
26.105,7.704E-2,-9.352E-2
26.122,7.872E-2,-9.330E-2
26.139,7.855E-2,-9.330E-2
26.156,7.635E-2,-9.351E-2
26.173,7.258E-2,-9.393E-2
26.190,6.738E-2,-9.431E-2
26.206,6.105E-2,-9.472E-2
26.223,5.489E-2,-9.510E-2
26.240,4.792E-2,-9.511E-2
26.257,4.124E-2,-9.492E-2
26.274,3.606E-2,-9.472E-2
26.291,3.207E-2,-9.452E-2
26.307,2.954E-2,-9.428E-2
26.324,2.882E-2,-9.427E-2
26.341,2.956E-2,-9.428E-2
26.358,3.214E-2,-9.451E-2
26.375,3.614E-2,-9.471E-2
26.392,4.142E-2,-9.492E-2
26.409,4.802E-2,-9.513E-2
26.425,5.498E-2,-9.511E-2
26.442,6.107E-2,-9.471E-2
26.459,6.719E-2,-9.430E-2
26.476,7.239E-2,-9.391E-2
26.493,7.613E-2,-9.350E-2
26.510,7.822E-2,-9.327E-2
26.526,7.845E-2,-9.324E-2
26.543,7.673E-2,-9.349E-2
26.560,7.339E-2,-9.390E-2
26.577,6.836E-2,-9.431E-2
26.594,6.229E-2,-9.469E-2
26.611,5.538E-2,-9.495E-2
26.627,4.913E-2,-9.510E-2
26.644,4.296E-2,-9.510E-2
26.661,3.761E-2,-9.491E-2
26.678,3.338E-2,-9.468E-2
26.695,2.997E-2,-9.431E-2
26.712,2.895E-2,-9.426E-2
26.729,2.945E-2,-9.430E-2
26.745,3.178E-2,-9.449E-2
26.762,3.554E-2,-9.475E-2
26.779,4.053E-2,-9.494E-2
26.796,4.684E-2,-9.511E-2
26.813,5.361E-2,-9.511E-2
26.830,5.941E-2,-9.471E-2
26.846,6.631E-2,-9.450E-2
26.863,7.175E-2,-9.411E-2
26.880,7.576E-2,-9.367E-2
26.897,7.820E-2,-9.343E-2
26.914,7.834E-2,-9.332E-2
26.931,7.707E-2,-9.352E-2
26.947,7.416E-2,-9.387E-2
26.964,6.945E-2,-9.428E-2
26.981,6.362E-2,-9.471E-2
26.998,5.682E-2,-9.495E-2
27.015,5.040E-2,-9.511E-2
27.032,4.413E-2,-9.513E-2
27.049,3.845E-2,-9.493E-2
27.065,3.411E-2,-9.471E-2
27.082,3.097E-2,-9.446E-2
27.099,2.926E-2,-9.433E-2
27.116,2.947E-2,-9.432E-2
27.133,3.155E-2,-9.450E-2
27.150,3.498E-2,-9.473E-2
27.166,3.972E-2,-9.493E-2
27.183,4.578E-2,-9.514E-2
27.200,5.240E-2,-9.512E-2
27.217,5.892E-2,-9.492E-2
27.234,6.499E-2,-9.453E-2
27.251,7.046E-2,-9.410E-2
27.267,7.467E-2,-9.371E-2
27.284,7.754E-2,-9.346E-2
27.301,7.811E-2,-9.332E-2
27.318,7.737E-2,-9.346E-2
27.335,7.442E-2,-9.373E-2
27.352,7.003E-2,-9.411E-2
27.369,6.433E-2,-9.451E-2
27.385,5.838E-2,-9.490E-2
27.402,5.183E-2,-9.509E-2
27.419,4.544E-2,-9.510E-2
27.436,3.950E-2,-9.493E-2
27.453,3.487E-2,-9.469E-2
27.470,3.155E-2,-9.447E-2
27.486,2.963E-2,-9.430E-2
27.503,2.948E-2,-9.430E-2
27.520,3.129E-2,-9.449E-2
27.537,3.447E-2,-9.468E-2
27.554,3.901E-2,-9.490E-2
27.571,4.482E-2,-9.513E-2
27.587,5.101E-2,-9.512E-2
27.604,5.737E-2,-9.492E-2
27.621,6.409E-2,-9.469E-2
27.638,6.970E-2,-9.430E-2
27.655,7.421E-2,-9.389E-2
27.672,7.688E-2,-9.353E-2
27.689,7.834E-2,-9.343E-2
27.705,7.755E-2,-9.349E-2
27.722,7.501E-2,-9.374E-2
27.739,7.106E-2,-9.411E-2
27.756,6.560E-2,-9.455E-2
27.773,5.978E-2,-9.491E-2
27.790,5.319E-2,-9.512E-2
27.806,4.665E-2,-9.513E-2
27.823,4.039E-2,-9.492E-2
27.840,3.567E-2,-9.472E-2
27.857,3.208E-2,-9.452E-2
27.874,2.990E-2,-9.430E-2
27.891,2.953E-2,-9.428E-2
27.907,3.055E-2,-9.432E-2
27.924,3.345E-2,-9.451E-2
27.941,3.824E-2,-9.490E-2
27.958,4.375E-2,-9.511E-2
27.975,4.978E-2,-9.510E-2
27.992,5.585E-2,-9.492E-2
28.009,6.260E-2,-9.470E-2
28.025,6.830E-2,-9.430E-2
28.042,7.298E-2,-9.393E-2
28.059,7.597E-2,-9.350E-2
28.076,7.795E-2,-9.345E-2
28.093,7.758E-2,-9.347E-2
28.110,7.545E-2,-9.371E-2
28.126,7.194E-2,-9.410E-2
28.143,6.690E-2,-9.451E-2
28.160,6.108E-2,-9.488E-2
28.177,5.453E-2,-9.510E-2
28.194,4.788E-2,-9.514E-2
28.211,4.218E-2,-9.510E-2
28.227,3.713E-2,-9.486E-2
28.244,3.322E-2,-9.467E-2
28.261,3.080E-2,-9.447E-2
28.278,2.971E-2,-9.434E-2
28.295,3.089E-2,-9.448E-2
28.312,3.351E-2,-9.470E-2
28.329,3.747E-2,-9.492E-2
28.345,4.277E-2,-9.512E-2
28.362,4.856E-2,-9.514E-2
28.379,5.519E-2,-9.513E-2
28.396,6.171E-2,-9.491E-2
28.413,6.753E-2,-9.452E-2
28.430,7.236E-2,-9.411E-2
28.446,7.573E-2,-9.371E-2
28.463,7.749E-2,-9.350E-2
28.480,7.763E-2,-9.346E-2
28.497,7.594E-2,-9.369E-2
28.514,7.275E-2,-9.409E-2
28.531,6.802E-2,-9.447E-2
28.547,6.242E-2,-9.487E-2
28.564,5.585E-2,-9.511E-2
28.581,4.910E-2,-9.514E-2
28.598,4.337E-2,-9.513E-2
28.615,3.800E-2,-9.495E-2
28.632,3.403E-2,-9.468E-2
28.649,3.121E-2,-9.448E-2
28.665,3.030E-2,-9.447E-2
28.682,3.082E-2,-9.447E-2
28.699,3.315E-2,-9.470E-2
28.716,3.678E-2,-9.493E-2
28.733,4.175E-2,-9.513E-2
28.750,4.728E-2,-9.515E-2
28.766,5.370E-2,-9.511E-2
28.783,6.013E-2,-9.492E-2
28.800,6.586E-2,-9.453E-2
28.817,7.099E-2,-9.412E-2
28.834,7.465E-2,-9.373E-2
28.851,7.698E-2,-9.348E-2
28.867,7.747E-2,-9.349E-2
28.884,7.630E-2,-9.366E-2
28.901,7.301E-2,-9.394E-2
28.918,6.871E-2,-9.433E-2
28.935,6.320E-2,-9.474E-2
28.952,5.666E-2,-9.495E-2
28.969,5.057E-2,-9.512E-2
28.985,4.450E-2,-9.510E-2
29.002,3.897E-2,-9.490E-2
29.019,3.473E-2,-9.473E-2
29.036,3.172E-2,-9.451E-2
29.053,3.009E-2,-9.434E-2
29.070,3.028E-2,-9.435E-2
29.086,3.228E-2,-9.454E-2
29.103,3.567E-2,-9.470E-2
29.120,4.024E-2,-9.494E-2
29.137,4.614E-2,-9.509E-2
29.154,5.247E-2,-9.508E-2
29.171,5.862E-2,-9.490E-2
29.187,6.423E-2,-9.453E-2
29.204,6.950E-2,-9.412E-2
29.221,7.355E-2,-9.368E-2
29.238,7.626E-2,-9.351E-2
29.255,7.731E-2,-9.345E-2
29.272,7.607E-2,-9.352E-2
29.289,7.372E-2,-9.385E-2
29.305,6.975E-2,-9.429E-2
29.322,6.454E-2,-9.467E-2
29.339,5.804E-2,-9.495E-2
29.356,5.188E-2,-9.511E-2
29.373,4.574E-2,-9.511E-2
29.390,3.999E-2,-9.491E-2
29.406,3.544E-2,-9.472E-2
29.423,3.222E-2,-9.449E-2
29.440,3.024E-2,-9.434E-2
29.457,3.015E-2,-9.431E-2
29.474,3.194E-2,-9.449E-2
29.491,3.500E-2,-9.471E-2
29.507,3.939E-2,-9.490E-2
29.524,4.502E-2,-9.511E-2
29.541,5.093E-2,-9.513E-2
29.558,5.699E-2,-9.490E-2
29.575,6.342E-2,-9.470E-2
29.592,6.875E-2,-9.430E-2
29.609,7.297E-2,-9.392E-2
29.625,7.605E-2,-9.368E-2
29.642,7.708E-2,-9.350E-2
29.659,7.676E-2,-9.362E-2
29.676,7.441E-2,-9.390E-2
29.693,7.078E-2,-9.427E-2
29.710,6.574E-2,-9.466E-2
29.726,5.955E-2,-9.494E-2
29.743,5.334E-2,-9.516E-2
29.760,4.702E-2,-9.515E-2
29.777,4.165E-2,-9.508E-2
29.794,3.691E-2,-9.489E-2
29.811,3.338E-2,-9.470E-2
29.827,3.119E-2,-9.450E-2
29.844,3.079E-2,-9.447E-2
29.861,3.174E-2,-9.453E-2
29.878,3.456E-2,-9.473E-2
29.895,3.871E-2,-9.492E-2
29.912,4.396E-2,-9.513E-2
29.929,4.968E-2,-9.514E-2
29.945,5.631E-2,-9.510E-2
29.962,6.260E-2,-9.488E-2
29.979,6.795E-2,-9.449E-2
29.996,7.242E-2,-9.410E-2
30.013,7.583E-2,-9.386E-2
30.030,7.721E-2,-9.364E-2
30.046,7.694E-2,-9.369E-2
30.063,7.503E-2,-9.389E-2
30.080,7.181E-2,-9.425E-2
30.097,6.705E-2,-9.468E-2
30.114,6.099E-2,-9.495E-2
30.131,5.539E-2,-9.528E-2
30.147,4.901E-2,-9.531E-2
30.164,4.335E-2,-9.529E-2
30.181,3.840E-2,-9.510E-2
30.198,3.454E-2,-9.490E-2
30.215,3.209E-2,-9.469E-2
30.232,3.102E-2,-9.452E-2
30.249,3.214E-2,-9.467E-2
30.265,3.458E-2,-9.488E-2
30.282,3.843E-2,-9.512E-2
30.299,4.354E-2,-9.530E-2
30.316,4.901E-2,-9.531E-2
30.333,5.537E-2,-9.530E-2
30.350,6.166E-2,-9.506E-2
30.366,6.712E-2,-9.473E-2
30.383,7.176E-2,-9.435E-2
30.400,7.503E-2,-9.395E-2
30.417,7.688E-2,-9.373E-2
30.434,7.705E-2,-9.371E-2
30.451,7.569E-2,-9.390E-2
30.467,7.241E-2,-9.415E-2
30.484,6.799E-2,-9.452E-2
30.501,6.256E-2,-9.492E-2
30.518,5.651E-2,-9.514E-2
30.535,5.048E-2,-9.531E-2
30.552,4.470E-2,-9.526E-2
30.569,3.962E-2,-9.508E-2
30.585,3.545E-2,-9.488E-2
30.602,3.268E-2,-9.471E-2
30.619,3.168E-2,-9.468E-2
30.636,3.208E-2,-9.471E-2
30.653,3.427E-2,-9.486E-2
30.670,3.774E-2,-9.506E-2
30.686,4.252E-2,-9.530E-2
30.703,4.800E-2,-9.533E-2
30.720,5.405E-2,-9.532E-2
30.737,6.020E-2,-9.512E-2
30.754,6.566E-2,-9.476E-2
30.771,7.103E-2,-9.444E-2
30.787,7.452E-2,-9.409E-2
30.804,7.670E-2,-9.385E-2
30.821,7.699E-2,-9.372E-2
30.838,7.601E-2,-9.388E-2
30.855,7.313E-2,-9.411E-2
30.872,6.900E-2,-9.450E-2
30.889,6.392E-2,-9.487E-2
30.905,5.787E-2,-9.516E-2
30.922,5.188E-2,-9.529E-2
30.939,4.590E-2,-9.529E-2
30.956,4.051E-2,-9.513E-2
30.973,3.620E-2,-9.493E-2
30.990,3.317E-2,-9.472E-2
31.006,3.142E-2,-9.451E-2
31.023,3.150E-2,-9.453E-2
31.040,3.336E-2,-9.471E-2
31.057,3.657E-2,-9.493E-2
31.074,4.109E-2,-9.513E-2
31.091,4.667E-2,-9.530E-2
31.107,5.263E-2,-9.528E-2
31.124,5.863E-2,-9.511E-2
31.141,6.462E-2,-9.489E-2
31.158,6.958E-2,-9.447E-2
31.175,7.337E-2,-9.413E-2
31.192,7.605E-2,-9.389E-2
31.209,7.680E-2,-9.368E-2
31.225,7.618E-2,-9.382E-2
31.242,7.374E-2,-9.408E-2
31.259,7.007E-2,-9.443E-2
31.276,6.507E-2,-9.486E-2
31.293,5.917E-2,-9.514E-2
31.310,5.324E-2,-9.532E-2
31.326,4.721E-2,-9.535E-2
31.343,4.159E-2,-9.514E-2
31.360,3.707E-2,-9.493E-2
31.377,3.375E-2,-9.474E-2
31.394,3.180E-2,-9.453E-2
31.411,3.151E-2,-9.452E-2
31.427,3.300E-2,-9.466E-2
31.444,3.598E-2,-9.488E-2
31.461,4.001E-2,-9.509E-2
31.478,4.535E-2,-9.531E-2
31.495,5.113E-2,-9.531E-2
31.512,5.697E-2,-9.512E-2
31.529,6.299E-2,-9.491E-2
31.545,6.807E-2,-9.453E-2
31.562,7.266E-2,-9.424E-2
31.579,7.529E-2,-9.391E-2
31.596,7.640E-2,-9.370E-2
31.613,7.594E-2,-9.373E-2
31.630,7.387E-2,-9.394E-2
31.646,7.058E-2,-9.430E-2
31.663,6.599E-2,-9.465E-2
31.680,6.015E-2,-9.496E-2
31.697,5.419E-2,-9.516E-2
31.714,4.797E-2,-9.514E-2
31.731,4.271E-2,-9.514E-2
31.747,3.795E-2,-9.491E-2
31.764,3.440E-2,-9.472E-2
31.781,3.205E-2,-9.452E-2
31.798,3.153E-2,-9.451E-2
31.815,3.234E-2,-9.453E-2
31.832,3.492E-2,-9.469E-2
31.849,3.869E-2,-9.493E-2
31.865,4.368E-2,-9.510E-2
31.882,4.902E-2,-9.512E-2
31.899,5.533E-2,-9.510E-2
31.916,6.134E-2,-9.490E-2
31.933,6.645E-2,-9.453E-2
31.950,7.088E-2,-9.410E-2
31.966,7.428E-2,-9.387E-2
31.983,7.589E-2,-9.367E-2
32.000,7.588E-2,-9.368E-2
32.017,7.432E-2,-9.387E-2
32.034,7.101E-2,-9.413E-2
32.051,6.672E-2,-9.452E-2
32.067,6.152E-2,-9.491E-2
32.084,5.561E-2,-9.513E-2
32.101,4.941E-2,-9.513E-2
32.118,4.389E-2,-9.511E-2
32.135,3.884E-2,-9.495E-2
32.152,3.506E-2,-9.472E-2
32.169,3.236E-2,-9.453E-2
32.185,3.160E-2,-9.448E-2
32.202,3.206E-2,-9.454E-2
32.219,3.445E-2,-9.469E-2
32.236,3.786E-2,-9.490E-2
32.253,4.258E-2,-9.510E-2
32.270,4.772E-2,-9.512E-2
32.286,5.380E-2,-9.512E-2
32.303,5.967E-2,-9.493E-2
32.320,6.491E-2,-9.452E-2
32.337,6.999E-2,-9.428E-2
32.354,7.329E-2,-9.390E-2
32.371,7.536E-2,-9.368E-2
32.387,7.582E-2,-9.370E-2
32.404,7.480E-2,-9.387E-2
32.421,7.186E-2,-9.410E-2
32.438,6.793E-2,-9.448E-2
32.455,6.303E-2,-9.486E-2
32.472,5.719E-2,-9.509E-2
32.489,5.136E-2,-9.529E-2
32.505,4.515E-2,-9.517E-2
32.522,4.046E-2,-9.511E-2
32.539,3.641E-2,-9.492E-2
32.556,3.352E-2,-9.472E-2
32.573,3.193E-2,-9.455E-2
32.590,3.212E-2,-9.454E-2
32.606,3.403E-2,-9.470E-2
32.623,3.724E-2,-9.492E-2
32.640,4.169E-2,-9.512E-2
32.657,4.657E-2,-9.511E-2
32.674,5.228E-2,-9.511E-2
32.691,5.803E-2,-9.494E-2
32.707,6.395E-2,-9.473E-2
32.724,6.872E-2,-9.433E-2
32.741,7.285E-2,-9.406E-2
32.758,7.526E-2,-9.385E-2
32.775,7.576E-2,-9.369E-2
32.792,7.523E-2,-9.385E-2
32.809,7.278E-2,-9.410E-2
32.825,6.917E-2,-9.445E-2
32.842,6.386E-2,-9.474E-2
32.859,5.867E-2,-9.511E-2
32.876,5.289E-2,-9.526E-2
32.893,4.721E-2,-9.531E-2
32.910,4.164E-2,-9.513E-2
32.926,3.733E-2,-9.491E-2
32.943,3.416E-2,-9.474E-2
32.960,3.275E-2,-9.468E-2
32.977,3.256E-2,-9.467E-2
32.994,3.372E-2,-9.475E-2
33.011,3.664E-2,-9.492E-2
33.027,4.071E-2,-9.514E-2
33.044,4.589E-2,-9.527E-2
33.061,5.151E-2,-9.531E-2
33.078,5.718E-2,-9.513E-2
33.095,6.304E-2,-9.491E-2
33.112,6.783E-2,-9.452E-2
33.129,7.218E-2,-9.428E-2
33.145,7.457E-2,-9.390E-2
33.162,7.553E-2,-9.373E-2
33.179,7.531E-2,-9.385E-2
33.196,7.337E-2,-9.409E-2
33.213,7.018E-2,-9.446E-2
33.230,6.530E-2,-9.473E-2
33.246,6.018E-2,-9.507E-2
33.263,5.442E-2,-9.530E-2
33.280,4.858E-2,-9.530E-2
33.297,4.336E-2,-9.528E-2
33.314,3.878E-2,-9.507E-2
33.331,3.529E-2,-9.490E-2
33.347,3.306E-2,-9.470E-2
33.364,3.256E-2,-9.470E-2
33.381,3.339E-2,-9.473E-2
33.398,3.600E-2,-9.493E-2
33.415,3.977E-2,-9.511E-2
33.432,4.463E-2,-9.528E-2
33.449,5.007E-2,-9.533E-2
33.465,5.555E-2,-9.512E-2
33.482,6.125E-2,-9.492E-2
33.499,6.681E-2,-9.467E-2
33.516,7.095E-2,-9.433E-2
33.533,7.412E-2,-9.405E-2
33.550,7.554E-2,-9.388E-2
33.566,7.547E-2,-9.390E-2
33.583,7.396E-2,-9.405E-2
33.600,7.069E-2,-9.431E-2
33.617,6.647E-2,-9.471E-2
33.634,6.148E-2,-9.506E-2
33.651,5.575E-2,-9.526E-2
33.667,4.989E-2,-9.534E-2
33.684,4.456E-2,-9.531E-2
33.701,3.969E-2,-9.514E-2
33.718,3.601E-2,-9.493E-2
33.735,3.348E-2,-9.470E-2
33.752,3.267E-2,-9.467E-2
33.769,3.320E-2,-9.471E-2
33.785,3.544E-2,-9.489E-2
33.802,3.888E-2,-9.509E-2
33.819,4.347E-2,-9.526E-2
33.836,4.862E-2,-9.534E-2
33.853,5.460E-2,-9.530E-2
33.870,6.026E-2,-9.508E-2
33.886,6.520E-2,-9.475E-2
33.903,7.010E-2,-9.449E-2
33.920,7.319E-2,-9.414E-2
33.937,7.507E-2,-9.392E-2
33.954,7.548E-2,-9.387E-2
33.971,7.441E-2,-9.406E-2
33.987,7.171E-2,-9.428E-2
34.004,6.780E-2,-9.466E-2
34.021,6.261E-2,-9.495E-2
34.038,5.695E-2,-9.515E-2
34.055,5.142E-2,-9.532E-2
34.072,4.594E-2,-9.529E-2
34.089,4.083E-2,-9.512E-2
34.105,3.675E-2,-9.491E-2
34.122,3.396E-2,-9.473E-2
34.139,3.288E-2,-9.471E-2
34.156,3.310E-2,-9.472E-2
34.173,3.498E-2,-9.488E-2
34.190,3.771E-2,-9.494E-2
34.206,4.208E-2,-9.515E-2
34.223,4.742E-2,-9.531E-2
34.240,5.302E-2,-9.529E-2
34.257,5.870E-2,-9.511E-2
34.274,6.421E-2,-9.488E-2
34.291,6.877E-2,-9.454E-2
34.307,7.262E-2,-9.427E-2
34.324,7.487E-2,-9.404E-2
34.341,7.539E-2,-9.390E-2
34.358,7.439E-2,-9.396E-2
34.375,7.244E-2,-9.425E-2
34.392,6.864E-2,-9.452E-2
34.409,6.412E-2,-9.485E-2
34.425,5.856E-2,-9.512E-2
34.442,5.298E-2,-9.530E-2
34.459,4.741E-2,-9.532E-2
34.476,4.210E-2,-9.516E-2
34.493,3.788E-2,-9.495E-2
34.510,3.476E-2,-9.476E-2
34.526,3.335E-2,-9.469E-2
34.543,3.319E-2,-9.468E-2
34.560,3.434E-2,-9.474E-2
34.577,3.724E-2,-9.491E-2
34.594,4.123E-2,-9.510E-2
34.611,4.576E-2,-9.518E-2
34.627,5.159E-2,-9.527E-2
34.644,5.704E-2,-9.512E-2
34.661,6.273E-2,-9.492E-2
34.678,6.739E-2,-9.452E-2
34.695,7.149E-2,-9.425E-2
34.712,7.414E-2,-9.403E-2
34.729,7.509E-2,-9.388E-2
34.745,7.464E-2,-9.392E-2
34.762,7.277E-2,-9.413E-2
34.779,6.968E-2,-9.446E-2
34.796,6.503E-2,-9.473E-2
34.813,6.016E-2,-9.509E-2
34.830,5.462E-2,-9.526E-2
34.846,4.890E-2,-9.532E-2
34.863,4.389E-2,-9.525E-2
34.880,3.924E-2,-9.512E-2
34.897,3.594E-2,-9.489E-2
34.914,3.367E-2,-9.470E-2
34.931,3.321E-2,-9.468E-2
34.947,3.403E-2,-9.474E-2
34.964,3.650E-2,-9.491E-2
34.981,4.022E-2,-9.508E-2
34.998,4.496E-2,-9.530E-2
35.015,5.010E-2,-9.532E-2
35.032,5.546E-2,-9.516E-2
35.049,6.098E-2,-9.494E-2
35.065,6.625E-2,-9.471E-2
35.082,7.027E-2,-9.432E-2
35.099,7.331E-2,-9.407E-2
35.116,7.469E-2,-9.390E-2
35.133,7.466E-2,-9.391E-2
35.150,7.330E-2,-9.407E-2
35.166,7.026E-2,-9.432E-2
35.183,6.619E-2,-9.468E-2
35.200,6.085E-2,-9.492E-2
35.217,5.541E-2,-9.515E-2
35.234,5.007E-2,-9.530E-2
35.251,4.441E-2,-9.515E-2
35.267,4.022E-2,-9.507E-2
35.284,3.654E-2,-9.488E-2
35.301,3.402E-2,-9.471E-2
35.318,3.323E-2,-9.467E-2
35.335,3.372E-2,-9.472E-2
35.352,3.581E-2,-9.490E-2
35.369,3.920E-2,-9.505E-2
35.385,4.317E-2,-9.515E-2
35.402,4.877E-2,-9.528E-2
35.419,5.438E-2,-9.529E-2
35.436,5.979E-2,-9.509E-2
35.453,6.455E-2,-9.472E-2
35.470,6.932E-2,-9.449E-2
35.486,7.232E-2,-9.409E-2
35.503,7.412E-2,-9.392E-2
35.520,7.456E-2,-9.388E-2
35.537,7.359E-2,-9.405E-2
35.554,7.105E-2,-9.427E-2
35.571,6.699E-2,-9.452E-2
35.587,6.247E-2,-9.488E-2
35.604,5.690E-2,-9.512E-2
35.621,5.150E-2,-9.530E-2
35.638,4.631E-2,-9.528E-2
35.655,4.136E-2,-9.514E-2
35.672,3.736E-2,-9.493E-2
35.689,3.457E-2,-9.475E-2
35.705,3.348E-2,-9.466E-2
35.722,3.360E-2,-9.469E-2
35.739,3.536E-2,-9.488E-2
35.756,3.798E-2,-9.492E-2
35.773,4.212E-2,-9.514E-2
35.790,4.678E-2,-9.517E-2
35.806,5.215E-2,-9.514E-2
35.823,5.806E-2,-9.510E-2
35.840,6.291E-2,-9.472E-2
35.857,6.777E-2,-9.448E-2
35.874,7.105E-2,-9.411E-2
35.891,7.346E-2,-9.390E-2
35.907,7.445E-2,-9.385E-2
35.924,7.362E-2,-9.390E-2
35.941,7.143E-2,-9.410E-2
35.958,6.810E-2,-9.447E-2
35.975,6.340E-2,-9.473E-2
35.992,5.799E-2,-9.492E-2
36.009,5.273E-2,-9.514E-2
36.025,4.723E-2,-9.514E-2
36.042,4.257E-2,-9.510E-2
36.059,3.834E-2,-9.490E-2
36.076,3.530E-2,-9.471E-2
36.093,3.383E-2,-9.466E-2
36.110,3.357E-2,-9.468E-2
36.126,3.460E-2,-9.472E-2
36.143,3.732E-2,-9.489E-2
36.160,4.114E-2,-9.511E-2
36.177,4.548E-2,-9.513E-2
36.194,5.066E-2,-9.511E-2
36.211,5.650E-2,-9.509E-2
36.227,6.182E-2,-9.489E-2
36.244,6.628E-2,-9.453E-2
36.261,7.040E-2,-9.428E-2
36.278,7.313E-2,-9.403E-2
36.295,7.414E-2,-9.388E-2
36.312,7.380E-2,-9.393E-2
36.329,7.205E-2,-9.412E-2
36.345,6.875E-2,-9.434E-2
36.362,6.482E-2,-9.470E-2
36.379,5.951E-2,-9.495E-2
36.396,5.422E-2,-9.513E-2
36.413,4.856E-2,-9.513E-2
36.430,4.373E-2,-9.514E-2
36.446,3.934E-2,-9.493E-2
36.463,3.642E-2,-9.487E-2
36.480,3.423E-2,-9.470E-2
36.497,3.360E-2,-9.467E-2
36.514,3.435E-2,-9.472E-2
36.531,3.675E-2,-9.487E-2
36.547,4.025E-2,-9.510E-2
36.564,4.432E-2,-9.512E-2
36.581,4.916E-2,-9.514E-2
36.598,5.485E-2,-9.511E-2
36.615,6.013E-2,-9.493E-2
36.632,6.535E-2,-9.468E-2
36.649,6.918E-2,-9.433E-2
36.665,7.229E-2,-9.407E-2
36.682,7.374E-2,-9.389E-2
36.699,7.383E-2,-9.390E-2
36.716,7.262E-2,-9.407E-2
36.733,6.981E-2,-9.430E-2
36.750,6.561E-2,-9.456E-2
36.766,6.111E-2,-9.492E-2
36.783,5.588E-2,-9.512E-2
36.800,5.012E-2,-9.516E-2
36.817,4.514E-2,-9.511E-2
36.834,4.083E-2,-9.507E-2
36.851,3.721E-2,-9.492E-2
36.867,3.471E-2,-9.470E-2
36.884,3.381E-2,-9.469E-2
36.901,3.414E-2,-9.472E-2
36.918,3.616E-2,-9.490E-2
36.935,3.940E-2,-9.504E-2
36.952,4.313E-2,-9.516E-2
36.969,4.843E-2,-9.529E-2
36.985,5.326E-2,-9.515E-2
37.002,5.853E-2,-9.495E-2
37.019,6.374E-2,-9.470E-2
37.036,6.829E-2,-9.450E-2
37.053,7.176E-2,-9.426E-2
37.070,7.372E-2,-9.405E-2
37.086,7.390E-2,-9.393E-2
37.103,7.313E-2,-9.405E-2
37.120,7.075E-2,-9.430E-2
37.137,6.693E-2,-9.453E-2
37.154,6.268E-2,-9.487E-2
37.171,5.745E-2,-9.512E-2
37.187,5.228E-2,-9.528E-2
37.204,4.703E-2,-9.531E-2
37.221,4.214E-2,-9.514E-2
37.238,3.812E-2,-9.494E-2
37.255,3.574E-2,-9.490E-2
37.272,3.413E-2,-9.473E-2
37.289,3.414E-2,-9.474E-2
37.305,3.578E-2,-9.489E-2
37.322,3.818E-2,-9.493E-2
37.339,4.220E-2,-9.512E-2
37.356,4.713E-2,-9.527E-2
37.373,5.232E-2,-9.530E-2
37.390,5.752E-2,-9.512E-2
37.406,6.271E-2,-9.490E-2
37.423,6.687E-2,-9.455E-2
37.440,7.073E-2,-9.432E-2
37.457,7.306E-2,-9.409E-2
37.474,7.374E-2,-9.392E-2
37.491,7.347E-2,-9.403E-2
37.507,7.154E-2,-9.428E-2
37.524,6.818E-2,-9.450E-2
37.541,6.413E-2,-9.485E-2
37.558,5.907E-2,-9.512E-2
37.575,5.387E-2,-9.528E-2
37.592,4.852E-2,-9.532E-2
37.609,4.386E-2,-9.526E-2
37.625,3.967E-2,-9.513E-2
37.642,3.658E-2,-9.495E-2
37.659,3.499E-2,-9.488E-2
37.676,3.418E-2,-9.476E-2
37.693,3.553E-2,-9.490E-2
37.710,3.799E-2,-9.508E-2
37.726,4.127E-2,-9.517E-2
37.743,4.600E-2,-9.531E-2
37.760,5.099E-2,-9.530E-2
37.777,5.594E-2,-9.514E-2
37.794,6.122E-2,-9.495E-2
37.811,6.605E-2,-9.473E-2
37.827,7.005E-2,-9.445E-2
37.844,7.236E-2,-9.415E-2
37.861,7.392E-2,-9.405E-2
37.878,7.376E-2,-9.405E-2
37.895,7.228E-2,-9.424E-2
37.912,6.934E-2,-9.450E-2
37.929,6.515E-2,-9.474E-2
37.945,6.026E-2,-9.495E-2
37.962,5.505E-2,-9.516E-2
37.979,5.008E-2,-9.531E-2
37.996,4.524E-2,-9.529E-2
38.013,4.073E-2,-9.512E-2
38.030,3.729E-2,-9.493E-2
38.046,3.503E-2,-9.475E-2
38.063,3.433E-2,-9.473E-2
38.080,3.487E-2,-9.473E-2
38.097,3.697E-2,-9.492E-2
38.114,4.033E-2,-9.508E-2
38.131,4.424E-2,-9.515E-2
38.147,4.945E-2,-9.530E-2
38.164,5.426E-2,-9.513E-2
38.181,5.942E-2,-9.492E-2
38.198,6.438E-2,-9.473E-2
38.215,6.870E-2,-9.449E-2
38.232,7.184E-2,-9.424E-2
38.249,7.346E-2,-9.406E-2
38.265,7.343E-2,-9.395E-2
38.282,7.243E-2,-9.410E-2
38.299,6.990E-2,-9.434E-2
38.316,6.646E-2,-9.469E-2
38.333,6.179E-2,-9.492E-2
38.350,5.669E-2,-9.513E-2
38.366,5.163E-2,-9.528E-2
38.383,4.660E-2,-9.531E-2
38.400,4.184E-2,-9.511E-2
38.417,3.812E-2,-9.493E-2
38.434,3.599E-2,-9.490E-2
38.451,3.456E-2,-9.475E-2
38.467,3.477E-2,-9.473E-2
38.484,3.659E-2,-9.490E-2
38.501,3.952E-2,-9.507E-2
38.518,4.312E-2,-9.515E-2
38.535,4.810E-2,-9.528E-2
38.552,5.326E-2,-9.526E-2
38.569,5.837E-2,-9.510E-2
38.585,6.333E-2,-9.489E-2
38.602,6.779E-2,-9.467E-2
38.619,7.075E-2,-9.435E-2
38.636,7.280E-2,-9.411E-2
38.653,7.361E-2,-9.407E-2
38.670,7.272E-2,-9.410E-2
38.686,7.067E-2,-9.430E-2
38.703,6.720E-2,-9.453E-2
38.720,6.317E-2,-9.491E-2
38.737,5.817E-2,-9.510E-2
38.754,5.313E-2,-9.531E-2
38.771,4.803E-2,-9.530E-2
38.787,4.312E-2,-9.516E-2
38.804,3.960E-2,-9.505E-2
38.821,3.669E-2,-9.491E-2
38.838,3.480E-2,-9.475E-2
38.855,3.462E-2,-9.473E-2
38.872,3.608E-2,-9.486E-2
38.889,3.826E-2,-9.495E-2
38.905,4.199E-2,-9.512E-2
38.922,4.668E-2,-9.527E-2
38.939,5.170E-2,-9.530E-2
38.956,5.661E-2,-9.515E-2
38.973,6.167E-2,-9.491E-2
38.990,6.630E-2,-9.470E-2
39.006,6.954E-2,-9.434E-2
39.023,7.203E-2,-9.411E-2
39.040,7.335E-2,-9.402E-2
39.057,7.298E-2,-9.409E-2
39.074,7.141E-2,-9.426E-2
39.091,6.838E-2,-9.450E-2
39.107,6.417E-2,-9.476E-2
39.124,5.975E-2,-9.508E-2
39.141,5.423E-2,-9.516E-2
39.158,4.958E-2,-9.528E-2
39.175,4.433E-2,-9.516E-2
39.192,4.058E-2,-9.509E-2
39.209,3.735E-2,-9.489E-2
39.225,3.565E-2,-9.486E-2
39.242,3.461E-2,-9.474E-2
39.259,3.573E-2,-9.485E-2
39.276,3.771E-2,-9.493E-2
39.293,4.099E-2,-9.510E-2
39.310,4.490E-2,-9.512E-2
39.326,5.013E-2,-9.528E-2
39.343,5.489E-2,-9.514E-2
39.360,5.985E-2,-9.492E-2
39.377,6.463E-2,-9.472E-2
39.394,6.871E-2,-9.449E-2
39.411,7.161E-2,-9.426E-2
39.427,7.299E-2,-9.410E-2
39.444,7.319E-2,-9.407E-2
39.461,7.199E-2,-9.424E-2
39.478,6.943E-2,-9.447E-2
39.495,6.552E-2,-9.474E-2
39.512,6.091E-2,-9.497E-2
39.529,5.591E-2,-9.514E-2
39.545,5.106E-2,-9.525E-2
39.562,4.622E-2,-9.528E-2
39.579,4.169E-2,-9.514E-2
39.596,3.815E-2,-9.493E-2
39.613,3.619E-2,-9.488E-2
39.630,3.488E-2,-9.472E-2
39.646,3.514E-2,-9.476E-2
39.663,3.714E-2,-9.487E-2
39.680,4.019E-2,-9.506E-2
39.697,4.380E-2,-9.513E-2
39.714,4.823E-2,-9.516E-2
39.731,5.333E-2,-9.514E-2
39.747,5.822E-2,-9.492E-2
39.764,6.303E-2,-9.473E-2
39.781,6.740E-2,-9.449E-2
39.798,7.061E-2,-9.428E-2
39.815,7.242E-2,-9.410E-2
39.832,7.290E-2,-9.405E-2
39.849,7.156E-2,-9.415E-2
39.865,6.957E-2,-9.446E-2
39.882,6.605E-2,-9.472E-2
39.899,6.174E-2,-9.496E-2
39.916,5.723E-2,-9.513E-2
39.933,5.196E-2,-9.515E-2
39.950,4.730E-2,-9.513E-2
39.966,4.312E-2,-9.510E-2
39.983,3.961E-2,-9.487E-2
40.000,3.676E-2,-9.471E-2
40.017,3.533E-2,-9.456E-2
40.034,3.523E-2,-9.454E-2
40.051,3.652E-2,-9.470E-2
40.067,3.911E-2,-9.490E-2
40.084,4.292E-2,-9.509E-2
40.101,4.713E-2,-9.512E-2
40.118,5.211E-2,-9.513E-2
40.135,5.747E-2,-9.509E-2
40.152,6.233E-2,-9.491E-2
40.169,6.631E-2,-9.453E-2
40.185,6.992E-2,-9.430E-2
40.202,7.219E-2,-9.410E-2
40.219,7.290E-2,-9.392E-2
40.236,7.278E-2,-9.405E-2
40.253,7.102E-2,-9.426E-2
40.270,6.794E-2,-9.451E-2
40.286,6.380E-2,-9.475E-2
40.303,5.899E-2,-9.495E-2
40.320,5.407E-2,-9.511E-2
40.337,4.896E-2,-9.514E-2
40.354,4.446E-2,-9.510E-2
40.371,4.037E-2,-9.493E-2
40.387,3.770E-2,-9.487E-2
40.404,3.573E-2,-9.469E-2
40.421,3.526E-2,-9.470E-2
40.438,3.606E-2,-9.473E-2
40.455,3.845E-2,-9.490E-2
40.472,4.195E-2,-9.507E-2
40.489,4.564E-2,-9.515E-2
40.505,5.087E-2,-9.529E-2
40.522,5.570E-2,-9.511E-2
40.539,6.089E-2,-9.493E-2
40.556,6.576E-2,-9.465E-2
40.573,6.948E-2,-9.434E-2
40.590,7.215E-2,-9.409E-2
40.606,7.325E-2,-9.393E-2
40.623,7.283E-2,-9.394E-2
40.640,7.148E-2,-9.410E-2
40.657,6.882E-2,-9.446E-2
40.674,6.492E-2,-9.470E-2
40.691,6.042E-2,-9.506E-2
40.707,5.548E-2,-9.528E-2
40.724,5.041E-2,-9.545E-2
40.741,4.545E-2,-9.535E-2
40.758,4.141E-2,-9.516E-2
40.775,3.853E-2,-9.507E-2
40.792,3.618E-2,-9.494E-2
40.809,3.552E-2,-9.487E-2
40.825,3.589E-2,-9.489E-2
40.842,3.784E-2,-9.507E-2
40.859,4.062E-2,-9.513E-2
40.876,4.466E-2,-9.529E-2
40.893,4.910E-2,-9.533E-2
40.910,5.416E-2,-9.532E-2
40.926,5.903E-2,-9.511E-2
40.943,6.368E-2,-9.490E-2
40.960,6.774E-2,-9.467E-2
40.977,7.035E-2,-9.435E-2
40.994,7.231E-2,-9.422E-2
41.011,7.273E-2,-9.422E-2
41.027,7.159E-2,-9.430E-2
41.044,6.935E-2,-9.451E-2
41.061,6.586E-2,-9.475E-2
41.078,6.156E-2,-9.498E-2
41.095,5.723E-2,-9.528E-2
41.112,5.209E-2,-9.532E-2
41.129,4.727E-2,-9.533E-2
41.145,4.312E-2,-9.531E-2
41.162,3.947E-2,-9.514E-2
41.179,3.674E-2,-9.493E-2
41.196,3.563E-2,-9.490E-2
41.213,3.570E-2,-9.489E-2
41.230,3.696E-2,-9.493E-2
41.246,3.964E-2,-9.513E-2
41.263,4.340E-2,-9.528E-2
41.280,4.765E-2,-9.533E-2
41.297,5.251E-2,-9.534E-2
41.314,5.720E-2,-9.513E-2
41.331,6.191E-2,-9.495E-2
41.347,6.624E-2,-9.471E-2
41.364,6.954E-2,-9.449E-2
41.381,7.162E-2,-9.427E-2
41.398,7.258E-2,-9.425E-2
41.415,7.196E-2,-9.430E-2
41.432,7.019E-2,-9.447E-2
41.449,6.707E-2,-9.473E-2
41.465,6.300E-2,-9.496E-2
41.482,5.837E-2,-9.515E-2
41.499,5.363E-2,-9.531E-2
41.516,4.878E-2,-9.531E-2
41.533,4.444E-2,-9.529E-2
41.550,4.053E-2,-9.513E-2
41.566,3.794E-2,-9.506E-2
41.583,3.614E-2,-9.490E-2
41.600,3.580E-2,-9.493E-2
41.617,3.663E-2,-9.495E-2
41.634,3.907E-2,-9.510E-2
41.651,4.217E-2,-9.515E-2
41.667,4.657E-2,-9.527E-2
41.684,5.112E-2,-9.533E-2
41.701,5.574E-2,-9.513E-2
41.718,6.043E-2,-9.494E-2
41.735,6.485E-2,-9.473E-2
41.752,6.850E-2,-9.451E-2
41.769,7.092E-2,-9.431E-2
41.785,7.200E-2,-9.413E-2
41.802,7.180E-2,-9.414E-2
41.819,7.053E-2,-9.430E-2
41.836,6.788E-2,-9.452E-2
41.853,6.399E-2,-9.475E-2
41.870,5.946E-2,-9.497E-2
41.886,5.482E-2,-9.514E-2
41.903,5.027E-2,-9.529E-2
41.920,4.579E-2,-9.529E-2
41.937,4.156E-2,-9.513E-2
41.954,3.828E-2,-9.494E-2
41.971,3.655E-2,-9.485E-2
41.987,3.581E-2,-9.488E-2
42.004,3.627E-2,-9.489E-2
42.021,3.785E-2,-9.496E-2
42.038,4.095E-2,-9.512E-2
42.055,4.457E-2,-9.516E-2
42.072,4.953E-2,-9.529E-2
42.089,5.394E-2,-9.516E-2
42.105,5.863E-2,-9.492E-2
42.122,6.314E-2,-9.475E-2
42.139,6.711E-2,-9.451E-2
42.156,7.004E-2,-9.429E-2
42.173,7.145E-2,-9.411E-2
42.190,7.173E-2,-9.413E-2
42.206,7.051E-2,-9.415E-2
42.223,6.814E-2,-9.432E-2
42.240,6.464E-2,-9.454E-2
42.257,6.096E-2,-9.488E-2
42.274,5.625E-2,-9.510E-2
42.291,5.115E-2,-9.514E-2
42.307,4.640E-2,-9.516E-2
42.324,4.255E-2,-9.512E-2
42.341,3.900E-2,-9.491E-2
42.358,3.689E-2,-9.488E-2
42.375,3.544E-2,-9.473E-2
42.392,3.557E-2,-9.474E-2
42.409,3.731E-2,-9.487E-2
42.425,3.953E-2,-9.493E-2
42.442,4.336E-2,-9.512E-2
42.459,4.746E-2,-9.513E-2
42.476,5.220E-2,-9.512E-2
42.493,5.678E-2,-9.490E-2
42.510,6.136E-2,-9.472E-2
42.526,6.556E-2,-9.449E-2
42.543,6.874E-2,-9.431E-2
42.560,7.074E-2,-9.411E-2
42.577,7.163E-2,-9.408E-2
42.594,7.094E-2,-9.413E-2
42.611,6.915E-2,-9.430E-2
42.627,6.603E-2,-9.453E-2
42.644,6.199E-2,-9.473E-2
42.661,5.737E-2,-9.492E-2
42.678,5.277E-2,-9.512E-2
42.695,4.796E-2,-9.511E-2
42.712,4.378E-2,-9.512E-2
42.729,3.983E-2,-9.495E-2
42.745,3.752E-2,-9.488E-2
42.762,3.564E-2,-9.473E-2
42.779,3.540E-2,-9.474E-2
42.796,3.630E-2,-9.471E-2
42.813,3.879E-2,-9.488E-2
42.830,4.219E-2,-9.509E-2
42.846,4.597E-2,-9.514E-2
42.863,5.060E-2,-9.511E-2
42.880,5.567E-2,-9.509E-2
42.897,6.027E-2,-9.492E-2
42.914,6.462E-2,-9.470E-2
42.931,6.815E-2,-9.448E-2
42.947,7.047E-2,-9.426E-2
42.964,7.135E-2,-9.413E-2
42.981,7.114E-2,-9.414E-2
42.998,6.987E-2,-9.428E-2
43.015,6.715E-2,-9.450E-2
43.032,6.335E-2,-9.475E-2
43.049,5.897E-2,-9.493E-2
43.065,5.437E-2,-9.514E-2
43.082,4.937E-2,-9.513E-2
43.099,4.496E-2,-9.514E-2
43.116,4.135E-2,-9.510E-2
43.133,3.818E-2,-9.489E-2
43.150,3.655E-2,-9.486E-2
43.166,3.535E-2,-9.475E-2
43.183,3.642E-2,-9.488E-2
43.200,3.799E-2,-9.494E-2
43.217,4.117E-2,-9.510E-2
43.234,4.469E-2,-9.512E-2
43.251,4.893E-2,-9.513E-2
43.267,5.388E-2,-9.511E-2
43.284,5.842E-2,-9.490E-2
43.301,6.279E-2,-9.471E-2
43.318,6.668E-2,-9.451E-2
43.335,6.950E-2,-9.431E-2
43.352,7.086E-2,-9.410E-2
43.369,7.120E-2,-9.409E-2
43.385,6.991E-2,-9.414E-2
43.402,6.760E-2,-9.430E-2
43.419,6.416E-2,-9.454E-2
43.436,6.056E-2,-9.489E-2
43.453,5.613E-2,-9.508E-2
43.470,5.107E-2,-9.515E-2
43.486,4.653E-2,-9.511E-2
43.503,4.270E-2,-9.511E-2
43.520,3.922E-2,-9.493E-2
43.537,3.671E-2,-9.472E-2
43.554,3.577E-2,-9.472E-2
43.571,3.600E-2,-9.471E-2
43.587,3.722E-2,-9.474E-2
43.604,3.996E-2,-9.490E-2
43.621,4.315E-2,-9.493E-2
43.638,4.792E-2,-9.509E-2
43.655,5.184E-2,-9.491E-2
43.672,5.698E-2,-9.488E-2
43.689,6.153E-2,-9.471E-2
43.705,6.555E-2,-9.448E-2
43.722,6.866E-2,-9.431E-2
43.739,7.053E-2,-9.412E-2
43.756,7.133E-2,-9.408E-2
43.773,7.048E-2,-9.408E-2
43.790,6.828E-2,-9.433E-2
43.806,6.515E-2,-9.450E-2
43.823,6.109E-2,-9.470E-2
43.840,5.679E-2,-9.490E-2
43.857,5.269E-2,-9.508E-2
43.874,4.807E-2,-9.511E-2
43.891,4.364E-2,-9.491E-2
43.907,4.061E-2,-9.488E-2
43.924,3.797E-2,-9.469E-2
43.941,3.670E-2,-9.467E-2
43.958,3.617E-2,-9.471E-2
43.975,3.694E-2,-9.471E-2
43.992,3.936E-2,-9.489E-2
44.009,4.213E-2,-9.493E-2
44.025,4.587E-2,-9.492E-2
44.042,5.024E-2,-9.490E-2
44.059,5.523E-2,-9.492E-2
44.076,5.980E-2,-9.470E-2
44.093,6.393E-2,-9.449E-2
44.110,6.745E-2,-9.431E-2
44.126,6.972E-2,-9.412E-2
44.143,7.111E-2,-9.410E-2
44.160,7.085E-2,-9.408E-2
44.177,6.905E-2,-9.409E-2
44.194,6.632E-2,-9.430E-2
44.211,6.253E-2,-9.454E-2
44.228,5.833E-2,-9.472E-2
44.244,5.386E-2,-9.490E-2
44.261,4.892E-2,-9.492E-2
44.278,4.470E-2,-9.490E-2
44.295,4.123E-2,-9.488E-2
44.312,3.800E-2,-9.474E-2
44.329,3.651E-2,-9.469E-2
44.345,3.603E-2,-9.469E-2
44.362,3.654E-2,-9.468E-2
44.379,3.802E-2,-9.473E-2
44.396,4.113E-2,-9.491E-2
44.413,4.448E-2,-9.491E-2
44.430,4.865E-2,-9.494E-2
44.446,5.349E-2,-9.490E-2
44.463,5.789E-2,-9.471E-2
44.480,6.217E-2,-9.451E-2
44.497,6.594E-2,-9.429E-2
44.514,6.856E-2,-9.409E-2
44.531,7.055E-2,-9.410E-2
44.548,7.091E-2,-9.410E-2
44.564,6.954E-2,-9.412E-2
44.581,6.741E-2,-9.429E-2
44.598,6.399E-2,-9.453E-2
44.615,5.990E-2,-9.473E-2
44.632,5.548E-2,-9.492E-2
44.649,5.051E-2,-9.493E-2
44.665,4.668E-2,-9.509E-2
44.682,4.240E-2,-9.491E-2
44.699,3.958E-2,-9.488E-2
44.716,3.699E-2,-9.473E-2
44.733,3.622E-2,-9.471E-2
44.750,3.638E-2,-9.472E-2
44.766,3.753E-2,-9.471E-2
44.783,4.032E-2,-9.490E-2
44.800,4.336E-2,-9.494E-2
44.817,4.728E-2,-9.492E-2
44.834,5.187E-2,-9.490E-2
44.851,5.612E-2,-9.470E-2
44.868,6.119E-2,-9.470E-2
44.884,6.511E-2,-9.448E-2
