,mass A,,
t,x,y,
0.000,-1.898E-2,-0.104
0.017,-1.873E-2,-0.104
0.034,-1.859E-2,-0.104
0.051,-1.930E-2,-0.104
0.067,-1.909E-2,-0.104
0.084,-1.910E-2,-0.104
0.101,-1.922E-2,-0.104
0.118,-1.921E-2,-0.103
0.135,-1.920E-2,-0.104
0.152,-1.906E-2,-0.104
0.168,-1.906E-2,-0.104
0.185,-1.927E-2,-0.103
0.202,-1.939E-2,-0.103
0.219,-1.931E-2,-0.103
0.236,-1.918E-2,-0.104
0.253,-1.922E-2,-0.104
0.270,-1.924E-2,-0.104
0.286,-1.923E-2,-0.104
0.303,-1.904E-2,-0.104
0.320,-1.890E-2,-0.104
0.337,-1.887E-2,-0.104
0.354,-1.895E-2,-0.104
0.371,-1.903E-2,-0.103
0.387,-1.901E-2,-0.103
0.404,-1.903E-2,-0.104
0.421,-1.907E-2,-0.104
0.438,-1.920E-2,-0.103
0.455,-1.931E-2,-0.103
0.472,-1.931E-2,-0.104
0.489,-1.934E-2,-0.104
0.505,-1.934E-2,-0.104
0.522,-1.945E-2,-0.104
0.539,-1.941E-2,-0.104
0.556,-1.937E-2,-0.104
0.573,-1.928E-2,-0.104
0.590,-1.933E-2,-0.104
0.606,-1.941E-2,-0.104
0.623,-1.938E-2,-0.103
0.640,-1.927E-2,-0.103
0.657,-1.918E-2,-0.104
0.674,-1.917E-2,-0.104
0.691,-1.919E-2,-0.103
0.708,-1.920E-2,-0.103
0.724,-1.918E-2,-0.104
0.741,-1.905E-2,-0.104
0.758,-1.899E-2,-0.104
0.775,-1.894E-2,-0.104
0.792,-1.885E-2,-0.104
0.809,-1.868E-2,-0.104
0.825,-1.857E-2,-0.104
0.842,-1.852E-2,-0.104
0.859,-1.854E-2,-0.104
0.876,-1.860E-2,-0.104
0.893,-1.855E-2,-0.104
0.910,-1.863E-2,-0.104
0.927,-1.880E-2,-0.103
0.943,-1.896E-2,-0.103
0.960,-1.913E-2,-0.103
0.977,-1.920E-2,-0.104
0.994,-1.923E-2,-0.104
1.011,-1.924E-2,-0.104
1.028,-1.930E-2,-0.104
1.044,-1.938E-2,-0.104
1.061,-1.939E-2,-0.104
1.078,-1.939E-2,-0.104
1.095,-1.939E-2,-0.104
1.112,-1.936E-2,-0.104
1.129,-1.933E-2,-0.103
1.146,-1.922E-2,-0.103
1.162,-1.902E-2,-0.103
1.179,-1.893E-2,-0.104
1.196,-1.899E-2,-0.103
1.213,-1.908E-2,-0.103
1.230,-1.915E-2,-0.104
1.247,-1.930E-2,-0.104
1.263,-1.932E-2,-0.104
1.280,-1.930E-2,-0.104
1.297,-1.932E-2,-0.104
1.314,-1.927E-2,-0.104
1.331,-1.923E-2,-0.104
1.348,-1.928E-2,-0.104
1.365,-1.932E-2,-0.104
1.381,-1.938E-2,-0.104
1.398,-1.934E-2,-0.104
1.415,-1.935E-2,-0.104
1.432,-1.929E-2,-0.104
1.449,-1.930E-2,-0.104
1.466,-1.937E-2,-0.104
1.482,-1.944E-2,-0.104
1.499,-1.956E-2,-0.104
1.516,-1.966E-2,-0.104
1.533,-1.976E-2,-0.104
1.550,-1.978E-2,-0.104
1.567,-1.971E-2,-0.104
1.584,-1.958E-2,-0.104
1.600,-1.938E-2,-0.104
1.617,-1.924E-2,-0.104
1.634,-1.907E-2,-0.104
1.651,-1.897E-2,-0.104
1.668,-1.892E-2,-0.104
1.685,-1.885E-2,-0.104
1.701,-1.882E-2,-0.104
1.718,-1.879E-2,-0.104
1.735,-1.878E-2,-0.104
1.752,-1.877E-2,-0.104
1.769,-1.882E-2,-0.104
1.786,-1.882E-2,-0.104
1.803,-1.881E-2,-0.104
1.819,-1.882E-2,-0.104
1.836,-1.881E-2,-0.104
1.853,-1.876E-2,-0.104
1.870,-1.873E-2,-0.104
1.887,-1.869E-2,-0.104
1.904,-1.870E-2,-0.104
1.920,-1.872E-2,-0.104
1.937,-1.874E-2,-0.104
1.954,-1.876E-2,-0.104
1.971,-1.879E-2,-0.104
1.988,-1.876E-2,-0.104
2.005,-1.874E-2,-0.104
2.022,-1.873E-2,-0.104
2.038,-1.875E-2,-0.104
2.055,-1.876E-2,-0.104
2.072,-1.880E-2,-0.104
2.089,-1.877E-2,-0.104
2.106,-1.877E-2,-0.104
2.123,-1.869E-2,-0.104
2.139,-1.864E-2,-0.104
2.156,-1.856E-2,-0.104
2.173,-1.850E-2,-0.104
2.190,-1.845E-2,-0.104
2.207,-1.840E-2,-0.104
2.224,-1.840E-2,-0.104
2.240,-1.843E-2,-0.104
2.257,-1.841E-2,-0.104
2.274,-1.842E-2,-0.104
2.291,-1.845E-2,-0.104
2.308,-1.859E-2,-0.104
2.325,-1.878E-2,-0.104
2.342,-1.895E-2,-0.104
2.358,-1.905E-2,-0.104
2.375,-1.903E-2,-0.104
2.392,-1.891E-2,-0.104
2.409,-1.878E-2,-0.104
2.426,-1.863E-2,-0.104
2.443,-1.850E-2,-0.104
2.459,-1.848E-2,-0.104
2.476,-1.856E-2,-0.104
2.493,-1.871E-2,-0.104
2.510,-1.889E-2,-0.104
2.527,-1.912E-2,-0.104
2.544,-1.923E-2,-0.104
2.561,-1.922E-2,-0.104
2.577,-1.913E-2,-0.104
2.594,-1.897E-2,-0.104
2.611,-1.879E-2,-0.104
2.628,-1.865E-2,-0.104
2.645,-1.856E-2,-0.104
2.662,-1.856E-2,-0.104
2.678,-1.860E-2,-0.104
2.695,-1.867E-2,-0.104
2.712,-1.874E-2,-0.104
2.729,-1.884E-2,-0.104
2.746,-1.883E-2,-0.104
2.763,-1.878E-2,-0.104
2.780,-1.870E-2,-0.104
2.796,-1.859E-2,-0.104
2.813,-1.846E-2,-0.104
2.830,-1.835E-2,-0.104
2.847,-1.827E-2,-0.104
2.864,-1.815E-2,-0.104
2.881,-1.805E-2,-0.104
2.897,-1.799E-2,-0.104
2.914,-1.796E-2,-0.104
2.931,-1.801E-2,-0.104
2.948,-1.805E-2,-0.104
2.965,-1.814E-2,-0.104
2.982,-1.823E-2,-0.104
2.999,-1.832E-2,-0.104
3.015,-1.839E-2,-0.104
3.032,-1.841E-2,-0.104
3.049,-1.841E-2,-0.104
3.066,-1.841E-2,-0.104
3.083,-1.843E-2,-0.104
3.100,-1.840E-2,-0.104
3.116,-1.840E-2,-0.104
3.133,-1.839E-2,-0.104
3.150,-1.838E-2,-0.104
3.167,-1.839E-2,-0.104
3.184,-1.841E-2,-0.104
3.201,-1.841E-2,-0.104
3.218,-1.844E-2,-0.104
3.234,-1.848E-2,-0.104
3.251,-1.853E-2,-0.104
3.268,-1.857E-2,-0.104
3.285,-1.859E-2,-0.104
3.302,-1.859E-2,-0.104
3.319,-1.859E-2,-0.104
3.335,-1.853E-2,-0.104
3.352,-1.849E-2,-0.104
3.369,-1.846E-2,-0.104
3.386,-1.844E-2,-0.104
3.403,-1.844E-2,-0.104
3.420,-1.847E-2,-0.104
3.437,-1.851E-2,-0.104
3.453,-1.853E-2,-0.104
3.470,-1.853E-2,-0.104
3.487,-1.846E-2,-0.104
3.504,-1.835E-2,-0.104
3.521,-1.819E-2,-0.104
3.538,-1.803E-2,-0.104
3.554,-1.788E-2,-0.104
3.571,-1.779E-2,-0.104
3.588,-1.768E-2,-0.104
3.605,-1.760E-2,-0.104
3.622,-1.758E-2,-0.104
3.639,-1.758E-2,-0.104
3.656,-1.762E-2,-0.104
3.672,-1.771E-2,-0.104
3.689,-1.785E-2,-0.104
3.706,-1.792E-2,-0.104
3.723,-1.798E-2,-0.104
3.740,-1.798E-2,-0.104
3.757,-1.798E-2,-0.104
3.773,-1.798E-2,-0.104
3.790,-1.803E-2,-0.104
3.807,-1.802E-2,-0.104
3.824,-1.802E-2,-0.104
3.841,-1.801E-2,-0.104
3.858,-1.801E-2,-0.104
3.875,-1.802E-2,-0.104
3.891,-1.801E-2,-0.104
3.908,-1.801E-2,-0.104
3.925,-1.800E-2,-0.104
3.942,-1.800E-2,-0.104
3.959,-1.796E-2,-0.104
3.976,-1.794E-2,-0.104
3.992,-1.795E-2,-0.104
4.009,-1.796E-2,-0.104
4.026,-1.797E-2,-0.104
4.043,-1.791E-2,-0.104
4.060,-1.786E-2,-0.104
4.077,-1.777E-2,-0.104
4.094,-1.775E-2,-0.104
4.110,-1.775E-2,-0.104
4.127,-1.780E-2,-0.104
4.144,-1.780E-2,-0.104
4.161,-1.780E-2,-0.104
4.178,-1.784E-2,-0.104
4.195,-1.791E-2,-0.104
4.211,-1.802E-2,-0.104
4.228,-1.810E-2,-0.104
4.245,-1.821E-2,-0.104
4.262,-1.829E-2,-0.104
4.279,-1.836E-2,-0.104
4.296,-1.837E-2,-0.104
4.313,-1.833E-2,-0.104
4.329,-1.829E-2,-0.104
4.346,-1.825E-2,-0.104
4.363,-1.819E-2,-0.104
4.380,-1.818E-2,-0.104
4.397,-1.818E-2,-0.104
4.414,-1.822E-2,-0.104
4.430,-1.826E-2,-0.104
4.447,-1.833E-2,-0.104
4.464,-1.841E-2,-0.104
4.481,-1.847E-2,-0.104
4.498,-1.848E-2,-0.104
4.515,-1.851E-2,-0.104
4.532,-1.852E-2,-0.104
4.548,-1.847E-2,-0.104
4.565,-1.844E-2,-0.104
4.582,-1.842E-2,-0.104
4.599,-1.841E-2,-0.104
4.616,-1.841E-2,-0.104
4.633,-1.843E-2,-0.104
4.649,-1.842E-2,-0.104
4.666,-1.842E-2,-0.104
4.683,-1.836E-2,-0.104
4.700,-1.833E-2,-0.104
4.717,-1.826E-2,-0.104
4.734,-1.820E-2,-0.104
4.751,-1.816E-2,-0.104
4.767,-1.804E-2,-0.104
4.784,-1.777E-2,-0.104
4.801,-1.706E-2,-0.104
4.818,-1.577E-2,-0.104
4.835,-1.348E-2,-0.104
4.852,-1.008E-2,-0.104
4.868,-5.445E-3,-0.105
4.885,1.261E-4,-0.105
4.902,6.325E-3,-0.105
4.919,1.183E-2,-0.104
4.936,1.600E-2,-0.104
4.953,1.786E-2,-0.104
4.970,1.721E-2,-0.104
4.986,1.390E-2,-0.104
5.003,8.848E-3,-0.105
5.020,2.885E-3,-0.105
5.037,-2.968E-3,-0.105
5.054,-7.936E-3,-0.105
5.071,-1.103E-2,-0.104
5.087,-1.197E-2,-0.104
5.104,-1.032E-2,-0.104
5.121,-6.484E-3,-0.105
5.138,-1.323E-3,-0.105
5.155,4.631E-3,-0.105
5.172,1.057E-2,-0.104
5.189,1.513E-2,-0.104
5.205,1.749E-2,-0.104
5.222,1.738E-2,-0.104
5.239,1.488E-2,-0.104
5.256,1.019E-2,-0.104
5.273,4.163E-3,-0.105
5.290,-1.705E-3,-0.105
5.306,-6.851E-3,-0.105
5.323,-1.035E-2,-0.104
5.340,-1.181E-2,-0.104
5.357,-1.072E-2,-0.104
5.374,-7.648E-3,-0.105
5.391,-2.850E-3,-0.105
5.408,3.068E-3,-0.105
5.424,8.908E-3,-0.105
5.441,1.394E-2,-0.104
5.458,1.698E-2,-0.104
5.475,1.743E-2,-0.104
5.492,1.546E-2,-0.104
5.509,1.111E-2,-0.104
5.525,5.805E-3,-0.105
5.542,-2.878E-4,-0.105
5.559,-5.746E-3,-0.105
5.576,-9.664E-3,-0.105
5.593,-1.154E-2,-0.104
5.610,-1.104E-2,-0.104
5.627,-8.558E-3,-0.105
5.643,-3.982E-3,-0.105
5.660,1.793E-3,-0.105
5.677,7.708E-3,-0.105
5.694,1.289E-2,-0.104
5.711,1.625E-2,-0.104
5.728,1.736E-2,-0.104
5.744,1.599E-2,-0.104
5.761,1.243E-2,-0.104
5.778,6.995E-3,-0.105
5.795,1.113E-3,-0.105
5.812,-4.429E-3,-0.105
5.829,-8.706E-3,-0.105
5.846,-1.103E-2,-0.105
5.862,-1.120E-2,-0.104
5.879,-8.989E-3,-0.105
5.896,-4.856E-3,-0.105
5.913,4.283E-4,-0.105
5.930,6.386E-3,-0.105
5.947,1.163E-2,-0.104
5.963,1.553E-2,-0.104
5.980,1.720E-2,-0.104
5.997,1.648E-2,-0.104
6.014,1.329E-2,-0.104
6.031,8.482E-3,-0.105
6.048,2.812E-3,-0.105
6.065,-3.101E-3,-0.105
6.081,-7.657E-3,-0.105
6.098,-1.051E-2,-0.105
6.115,-1.119E-2,-0.104
6.132,-9.514E-3,-0.104
6.149,-5.994E-3,-0.105
6.166,-8.925E-4,-0.105
6.182,5.027E-3,-0.105
6.199,1.049E-2,-0.104
6.216,1.474E-2,-0.104
6.233,1.688E-2,-0.104
6.250,1.669E-2,-0.104
6.267,1.410E-2,-0.104
6.284,9.654E-3,-0.104
6.300,4.129E-3,-0.105
6.317,-1.719E-3,-0.105
6.334,-6.481E-3,-0.105
6.351,-9.769E-3,-0.105
6.368,-1.107E-2,-0.104
6.385,-9.990E-3,-0.104
6.401,-6.799E-3,-0.105
6.418,-2.142E-3,-0.105
6.435,3.690E-3,-0.105
6.452,9.223E-3,-0.105
6.469,1.370E-2,-0.104
6.486,1.637E-2,-0.104
6.502,1.679E-2,-0.104
6.519,1.488E-2,-0.104
6.536,1.075E-2,-0.104
6.553,5.637E-3,-0.105
6.570,-1.778E-4,-0.105
6.587,-5.404E-3,-0.105
6.604,-9.055E-3,-0.105
6.620,-1.079E-2,-0.105
6.637,-1.027E-2,-0.105
6.654,-7.706E-3,-0.105
6.671,-3.200E-3,-0.105
6.688,2.056E-3,-0.105
6.705,7.673E-3,-0.105
6.721,1.263E-2,-0.104
6.738,1.574E-2,-0.104
6.755,1.670E-2,-0.104
6.772,1.539E-2,-0.104
6.789,1.195E-2,-0.104
6.806,6.833E-3,-0.105
6.823,1.244E-3,-0.105
6.839,-4.048E-3,-0.105
6.856,-8.115E-3,-0.105
6.873,-1.035E-2,-0.105
6.890,-1.046E-2,-0.105
6.907,-8.431E-3,-0.105
6.924,-4.413E-3,-0.105
6.940,6.288E-4,-0.105
6.957,6.252E-3,-0.105
6.974,1.125E-2,-0.104
6.991,1.500E-2,-0.104
7.008,1.657E-2,-0.104
7.025,1.579E-2,-0.104
7.042,1.287E-2,-0.104
7.058,8.165E-3,-0.105
7.075,2.644E-3,-0.105
7.092,-2.661E-3,-0.105
7.109,-7.099E-3,-0.105
7.126,-9.871E-3,-0.105
7.143,-1.050E-2,-0.105
7.159,-8.939E-3,-0.105
7.176,-5.509E-3,-0.105
7.193,-7.361E-4,-0.105
7.210,4.964E-3,-0.105
7.227,1.013E-2,-0.104
7.244,1.409E-2,-0.104
7.261,1.619E-2,-0.104
7.277,1.605E-2,-0.104
7.294,1.365E-2,-0.104
7.311,9.560E-3,-0.105
7.328,4.314E-3,-0.105
7.345,-1.220E-3,-0.105
7.362,-5.861E-3,-0.105
7.378,-9.174E-3,-0.105
7.395,-1.039E-2,-0.105
7.412,-9.345E-3,-0.105
7.429,-6.390E-3,-0.105
7.446,-1.997E-3,-0.105
7.463,3.334E-3,-0.105
7.480,8.654E-3,-0.105
7.496,1.316E-2,-0.104
7.513,1.578E-2,-0.104
7.530,1.619E-2,-0.104
7.547,1.437E-2,-0.104
7.564,1.069E-2,-0.104
7.581,5.772E-3,-0.105
7.597,2.083E-4,-0.105
7.614,-4.745E-3,-0.105
7.631,-8.337E-3,-0.105
7.648,-1.016E-2,-0.105
7.665,-9.733E-3,-0.105
7.682,-7.239E-3,-0.105
7.699,-3.174E-3,-0.105
7.715,2.008E-3,-0.105
7.732,7.382E-3,-0.105
7.749,1.196E-2,-0.104
7.766,1.509E-2,-0.104
7.783,1.613E-2,-0.104
7.800,1.489E-2,-0.104
7.816,1.164E-2,-0.104
7.833,6.994E-3,-0.105
7.850,1.564E-3,-0.105
7.867,-3.479E-3,-0.105
7.884,-7.428E-3,-0.105
7.901,-9.770E-3,-0.105
7.918,-9.981E-3,-0.105
7.934,-8.033E-3,-0.105
7.951,-4.422E-3,-0.105
7.968,5.721E-4,-0.105
7.985,5.769E-3,-0.105
8.002,1.080E-2,-0.104
8.019,1.428E-2,-0.104
8.035,1.592E-2,-0.104
8.052,1.535E-2,-0.104
8.069,1.272E-2,-0.104
8.086,8.207E-3,-0.105
8.103,3.029E-3,-0.105
8.120,-2.082E-3,-0.105
8.137,-6.344E-3,-0.105
8.153,-9.170E-3,-0.105
8.170,-9.995E-3,-0.105
8.187,-8.587E-3,-0.105
8.204,-5.469E-3,-0.105
8.221,-7.693E-4,-0.105
8.238,4.380E-3,-0.105
8.254,9.336E-3,-0.105
8.271,1.346E-2,-0.104
8.288,1.559E-2,-0.104
8.305,1.559E-2,-0.104
8.322,1.347E-2,-0.104
8.339,9.627E-3,-0.105
8.356,4.678E-3,-0.105
8.372,-6.285E-4,-0.105
8.389,-5.301E-3,-0.105
8.406,-8.473E-3,-0.105
8.423,-9.859E-3,-0.105
8.440,-9.062E-3,-0.105
8.457,-6.279E-3,-0.105
8.473,-2.195E-3,-0.105
8.490,2.898E-3,-0.105
8.507,8.034E-3,-0.105
8.524,1.229E-2,-0.104
8.541,1.497E-2,-0.104
8.558,1.562E-2,-0.104
8.575,1.409E-2,-0.104
8.591,1.070E-2,-0.104
8.608,5.987E-3,-0.105
8.625,6.954E-4,-0.105
8.642,-4.131E-3,-0.105
8.659,-7.610E-3,-0.105
8.676,-9.545E-3,-0.105
8.692,-9.365E-3,-0.105
8.709,-7.101E-3,-0.105
8.726,-3.288E-3,-0.105
8.743,1.600E-3,-0.105
8.760,6.766E-3,-0.105
8.777,1.125E-2,-0.104
8.794,1.435E-2,-0.104
8.810,1.557E-2,-0.104
8.827,1.463E-2,-0.104
8.844,1.164E-2,-0.104
8.861,7.255E-3,-0.105
8.878,2.196E-3,-0.105
8.895,-2.688E-3,-0.105
8.911,-6.776E-3,-0.105
8.928,-9.021E-3,-0.105
8.945,-9.503E-3,-0.105
8.962,-7.794E-3,-0.105
8.979,-4.518E-3,-0.105
8.996,1.430E-4,-0.105
9.013,5.169E-3,-0.105
9.029,9.877E-3,-0.105
9.046,1.355E-2,-0.104
9.063,1.525E-2,-0.104
9.080,1.493E-2,-0.104
9.097,1.254E-2,-0.104
9.114,8.636E-3,-0.105
9.130,3.622E-3,-0.105
9.147,-1.319E-3,-0.105
9.164,-5.564E-3,-0.105
9.181,-8.354E-3,-0.105
9.198,-9.395E-3,-0.105
9.215,-8.299E-3,-0.105
9.232,-5.497E-3,-0.105
9.248,-1.105E-3,-0.105
9.265,3.802E-3,-0.105
9.282,8.664E-3,-0.105
9.299,1.256E-2,-0.104
9.316,1.487E-2,-0.104
9.333,1.513E-2,-0.104
9.349,1.343E-2,-0.104
9.366,9.790E-3,-0.105
9.383,5.147E-3,-0.105
9.400,2.272E-4,-0.105
9.417,-4.316E-3,-0.105
9.434,-7.667E-3,-0.105
9.451,-9.195E-3,-0.105
9.467,-8.681E-3,-0.105
9.484,-6.252E-3,-0.105
9.501,-2.427E-3,-0.105
9.518,2.377E-3,-0.105
9.535,7.381E-3,-0.105
9.552,1.154E-2,-0.104
9.568,1.432E-2,-0.104
9.585,1.521E-2,-0.104
9.602,1.401E-2,-0.104
9.619,1.099E-2,-0.104
9.636,6.667E-3,-0.105
9.653,1.629E-3,-0.105
9.670,-3.065E-3,-0.105
9.686,-6.683E-3,-0.105
9.703,-8.773E-3,-0.105
9.720,-8.897E-3,-0.105
9.737,-7.016E-3,-0.105
9.754,-3.613E-3,-0.105
9.771,9.560E-4,-0.105
9.787,5.912E-3,-0.105
9.804,1.037E-2,-0.105
9.821,1.357E-2,-0.104
9.838,1.503E-2,-0.104
9.855,1.446E-2,-0.104
9.872,1.198E-2,-0.104
9.889,7.892E-3,-0.105
9.905,3.088E-3,-0.105
9.922,-1.634E-3,-0.105
9.939,-5.697E-3,-0.105
9.956,-8.202E-3,-0.105
9.973,-8.935E-3,-0.105
9.990,-7.633E-3,-0.105
10.006,-4.642E-3,-0.105
10.023,-3.941E-4,-0.105
10.040,4.351E-3,-0.105
10.057,8.972E-3,-0.105
10.074,1.261E-2,-0.104
10.091,1.461E-2,-0.104
10.108,1.464E-2,-0.104
10.124,1.277E-2,-0.104
10.141,9.131E-3,-0.105
10.158,4.527E-3,-0.105
10.175,-2.414E-4,-0.105
10.192,-4.531E-3,-0.105
10.209,-7.473E-3,-0.105
10.225,-8.825E-3,-0.105
10.242,-8.150E-3,-0.105
10.259,-5.653E-3,-0.105
10.276,-1.746E-3,-0.105
10.293,2.860E-3,-0.105
10.310,7.643E-3,-0.105
10.327,1.160E-2,-0.104
10.343,1.407E-2,-0.104
10.360,1.468E-2,-0.104
10.377,1.336E-2,-0.104
10.394,1.030E-2,-0.104
10.411,6.078E-3,-0.105
10.428,1.171E-3,-0.105
10.444,-3.312E-3,-0.105
10.461,-6.643E-3,-0.105
10.478,-8.518E-3,-0.105
10.495,-8.410E-3,-0.105
10.512,-6.405E-3,-0.105
10.529,-3.053E-3,-0.105
10.545,1.431E-3,-0.105
10.562,6.260E-3,-0.105
10.579,1.047E-2,-0.105
10.596,1.343E-2,-0.104
10.613,1.455E-2,-0.104
10.630,1.382E-2,-0.104
10.647,1.122E-2,-0.104
10.663,7.242E-3,-0.105
10.680,2.556E-3,-0.105
10.697,-1.952E-3,-0.105
10.714,-5.765E-3,-0.105
10.731,-8.010E-3,-0.105
10.748,-8.526E-3,-0.105
10.764,-7.085E-3,-0.105
10.781,-4.118E-3,-0.105
10.798,8.589E-5,-0.105
10.815,4.746E-3,-0.105
10.832,9.170E-3,-0.105
10.849,1.254E-2,-0.104
10.866,1.434E-2,-0.104
10.882,1.421E-2,-0.104
10.899,1.218E-2,-0.104
10.916,8.595E-3,-0.105
10.933,4.042E-3,-0.105
10.950,-5.035E-4,-0.105
10.967,-4.581E-3,-0.105
10.983,-7.380E-3,-0.105
11.000,-8.399E-3,-0.105
11.017,-7.555E-3,-0.105
11.034,-5.053E-3,-0.105
11.051,-1.196E-3,-0.105
11.068,3.359E-3,-0.105
11.085,7.914E-3,-0.105
11.101,1.164E-2,-0.104
11.118,1.390E-2,-0.104
11.135,1.429E-2,-0.104
11.152,1.290E-2,-0.104
11.169,9.811E-3,-0.105
11.186,5.592E-3,-0.105
11.202,8.979E-4,-0.105
11.219,-3.383E-3,-0.105
11.236,-6.506E-3,-0.105
11.253,-8.150E-3,-0.105
11.270,-7.930E-3,-0.105
11.287,-5.898E-3,-0.105
11.304,-2.520E-3,-0.105
11.320,1.833E-3,-0.105
11.337,6.423E-3,-0.105
11.354,1.047E-2,-0.105
11.371,1.319E-2,-0.104
11.388,1.419E-2,-0.104
11.405,1.338E-2,-0.104
11.421,1.078E-2,-0.104
11.438,6.839E-3,-0.105
11.455,2.292E-3,-0.105
11.472,-2.058E-3,-0.105
11.489,-5.661E-3,-0.105
11.506,-7.718E-3,-0.105
11.523,-8.116E-3,-0.105
11.539,-6.654E-3,-0.105
11.556,-3.703E-3,-0.105
11.573,4.095E-4,-0.105
11.590,5.012E-3,-0.105
11.607,9.063E-3,-0.105
11.624,1.231E-2,-0.104
11.640,1.392E-2,-0.104
11.657,1.368E-2,-0.104
11.674,1.159E-2,-0.104
11.691,8.102E-3,-0.105
11.708,3.671E-3,-0.105
11.725,-7.173E-4,-0.105
11.742,-4.531E-3,-0.105
11.758,-7.064E-3,-0.105
11.775,-8.062E-3,-0.105
11.792,-7.184E-3,-0.105
11.809,-4.739E-3,-0.105
11.826,-9.018E-4,-0.105
11.843,3.476E-3,-0.105
11.859,7.890E-3,-0.105
11.876,1.147E-2,-0.104
11.893,1.357E-2,-0.104
11.910,1.388E-2,-0.104
11.927,1.242E-2,-0.104
11.944,9.417E-3,-0.105
11.961,5.307E-3,-0.105
11.977,7.462E-4,-0.105
11.994,-3.314E-3,-0.105
12.011,-6.261E-3,-0.105
12.028,-7.790E-3,-0.105
12.045,-7.492E-3,-0.105
12.062,-5.501E-3,-0.105
12.078,-2.164E-3,-0.105
12.095,2.095E-3,-0.105
12.112,6.558E-3,-0.105
12.129,1.040E-2,-0.104
12.146,1.298E-2,-0.104
12.163,1.384E-2,-0.104
12.180,1.300E-2,-0.104
12.196,1.039E-2,-0.104
12.213,6.629E-3,-0.105
12.230,2.202E-3,-0.105
12.247,-2.041E-3,-0.105
12.264,-5.472E-3,-0.105
12.281,-7.374E-3,-0.105
12.297,-7.710E-3,-0.105
12.314,-6.189E-3,-0.105
12.331,-3.287E-3,-0.105
12.348,7.028E-4,-0.105
12.365,5.018E-3,-0.105
12.382,9.052E-3,-0.105
12.399,1.211E-2,-0.104
12.415,1.362E-2,-0.104
12.432,1.334E-2,-0.104
12.449,1.132E-2,-0.104
12.466,7.892E-3,-0.105
12.483,3.628E-3,-0.105
12.500,-5.987E-4,-0.105
12.516,-4.341E-3,-0.105
12.533,-6.753E-3,-0.105
12.550,-7.648E-3,-0.105
12.567,-6.772E-3,-0.105
12.584,-4.317E-3,-0.105
12.601,-6.139E-4,-0.105
12.618,3.571E-3,-0.105
12.634,7.790E-3,-0.105
12.651,1.121E-2,-0.104
12.668,1.324E-2,-0.104
12.685,1.352E-2,-0.104
12.702,1.202E-2,-0.104
12.719,9.018E-3,-0.105
12.735,5.182E-3,-0.105
12.752,7.892E-4,-0.105
12.769,-3.115E-3,-0.105
12.786,-6.078E-3,-0.105
12.803,-7.522E-3,-0.105
12.820,-7.202E-3,-0.105
12.837,-5.211E-3,-0.105
12.853,-1.924E-3,-0.105
12.870,2.208E-3,-0.105
12.887,6.332E-3,-0.105
12.904,1.006E-2,-0.105
12.921,1.258E-2,-0.104
12.938,1.339E-2,-0.104
12.954,1.257E-2,-0.104
12.971,1.003E-2,-0.105
12.988,6.352E-3,-0.105
13.005,2.223E-3,-0.105
13.022,-1.827E-3,-0.105
13.039,-5.132E-3,-0.105
13.056,-7.106E-3,-0.105
13.072,-7.380E-3,-0.105
13.089,-5.954E-3,-0.105
13.106,-3.043E-3,-0.105
13.123,8.145E-4,-0.105
13.140,4.967E-3,-0.105
13.157,8.913E-3,-0.105
13.173,1.187E-2,-0.104
13.190,1.321E-2,-0.104
13.207,1.293E-2,-0.104
13.224,1.102E-2,-0.105
13.241,7.737E-3,-0.105
13.258,3.649E-3,-0.105
13.275,-4.563E-4,-0.105
13.291,-4.064E-3,-0.105
13.308,-6.497E-3,-0.105
13.325,-7.376E-3,-0.105
13.342,-6.502E-3,-0.105
13.359,-4.084E-3,-0.105
13.376,-4.724E-4,-0.105
13.392,3.595E-3,-0.105
13.409,7.676E-3,-0.105
13.426,1.092E-2,-0.104
13.443,1.281E-2,-0.104
13.460,1.316E-2,-0.104
13.477,1.177E-2,-0.104
13.494,8.902E-3,-0.105
13.510,5.026E-3,-0.105
13.527,9.524E-4,-0.105
13.544,-2.819E-3,-0.105
13.561,-5.713E-3,-0.105
13.578,-7.147E-3,-0.105
13.595,-6.890E-3,-0.105
13.611,-4.988E-3,-0.105
13.628,-1.801E-3,-0.105
13.645,2.167E-3,-0.105
13.662,6.137E-3,-0.105
13.679,9.761E-3,-0.105
13.696,1.225E-2,-0.104
13.713,1.310E-2,-0.104
13.729,1.228E-2,-0.104
13.746,9.866E-3,-0.105
13.763,6.304E-3,-0.105
13.780,2.343E-3,-0.105
13.797,-1.599E-3,-0.105
13.814,-4.801E-3,-0.105
13.830,-6.783E-3,-0.105
13.847,-7.073E-3,-0.105
13.864,-5.731E-3,-0.105
13.881,-2.947E-3,-0.105
13.898,7.270E-4,-0.105
13.915,4.765E-3,-0.105
13.932,8.547E-3,-0.105
13.948,1.149E-2,-0.105
13.965,1.283E-2,-0.104
13.982,1.262E-2,-0.104
13.999,1.081E-2,-0.105
14.016,7.616E-3,-0.105
14.033,3.670E-3,-0.105
14.049,-2.863E-4,-0.105
14.066,-3.738E-3,-0.105
14.083,-6.115E-3,-0.105
14.100,-7.025E-3,-0.105
14.117,-6.285E-3,-0.105
14.134,-4.002E-3,-0.105
14.151,-6.296E-4,-0.105
14.167,3.308E-3,-0.105
14.184,7.322E-3,-0.105
14.201,1.053E-2,-0.105
14.218,1.242E-2,-0.104
14.235,1.276E-2,-0.104
14.252,1.155E-2,-0.104
14.268,8.814E-3,-0.105
14.285,5.082E-3,-0.105
14.302,1.197E-3,-0.105
14.319,-2.535E-3,-0.105
14.336,-5.320E-3,-0.105
14.353,-6.774E-3,-0.105
14.370,-6.559E-3,-0.105
14.386,-4.789E-3,-0.105
14.403,-1.734E-3,-0.105
14.420,2.078E-3,-0.105
14.437,5.969E-3,-0.105
14.454,9.448E-3,-0.105
14.471,1.188E-2,-0.104
14.487,1.276E-2,-0.104
14.504,1.208E-2,-0.104
14.521,9.827E-3,-0.105
14.538,6.555E-3,-0.105
14.555,2.636E-3,-0.105
14.572,-1.238E-3,-0.105
14.589,-4.367E-3,-0.105
14.605,-6.317E-3,-0.105
14.622,-6.730E-3,-0.105
14.639,-5.499E-3,-0.105
14.656,-2.881E-3,-0.105
14.673,6.535E-4,-0.105
14.690,4.553E-3,-0.105
14.706,8.272E-3,-0.105
14.723,1.108E-2,-0.105
14.740,1.249E-2,-0.104
14.757,1.235E-2,-0.104
14.774,1.070E-2,-0.104
14.791,7.752E-3,-0.105
14.807,3.916E-3,-0.105
14.824,1.185E-4,-0.105
14.841,-3.275E-3,-0.105
14.858,-5.679E-3,-0.105
14.875,-6.654E-3,-0.105
14.892,-6.048E-3,-0.105
14.909,-3.919E-3,-0.105
14.925,-6.684E-4,-0.105
14.942,3.123E-3,-0.105
14.959,7.033E-3,-0.105
14.976,1.001E-2,-0.105
14.993,1.201E-2,-0.104
15.010,1.246E-2,-0.104
15.026,1.136E-2,-0.104
15.043,8.825E-3,-0.105
15.060,5.280E-3,-0.105
15.077,1.490E-3,-0.105
15.094,-2.112E-3,-0.105
15.111,-4.866E-3,-0.105
15.128,-6.390E-3,-0.105
15.144,-6.317E-3,-0.105
15.161,-4.694E-3,-0.105
15.178,-1.869E-3,-0.105
15.195,1.785E-3,-0.105
15.212,5.516E-3,-0.105
15.229,8.970E-3,-0.105
15.245,1.143E-2,-0.105
15.262,1.238E-2,-0.104
15.279,1.184E-2,-0.104
15.296,9.783E-3,-0.105
15.313,6.698E-3,-0.105
15.330,2.918E-3,-0.105
15.347,-7.892E-4,-0.105
15.363,-3.886E-3,-0.105
15.380,-5.886E-3,-0.105
15.397,-6.421E-3,-0.105
15.414,-5.398E-3,-0.105
15.431,-2.970E-3,-0.105
15.448,3.817E-4,-0.105
15.464,4.117E-3,-0.105
15.481,7.815E-3,-0.105
15.498,1.061E-2,-0.105
15.515,1.209E-2,-0.104
15.532,1.207E-2,-0.104
15.549,1.061E-2,-0.105
15.566,7.789E-3,-0.105
15.582,4.158E-3,-0.105
15.599,4.670E-4,-0.105
15.616,-2.844E-3,-0.105
15.633,-5.246E-3,-0.105
15.650,-6.332E-3,-0.105
15.667,-5.865E-3,-0.105
15.683,-3.931E-3,-0.105
15.700,-8.836E-4,-0.105
15.717,2.748E-3,-0.105
15.734,6.343E-3,-0.105
15.751,9.498E-3,-0.105
15.768,1.162E-2,-0.105
15.785,1.215E-2,-0.104
15.801,1.127E-2,-0.104
15.818,8.910E-3,-0.105
15.835,5.549E-3,-0.105
15.852,1.913E-3,-0.105
15.869,-1.580E-3,-0.105
15.886,-4.397E-3,-0.105
15.902,-5.992E-3,-0.105
15.919,-6.100E-3,-0.105
15.936,-4.685E-3,-0.105
15.953,-2.047E-3,-0.105
15.970,1.392E-3,-0.105
15.987,5.061E-3,-0.105
16.004,8.429E-3,-0.105
16.020,1.093E-2,-0.104
16.037,1.202E-2,-0.104
16.054,1.166E-2,-0.104
16.071,9.903E-3,-0.105
16.088,6.948E-3,-0.105
16.105,3.283E-3,-0.105
16.121,-3.182E-4,-0.105
16.138,-3.391E-3,-0.105
16.155,-5.453E-3,-0.105
16.172,-6.150E-3,-0.105
16.189,-5.288E-3,-0.105
16.206,-3.087E-3,-0.105
16.223,1.379E-4,-0.105
16.239,3.675E-3,-0.105
16.256,7.280E-3,-0.105
16.273,1.004E-2,-0.105
16.290,1.169E-2,-0.104
16.307,1.183E-2,-0.104
16.324,1.059E-2,-0.105
16.340,8.028E-3,-0.105
16.357,4.604E-3,-0.105
16.374,9.709E-4,-0.105
16.391,-2.291E-3,-0.105
16.408,-4.761E-3,-0.105
16.425,-5.945E-3,-0.105
16.442,-5.657E-3,-0.105
16.458,-3.977E-3,-0.105
16.475,-1.118E-3,-0.105
16.492,2.370E-3,-0.105
16.509,5.881E-3,-0.105
16.526,9.038E-3,-0.105
16.543,1.117E-2,-0.105
16.559,1.188E-2,-0.104
16.576,1.115E-2,-0.104
16.593,9.048E-3,-0.105
16.610,6.029E-3,-0.105
16.627,2.400E-3,-0.105
16.644,-1.043E-3,-0.105
16.661,-3.864E-3,-0.105
16.677,-5.560E-3,-0.105
16.694,-5.839E-3,-0.105
16.711,-4.702E-3,-0.105
16.728,-2.261E-3,-0.105
16.745,9.740E-4,-0.105
16.762,4.512E-3,-0.105
16.778,7.905E-3,-0.105
16.795,1.035E-2,-0.105
16.812,1.166E-2,-0.105
16.829,1.148E-2,-0.104
16.846,9.850E-3,-0.105
16.863,7.164E-3,-0.105
16.880,3.663E-3,-0.105
16.896,2.397E-4,-0.105
16.913,-2.796E-3,-0.105
16.930,-4.962E-3,-0.105
16.947,-5.795E-3,-0.105
16.964,-5.150E-3,-0.105
16.981,-3.179E-3,-0.105
16.997,-2.063E-4,-0.105
17.014,3.218E-3,-0.105
17.031,6.607E-3,-0.105
17.048,9.488E-3,-0.105
17.065,1.125E-2,-0.105
17.082,1.161E-2,-0.104
17.099,1.059E-2,-0.104
17.115,8.274E-3,-0.105
17.132,5.035E-3,-0.105
17.149,1.569E-3,-0.105
17.166,-1.717E-3,-0.105
17.183,-4.188E-3,-0.105
17.200,-5.542E-3,-0.105
17.216,-5.479E-3,-0.105
17.233,-4.031E-3,-0.105
17.250,-1.473E-3,-0.105
17.267,1.838E-3,-0.105
17.284,5.264E-3,-0.105
17.301,8.390E-3,-0.105
17.318,1.063E-2,-0.105
17.334,1.151E-2,-0.104
17.351,1.105E-2,-0.104
17.368,9.186E-3,-0.105
17.385,6.418E-3,-0.105
17.402,2.910E-3,-0.105
17.419,-4.343E-4,-0.105
17.435,-3.281E-3,-0.105
17.452,-5.084E-3,-0.105
17.469,-5.574E-3,-0.105
17.486,-4.651E-3,-0.105
17.503,-2.519E-3,-0.105
17.520,5.184E-4,-0.105
17.537,3.922E-3,-0.105
17.553,7.287E-3,-0.105
17.570,9.783E-3,-0.105
17.587,1.126E-2,-0.105
17.604,1.131E-2,-0.104
17.621,1.006E-2,-0.105
17.638,7.519E-3,-0.105
17.654,4.307E-3,-0.105
17.671,8.952E-4,-0.105
17.688,-2.132E-3,-0.105
17.705,-4.355E-3,-0.105
17.722,-5.408E-3,-0.105
17.739,-5.055E-3,-0.105
17.756,-3.377E-3,-0.105
17.772,-6.155E-4,-0.105
17.789,2.648E-3,-0.105
17.806,5.927E-3,-0.105
17.823,8.869E-3,-0.105
17.840,1.077E-2,-0.105
17.857,1.134E-2,-0.104
17.873,1.060E-2,-0.105
17.890,8.531E-3,-0.105
17.907,5.538E-3,-0.105
17.924,2.252E-3,-0.105
17.941,-9.733E-4,-0.105
17.958,-3.546E-3,-0.105
17.975,-5.092E-3,-0.105
17.991,-5.299E-3,-0.105
18.008,-4.105E-3,-0.105
18.025,-1.749E-3,-0.105
18.042,1.371E-3,-0.105
18.059,4.653E-3,-0.105
18.076,7.796E-3,-0.105
18.092,1.003E-2,-0.105
18.109,1.117E-2,-0.104
18.126,1.096E-2,-0.104
18.143,9.381E-3,-0.105
18.160,6.845E-3,-0.105
18.177,3.530E-3,-0.105
18.194,2.630E-4,-0.105
18.210,-2.563E-3,-0.105
18.227,-4.527E-3,-0.105
18.244,-5.282E-3,-0.105
18.261,-4.636E-3,-0.105
18.278,-2.726E-3,-0.105
18.295,7.708E-5,-0.105
18.311,3.349E-3,-0.105
18.328,6.627E-3,-0.105
18.345,9.181E-3,-0.105
18.362,1.084E-2,-0.105
18.379,1.110E-2,-0.104
18.396,1.013E-2,-0.105
18.413,7.876E-3,-0.105
18.429,4.971E-3,-0.105
18.446,1.603E-3,-0.105
18.463,-1.485E-3,-0.105
18.480,-3.819E-3,-0.105
18.497,-5.053E-3,-0.105
18.514,-4.950E-3,-0.105
18.530,-3.525E-3,-0.105
18.547,-1.091E-3,-0.105
18.564,1.999E-3,-0.105
18.581,5.227E-3,-0.105
18.598,8.192E-3,-0.105
18.615,1.017E-2,-0.105
18.632,1.105E-2,-0.105
18.648,1.056E-2,-0.104
18.665,8.774E-3,-0.105
18.682,6.170E-3,-0.105
18.699,2.898E-3,-0.105
18.716,-2.674E-4,-0.105
18.733,-2.912E-3,-0.105
18.749,-4.612E-3,-0.105
18.766,-5.083E-3,-0.105
18.783,-4.187E-3,-0.105
18.800,-2.110E-3,-0.105
18.817,7.556E-4,-0.105
18.834,3.977E-3,-0.105
18.851,7.093E-3,-0.105
18.867,9.463E-3,-0.105
18.884,1.080E-2,-0.105
18.901,1.083E-2,-0.104
18.918,9.617E-3,-0.105
18.935,7.217E-3,-0.105
18.952,4.066E-3,-0.105
18.968,9.915E-4,-0.105
18.985,-1.923E-3,-0.105
19.002,-3.973E-3,-0.105
19.019,-4.938E-3,-0.105
19.036,-4.572E-3,-0.105
19.053,-2.949E-3,-0.105
19.069,-3.386E-4,-0.105
19.086,2.790E-3,-0.105
19.103,5.860E-3,-0.105
19.120,8.558E-3,-0.105
19.137,1.030E-2,-0.105
19.154,1.092E-2,-0.105
19.171,1.016E-2,-0.105
19.187,8.300E-3,-0.105
19.204,5.496E-3,-0.105
19.221,2.414E-3,-0.105
19.238,-6.714E-4,-0.105
19.255,-3.091E-3,-0.105
19.272,-4.556E-3,-0.105
19.288,-4.745E-3,-0.105
19.305,-3.589E-3,-0.105
19.322,-1.440E-3,-0.105
19.339,1.435E-3,-0.105
19.356,4.524E-3,-0.105
19.373,7.512E-3,-0.105
19.390,9.635E-3,-0.105
19.406,1.065E-2,-0.105
19.423,1.053E-2,-0.105
19.440,9.093E-3,-0.105
19.457,6.720E-3,-0.105
19.474,3.609E-3,-0.105
19.491,5.715E-4,-0.105
19.507,-2.147E-3,-0.105
19.524,-4.035E-3,-0.105
19.541,-4.755E-3,-0.105
19.558,-4.168E-3,-0.105
19.575,-2.389E-3,-0.105
19.592,2.470E-4,-0.105
19.609,3.308E-3,-0.105
19.625,6.295E-3,-0.105
19.642,8.840E-3,-0.105
19.659,1.033E-2,-0.105
19.676,1.063E-2,-0.105
19.693,9.723E-3,-0.105
19.710,7.731E-3,-0.105
19.726,4.881E-3,-0.105
19.743,1.843E-3,-0.105
19.760,-1.060E-3,-0.105
19.777,-3.325E-3,-0.105
19.794,-4.508E-3,-0.105
19.811,-4.479E-3,-0.105
19.828,-3.180E-3,-0.105
19.844,-8.422E-4,-0.105
19.861,2.004E-3,-0.105
19.878,5.085E-3,-0.105
19.895,7.879E-3,-0.105
19.912,9.740E-3,-0.105
19.929,1.055E-2,-0.105
19.945,1.013E-2,-0.105
19.962,8.585E-3,-0.105
19.979,6.042E-3,-0.105
19.996,3.088E-3,-0.105
20.013,1.076E-4,-0.105
20.030,-2.401E-3,-0.105
20.047,-4.080E-3,-0.105
20.063,-4.570E-3,-0.105
20.080,-3.749E-3,-0.105
20.097,-1.881E-3,-0.105
20.114,7.908E-4,-0.105
20.131,3.743E-3,-0.105
20.148,6.581E-3,-0.105
20.164,8.978E-3,-0.105
20.181,1.026E-2,-0.105
20.198,1.033E-2,-0.105
20.215,9.272E-3,-0.105
20.232,7.150E-3,-0.105
20.249,4.294E-3,-0.105
20.266,1.311E-3,-0.105
20.282,-1.408E-3,-0.105
20.299,-3.483E-3,-0.105
20.316,-4.445E-3,-0.105
20.333,-4.190E-3,-0.105
20.350,-2.786E-3,-0.105
20.367,-4.310E-4,-0.105
20.383,2.464E-3,-0.105
20.400,5.401E-3,-0.105
20.417,8.020E-3,-0.105
20.434,9.728E-3,-0.105
20.451,1.040E-2,-0.105
20.468,9.803E-3,-0.105
20.485,8.017E-3,-0.105
20.501,5.529E-3,-0.105
20.518,2.512E-3,-0.105
20.535,-3.412E-4,-0.105
20.552,-2.665E-3,-0.105
20.569,-4.105E-3,-0.105
20.586,-4.353E-3,-0.105
20.602,-3.382E-3,-0.105
20.619,-1.359E-3,-0.105
20.636,1.340E-3,-0.105
20.653,4.272E-3,-0.105
20.670,7.093E-3,-0.105
20.687,9.171E-3,-0.105
20.704,1.021E-2,-0.105
20.720,1.012E-2,-0.105
20.737,8.901E-3,-0.105
20.754,6.746E-3,-0.105
20.771,3.861E-3,-0.105
20.788,9.720E-4,-0.105
20.805,-1.628E-3,-0.105
20.821,-3.484E-3,-0.105
20.838,-4.274E-3,-0.105
20.855,-3.801E-3,-0.105
20.872,-2.258E-3,-0.105
20.889,1.481E-4,-0.105
20.906,2.975E-3,-0.105
20.923,5.809E-3,-0.105
20.939,8.267E-3,-0.105
20.956,9.755E-3,-0.105
20.973,1.015E-2,-0.105
20.990,9.393E-3,-0.105
21.007,7.591E-3,-0.105
21.024,4.972E-3,-0.105
21.040,2.092E-3,-0.105
21.057,-6.331E-4,-0.105
21.074,-2.797E-3,-0.105
21.091,-4.066E-3,-0.105
21.108,-4.148E-3,-0.105
21.125,-3.045E-3,-0.105
21.142,-9.449E-4,-0.105
21.158,1.769E-3,-0.105
21.175,4.602E-3,-0.105
21.192,7.296E-3,-0.105
21.209,9.182E-3,-0.105
21.226,1.004E-2,-0.105
21.243,9.773E-3,-0.105
21.259,8.402E-3,-0.105
21.276,6.073E-3,-0.105
21.293,3.354E-3,-0.105
21.310,5.166E-4,-0.105
21.327,-1.907E-3,-0.105
21.344,-3.562E-3,-0.105
21.361,-4.129E-3,-0.105
21.377,-3.489E-3,-0.105
21.394,-1.850E-3,-0.105
21.411,5.927E-4,-0.105
21.428,3.419E-3,-0.105
21.445,6.093E-3,-0.105
21.462,8.436E-3,-0.105
21.478,9.728E-3,-0.105
21.495,9.951E-3,-0.105
21.512,9.106E-3,-0.105
21.529,7.209E-3,-0.105
21.546,4.552E-3,-0.105
21.563,1.722E-3,-0.105
21.580,-8.777E-4,-0.105
21.596,-2.861E-3,-0.105
21.613,-3.940E-3,-0.105
21.630,-3.810E-3,-0.105
21.647,-2.601E-3,-0.105
21.664,-4.572E-4,-0.105
21.681,2.190E-3,-0.105
21.697,5.005E-3,-0.105
21.714,7.511E-3,-0.105
21.731,9.216E-3,-0.105
21.748,9.903E-3,-0.105
21.765,9.516E-3,-0.105
21.782,8.034E-3,-0.105
21.799,5.688E-3,-0.105
21.815,2.996E-3,-0.105
21.832,2.514E-4,-0.105
21.849,-2.038E-3,-0.105
21.866,-3.522E-3,-0.105
21.883,-3.933E-3,-0.105
21.900,-3.144E-3,-0.105
21.916,-1.359E-3,-0.105
21.933,1.110E-3,-0.105
21.950,3.854E-3,-0.105
21.967,6.547E-3,-0.105
21.984,8.580E-3,-0.105
22.001,9.706E-3,-0.105
22.018,9.772E-3,-0.105
22.034,8.760E-3,-0.105
22.051,6.819E-3,-0.105
22.068,4.195E-3,-0.105
22.085,1.448E-3,-0.105
22.102,-1.065E-3,-0.105
22.119,-2.927E-3,-0.105
22.135,-3.782E-3,-0.105
22.152,-3.487E-3,-0.105
22.169,-2.150E-3,-0.105
22.186,6.381E-5,-0.105
22.203,2.717E-3,-0.105
22.220,5.421E-3,-0.105
22.237,7.775E-3,-0.105
22.253,9.310E-3,-0.105
22.270,9.820E-3,-0.105
22.287,9.260E-3,-0.105
22.304,7.687E-3,-0.105
22.321,5.337E-3,-0.105
22.338,2.671E-3,-0.105
22.354,3.412E-5,-0.105
22.371,-2.149E-3,-0.105
22.388,-3.453E-3,-0.105
22.405,-3.703E-3,-0.105
22.422,-2.806E-3,-0.105
22.439,-1.002E-3,-0.105
22.456,1.449E-3,-0.105
22.472,4.192E-3,-0.105
22.489,6.636E-3,-0.105
22.506,8.639E-3,-0.105
22.523,9.560E-3,-0.105
22.540,9.504E-3,-0.105
22.557,8.382E-3,-0.105
22.573,6.404E-3,-0.105
22.590,3.775E-3,-0.105
22.607,1.132E-3,-0.105
22.624,-1.242E-3,-0.105
22.641,-2.940E-3,-0.105
22.658,-3.667E-3,-0.105
22.675,-3.279E-3,-0.105
22.691,-1.865E-3,-0.105
22.708,3.228E-4,-0.105
22.725,2.938E-3,-0.105
22.742,5.556E-3,-0.105
22.759,7.740E-3,-0.105
22.776,9.206E-3,-0.105
22.792,9.592E-3,-0.105
22.809,8.932E-3,-0.105
22.826,7.299E-3,-0.105
22.843,4.915E-3,-0.105
22.860,2.338E-3,-0.105
22.877,-2.226E-4,-0.105
22.894,-2.240E-3,-0.105
22.910,-3.427E-3,-0.105
22.927,-3.505E-3,-0.105
22.944,-2.524E-3,-0.105
22.961,-6.125E-4,-0.105
22.978,1.815E-3,-0.105
22.995,4.439E-3,-0.105
23.011,6.767E-3,-0.105
23.028,8.615E-3,-0.105
23.045,9.406E-3,-0.105
23.062,9.211E-3,-0.105
23.079,8.002E-3,-0.105
23.096,5.918E-3,-0.105
23.112,3.391E-3,-0.105
23.129,8.352E-4,-0.105
23.146,-1.474E-3,-0.105
23.163,-2.987E-3,-0.105
23.180,-3.574E-3,-0.105
23.197,-3.034E-3,-0.105
23.214,-1.550E-3,-0.105
23.230,6.866E-4,-0.105
23.247,3.268E-3,-0.105
23.264,5.752E-3,-0.105
23.281,7.894E-3,-0.105
23.298,9.162E-3,-0.105
23.315,9.393E-3,-0.105
23.331,8.624E-3,-0.105
23.348,6.936E-3,-0.105
23.365,4.554E-3,-0.105
23.382,1.978E-3,-0.105
23.399,-4.155E-4,-0.105
23.416,-2.325E-3,-0.105
23.433,-3.343E-3,-0.105
23.449,-3.289E-3,-0.105
23.466,-2.223E-3,-0.105
23.483,-3.064E-4,-0.105
23.500,2.127E-3,-0.105
23.517,4.713E-3,-0.105
23.534,7.057E-3,-0.105
23.550,8.625E-3,-0.105
23.567,9.323E-3,-0.105
23.584,9.024E-3,-0.105
23.601,7.735E-3,-0.105
23.618,5.708E-3,-0.105
23.635,3.139E-3,-0.105
23.652,6.541E-4,-0.105
23.668,-1.487E-3,-0.105
23.685,-2.903E-3,-0.105
23.702,-3.331E-3,-0.105
23.719,-2.700E-3,-0.105
23.736,-1.149E-3,-0.105
23.753,1.072E-3,-0.105
23.769,3.623E-3,-0.105
23.786,5.993E-3,-0.105
23.803,7.989E-3,-0.105
23.820,9.103E-3,-0.105
23.837,9.255E-3,-0.105
23.854,8.384E-3,-0.105
23.871,6.701E-3,-0.105
23.887,4.319E-3,-0.105
23.904,1.805E-3,-0.105
23.921,-5.553E-4,-0.105
23.938,-2.295E-3,-0.105
23.955,-3.178E-3,-0.105
23.972,-3.017E-3,-0.105
23.988,-1.893E-3,-0.105
24.005,6.964E-5,-0.105
24.022,2.493E-3,-0.105
24.039,4.963E-3,-0.105
24.056,7.192E-3,-0.105
24.073,8.692E-3,-0.105
24.090,9.261E-3,-0.105
24.106,8.798E-3,-0.105
24.123,7.452E-3,-0.105
24.140,5.320E-3,-0.105
24.157,2.882E-3,-0.105
24.174,4.515E-4,-0.105
24.191,-1.533E-3,-0.105
24.207,-2.838E-3,-0.105
24.224,-3.179E-3,-0.105
24.241,-2.474E-3,-0.105
24.258,-8.411E-4,-0.105
24.275,1.376E-3,-0.105
24.292,3.845E-3,-0.105
24.309,6.123E-3,-0.105
24.325,8.003E-3,-0.105
24.342,8.982E-3,-0.105
24.359,8.984E-3,-0.105
24.376,8.062E-3,-0.105
24.393,6.286E-3,-0.105
24.410,3.921E-3,-0.105
24.426,1.514E-3,-0.105
24.443,-7.015E-4,-0.105
24.460,-2.332E-3,-0.105
24.477,-3.085E-3,-0.105
24.494,-2.849E-3,-0.105
24.511,-1.630E-3,-0.105
24.528,3.368E-4,-0.105
24.544,2.687E-3,-0.105
24.561,5.137E-3,-0.105
24.578,7.213E-3,-0.105
24.595,8.561E-3,-0.105
24.612,9.009E-3,-0.105
24.629,8.513E-3,-0.105
24.645,7.114E-3,-0.105
24.662,5.008E-3,-0.105
24.679,2.608E-3,-0.105
24.696,2.482E-4,-0.105
24.713,-1.649E-3,-0.105
24.730,-2.793E-3,-0.105
24.747,-3.028E-3,-0.105
24.763,-2.265E-3,-0.105
24.780,-6.219E-4,-0.105
24.797,1.561E-3,-0.105
24.814,3.935E-3,-0.105
24.831,6.175E-3,-0.105
24.848,7.939E-3,-0.105
24.864,8.824E-3,-0.105
24.881,8.734E-3,-0.105
24.898,7.756E-3,-0.105
24.915,6.025E-3,-0.105
24.932,3.622E-3,-0.105
24.949,1.285E-3,-0.105
24.966,-8.371E-4,-0.105
24.982,-2.332E-3,-0.105
24.999,-2.964E-3,-0.105
25.016,-2.604E-3,-0.105
25.033,-1.381E-3,-0.105
25.050,5.249E-4,-0.105
25.067,2.890E-3,-0.105
25.083,5.212E-3,-0.105
25.100,7.224E-3,-0.105
25.117,8.472E-3,-0.105
25.134,8.803E-3,-0.105
25.151,8.235E-3,-0.105
25.168,6.797E-3,-0.105
25.185,4.675E-3,-0.105
25.201,2.360E-3,-0.105
25.218,1.150E-4,-0.105
25.235,-1.692E-3,-0.105
25.252,-2.722E-3,-0.105
25.269,-2.843E-3,-0.105
25.286,-2.017E-3,-0.105
25.302,-3.721E-4,-0.105
25.319,1.767E-3,-0.105
25.336,4.093E-3,-0.105
25.353,6.227E-3,-0.105
25.370,7.922E-3,-0.105
25.387,8.688E-3,-0.105
25.404,8.585E-3,-0.105
25.420,7.531E-3,-0.105
25.437,5.780E-3,-0.105
25.454,3.462E-3,-0.105
25.471,1.209E-3,-0.105
25.488,-8.541E-4,-0.105
25.505,-2.252E-3,-0.105
25.521,-2.815E-3,-0.105
25.538,-2.424E-3,-0.105
25.555,-1.151E-3,-0.105
25.572,7.934E-4,-0.105
25.589,3.090E-3,-0.105
25.606,5.328E-3,-0.105
25.623,7.261E-3,-0.105
25.639,8.382E-3,-0.105
25.656,8.678E-3,-0.105
25.673,8.037E-3,-0.105
25.690,6.592E-3,-0.105
25.707,4.467E-3,-0.105
25.724,2.222E-3,-0.105
25.740,-4.087E-7,-0.105
25.757,-1.696E-3,-0.105
25.774,-2.657E-3,-0.105
25.791,-2.698E-3,-0.105
25.808,-1.809E-3,-0.105
25.825,-1.444E-4,-0.105
25.842,2.013E-3,-0.105
25.858,4.243E-3,-0.105
25.875,6.373E-3,-0.105
25.892,7.852E-3,-0.105
25.909,8.532E-3,-0.105
25.926,8.336E-3,-0.105
25.943,7.281E-3,-0.105
25.959,5.540E-3,-0.105
25.976,3.292E-3,-0.105
25.993,1.081E-3,-0.105
26.010,-8.677E-4,-0.105
26.027,-2.200E-3,-0.105
26.044,-2.701E-3,-0.105
26.061,-2.231E-3,-0.105
26.077,-9.118E-4,-0.105
26.094,1.002E-3,-0.105
26.111,3.233E-3,-0.105
26.128,5.375E-3,-0.105
26.145,7.232E-3,-0.105
26.162,8.282E-3,-0.105
26.178,8.489E-3,-0.105
26.195,7.809E-3,-0.105
26.212,6.355E-3,-0.105
26.229,4.240E-3,-0.105
26.246,2.061E-3,-0.105
26.263,-2.507E-5,-0.105
26.280,-1.650E-3,-0.105
26.296,-2.545E-3,-0.105
26.313,-2.482E-3,-0.105
26.330,-1.580E-3,-0.105
26.347,8.637E-5,-0.105
26.364,2.199E-3,-0.105
26.381,4.351E-3,-0.105
26.397,6.333E-3,-0.105
26.414,7.841E-3,-0.105
26.431,8.438E-3,-0.105
26.448,8.158E-3,-0.105
26.465,7.092E-3,-0.105
26.482,5.329E-3,-0.105
26.499,3.126E-3,-0.105
26.515,9.560E-4,-0.105
26.532,-9.106E-4,-0.105
26.549,-2.146E-3,-0.105
26.566,-2.532E-3,-0.105
26.583,-1.993E-3,-0.105
26.600,-7.327E-4,-0.105
26.616,1.216E-3,-0.105
26.633,3.407E-3,-0.105
26.650,5.460E-3,-0.105
26.667,7.219E-3,-0.105
26.684,8.192E-3,-0.105
26.701,8.346E-3,-0.105
26.718,7.653E-3,-0.105
26.734,6.187E-3,-0.105
26.751,4.095E-3,-0.105
26.768,1.925E-3,-0.105
26.785,-8.895E-5,-0.105
26.802,-1.599E-3,-0.105
26.819,-2.426E-3,-0.105
26.835,-2.336E-3,-0.105
26.852,-1.351E-3,-0.105
26.869,3.233E-4,-0.105
26.886,2.377E-3,-0.105
26.903,4.509E-3,-0.105
26.920,6.414E-3,-0.105
26.937,7.815E-3,-0.105
26.953,8.328E-3,-0.105
26.970,8.012E-3,-0.105
26.987,6.911E-3,-0.105
27.004,5.155E-3,-0.105
27.021,2.990E-3,-0.105
27.038,8.665E-4,-0.105
27.054,-9.082E-4,-0.105
27.071,-2.048E-3,-0.105
27.088,-2.390E-3,-0.105
27.105,-1.854E-3,-0.105
27.122,-5.051E-4,-0.105
27.139,1.377E-3,-0.105
27.156,3.481E-3,-0.105
27.172,5.550E-3,-0.105
27.189,7.229E-3,-0.105
27.206,8.124E-3,-0.105
27.223,8.204E-3,-0.105
27.240,7.462E-3,-0.105
27.257,5.976E-3,-0.105
27.273,3.933E-3,-0.105
27.290,1.842E-3,-0.105
27.307,-1.237E-4,-0.105
27.324,-1.572E-3,-0.105
27.341,-2.298E-3,-0.105
27.358,-2.137E-3,-0.105
27.374,-1.133E-3,-0.105
27.391,5.084E-4,-0.105
27.408,2.546E-3,-0.105
27.425,4.621E-3,-0.105
27.442,6.532E-3,-0.105
27.459,7.753E-3,-0.105
27.476,8.219E-3,-0.105
27.492,7.859E-3,-0.105
27.509,6.721E-3,-0.105
27.526,4.965E-3,-0.105
27.543,2.836E-3,-0.105
27.560,7.827E-4,-0.105
27.577,-8.998E-4,-0.105
27.593,-1.993E-3,-0.105
27.610,-2.280E-3,-0.105
27.627,-1.676E-3,-0.105
27.644,-3.151E-4,-0.105
27.661,1.539E-3,-0.105
27.678,3.602E-3,-0.105
27.695,5.546E-3,-0.105
27.711,7.186E-3,-0.105
27.728,8.006E-3,-0.105
27.745,8.045E-3,-0.105
27.762,7.256E-3,-0.105
27.779,5.792E-3,-0.105
27.796,3.771E-3,-0.105
27.812,1.715E-3,-0.105
27.829,-1.651E-4,-0.105
27.846,-1.559E-3,-0.105
27.863,-2.192E-3,-0.105
27.880,-2.047E-3,-0.105
27.897,-1.032E-3,-0.105
27.914,6.067E-4,-0.105
27.930,2.588E-3,-0.105
27.947,4.607E-3,-0.105
27.964,6.438E-3,-0.105
27.981,7.595E-3,-0.105
27.998,8.022E-3,-0.105
28.015,7.622E-3,-0.105
28.031,6.481E-3,-0.105
28.048,4.770E-3,-0.105
28.065,2.683E-3,-0.105
28.082,7.027E-4,-0.105
28.099,-9.198E-4,-0.105
28.116,-1.917E-3,-0.105
28.133,-2.131E-3,-0.105
28.149,-1.498E-3,-0.105
28.166,-1.379E-4,-0.105
28.183,1.700E-3,-0.105
28.200,3.725E-3,-0.105
28.217,5.653E-3,-0.105
28.234,7.138E-3,-0.105
28.250,7.946E-3,-0.105
28.267,7.944E-3,-0.105
28.284,7.153E-3,-0.105
28.301,5.692E-3,-0.105
28.318,3.729E-3,-0.105
28.335,1.710E-3,-0.105
28.352,-1.167E-4,-0.105
28.368,-1.405E-3,-0.105
28.385,-2.043E-3,-0.105
28.402,-1.829E-3,-0.105
28.419,-8.057E-4,-0.105
28.436,8.164E-4,-0.105
28.453,2.732E-3,-0.105
28.469,4.704E-3,-0.105
28.486,6.400E-3,-0.105
28.503,7.565E-3,-0.105
28.520,7.941E-3,-0.105
28.537,7.523E-3,-0.105
28.554,6.391E-3,-0.105
28.571,4.636E-3,-0.105
28.587,2.623E-3,-0.105
28.604,7.025E-4,-0.105
28.621,-8.699E-4,-0.105
28.638,-1.830E-3,-0.105
28.655,-2.011E-3,-0.105
28.672,-1.366E-3,-0.105
28.688,-2.674E-6,-0.105
28.705,1.799E-3,-0.105
28.722,3.753E-3,-0.105
28.739,5.582E-3,-0.105
28.756,6.990E-3,-0.105
28.773,7.781E-3,-0.105
28.790,7.735E-3,-0.105
28.806,6.923E-3,-0.105
28.823,5.399E-3,-0.105
28.840,3.549E-3,-0.105
28.857,1.577E-3,-0.105
28.874,-1.393E-4,-0.105
28.891,-1.413E-3,-0.105
28.907,-1.948E-3,-0.105
28.924,-1.684E-3,-0.105
28.941,-6.756E-4,-0.105
28.958,9.230E-4,-0.105
28.975,2.878E-3,-0.105
28.992,4.782E-3,-0.105
29.009,6.394E-3,-0.105
29.025,7.509E-3,-0.105
29.042,7.844E-3,-0.105
29.059,7.372E-3,-0.105
29.076,6.232E-3,-0.105
29.093,4.548E-3,-0.105
29.110,2.548E-3,-0.105
29.126,6.608E-4,-0.105
29.143,-8.272E-4,-0.105
29.160,-1.736E-3,-0.105
29.177,-1.842E-3,-0.105
29.194,-1.154E-3,-0.105
29.211,1.806E-4,-0.105
29.228,1.953E-3,-0.105
29.244,3.877E-3,-0.105
29.261,5.731E-3,-0.105
29.278,7.081E-3,-0.105
29.295,7.769E-3,-0.105
29.312,7.683E-3,-0.105
29.329,6.858E-3,-0.105
29.345,5.429E-3,-0.105
29.362,3.505E-3,-0.105
29.379,1.613E-3,-0.105
29.396,-8.610E-5,-0.105
29.413,-1.286E-3,-0.105
29.430,-1.796E-3,-0.105
29.447,-1.525E-3,-0.105
29.463,-5.021E-4,-0.105
29.480,1.104E-3,-0.105
29.497,2.999E-3,-0.105
29.514,4.822E-3,-0.105
29.531,6.374E-3,-0.105
29.548,7.455E-3,-0.105
29.564,7.716E-3,-0.105
29.581,7.258E-3,-0.105
29.598,6.095E-3,-0.105
29.615,4.362E-3,-0.105
29.632,2.502E-3,-0.105
29.649,7.005E-4,-0.105
29.666,-7.418E-4,-0.105
29.682,-1.580E-3,-0.105
29.699,-1.710E-3,-0.105
29.716,-1.006E-3,-0.105
29.733,3.126E-4,-0.105
29.750,2.040E-3,-0.105
29.767,3.898E-3,-0.105
29.783,5.713E-3,-0.105
29.800,6.997E-3,-0.105
29.817,7.622E-3,-0.105
29.834,7.516E-3,-0.105
29.851,6.704E-3,-0.105
29.868,5.289E-3,-0.105
29.885,3.449E-3,-0.105
29.901,1.567E-3,-0.105
29.918,-8.797E-5,-0.105
29.935,-1.233E-3,-0.105
29.952,-1.709E-3,-0.105
29.969,-1.371E-3,-0.105
29.986,-3.373E-4,-0.105
30.002,1.254E-3,-0.105
30.019,3.104E-3,-0.105
30.036,4.913E-3,-0.105
30.053,6.404E-3,-0.105
30.070,7.402E-3,-0.105
30.087,7.635E-3,-0.105
30.104,7.151E-3,-0.105
30.120,6.003E-3,-0.105
30.137,4.302E-3,-0.105
30.154,2.474E-3,-0.105
30.171,7.288E-4,-0.105
30.188,-6.675E-4,-0.105
30.205,-1.465E-3,-0.105
30.221,-1.554E-3,-0.105
30.238,-8.577E-4,-0.105
30.255,4.697E-4,-0.105
30.272,2.178E-3,-0.105
30.289,4.007E-3,-0.105
30.306,5.669E-3,-0.105
30.323,6.933E-3,-0.105
30.339,7.532E-3,-0.105
30.356,7.410E-3,-0.105
30.373,6.596E-3,-0.105
30.390,5.170E-3,-0.105
30.407,3.351E-3,-0.105
30.424,1.546E-3,-0.105
30.440,-5.610E-5,-0.105
30.457,-1.133E-3,-0.105
30.474,-1.553E-3,-0.105
30.491,-1.245E-3,-0.105
30.508,-2.495E-4,-0.105
30.525,1.301E-3,-0.105
30.542,3.102E-3,-0.105
30.558,4.879E-3,-0.105
30.575,6.390E-3,-0.105
30.592,7.303E-3,-0.105
30.609,7.518E-3,-0.105
30.626,7.046E-3,-0.105
30.643,5.916E-3,-0.105
30.659,4.323E-3,-0.105
30.676,2.476E-3,-0.105
30.693,7.658E-4,-0.105
30.710,-5.777E-4,-0.105
30.727,-1.369E-3,-0.105
30.744,-1.394E-3,-0.105
30.761,-7.277E-4,-0.105
30.777,5.609E-4,-0.105
30.794,2.257E-3,-0.105
30.811,4.050E-3,-0.105
30.828,5.620E-3,-0.105
30.845,6.868E-3,-0.105
30.862,7.389E-3,-0.105
30.878,7.250E-3,-0.105
30.895,6.408E-3,-0.105
30.912,4.950E-3,-0.105
30.929,3.275E-3,-0.105
30.946,1.541E-3,-0.105
30.963,-1.916E-5,-0.105
30.980,-1.080E-3,-0.105
30.996,-1.478E-3,-0.105
31.013,-1.133E-3,-0.105
31.030,-1.096E-4,-0.105
31.047,1.366E-3,-0.105
31.064,3.120E-3,-0.105
31.081,4.839E-3,-0.105
31.097,6.210E-3,-0.105
31.114,7.151E-3,-0.105
31.131,7.354E-3,-0.105
31.148,6.874E-3,-0.105
31.165,5.734E-3,-0.105
31.182,4.084E-3,-0.105
31.199,2.372E-3,-0.105
31.215,7.354E-4,-0.105
31.232,-5.835E-4,-0.105
31.249,-1.314E-3,-0.105
31.266,-1.329E-3,-0.105
31.283,-6.378E-4,-0.105
31.300,6.036E-4,-0.105
