,mass A,,
t,x,y,
0.000,-2.710E-2,-8.130E-2
0.017,-2.711E-2,-8.141E-2
0.034,-2.704E-2,-8.135E-2
0.051,-2.713E-2,-8.133E-2
0.067,-2.728E-2,-8.143E-2
0.084,-2.731E-2,-8.146E-2
0.101,-2.713E-2,-8.134E-2
0.118,-2.738E-2,-8.130E-2
0.135,-2.725E-2,-8.135E-2
0.152,-2.724E-2,-8.135E-2
0.168,-2.769E-2,-8.131E-2
0.185,-2.789E-2,-8.122E-2
0.202,-2.756E-2,-8.114E-2
0.219,-2.754E-2,-8.118E-2
0.236,-2.748E-2,-8.128E-2
0.253,-2.749E-2,-8.130E-2
0.270,-2.747E-2,-8.130E-2
0.286,-2.747E-2,-8.129E-2
0.303,-2.696E-2,-8.134E-2
0.320,-2.660E-2,-8.136E-2
0.337,-2.657E-2,-8.137E-2
0.354,-2.636E-2,-8.133E-2
0.371,-2.632E-2,-8.139E-2
0.387,-2.628E-2,-8.136E-2
0.404,-2.630E-2,-8.138E-2
0.421,-2.686E-2,-8.145E-2
0.438,-2.711E-2,-8.144E-2
0.455,-2.878E-2,-8.150E-2
0.472,-2.880E-2,-8.154E-2
0.489,-2.869E-2,-8.154E-2
0.505,-2.934E-2,-8.163E-2
0.522,-2.701E-2,-8.148E-2
0.539,-2.853E-2,-8.155E-2
0.556,-2.698E-2,-8.153E-2
0.573,-2.882E-2,-8.169E-2
0.590,-2.889E-2,-8.168E-2
0.606,-2.888E-2,-8.166E-2
0.623,-2.873E-2,-8.170E-2
0.640,-2.847E-2,-8.170E-2
0.657,-2.829E-2,-8.169E-2
0.674,-2.824E-2,-8.173E-2
0.691,-2.837E-2,-8.171E-2
0.707,-2.827E-2,-8.172E-2
0.724,-2.830E-2,-8.171E-2
0.741,-2.834E-2,-8.174E-2
0.758,-2.853E-2,-8.174E-2
0.775,-2.874E-2,-8.169E-2
0.792,-2.886E-2,-8.170E-2
0.809,-2.890E-2,-8.171E-2
0.825,-2.884E-2,-8.170E-2
0.842,-2.909E-2,-8.167E-2
0.859,-2.905E-2,-8.167E-2
0.876,-2.913E-2,-8.164E-2
0.893,-2.897E-2,-8.168E-2
0.910,-2.883E-2,-8.171E-2
0.926,-2.864E-2,-8.171E-2
0.943,-2.842E-2,-8.170E-2
0.960,-2.833E-2,-8.173E-2
0.977,-2.808E-2,-8.172E-2
0.994,-2.778E-2,-8.177E-2
1.011,-2.774E-2,-8.179E-2
1.028,-2.762E-2,-8.179E-2
1.044,-2.762E-2,-8.179E-2
1.061,-2.773E-2,-8.186E-2
1.078,-2.774E-2,-8.187E-2
1.095,-2.769E-2,-8.184E-2
1.112,-2.777E-2,-8.182E-2
1.129,-2.788E-2,-8.184E-2
1.145,-2.783E-2,-8.182E-2
1.162,-2.788E-2,-8.184E-2
1.179,-2.767E-2,-8.178E-2
1.196,-2.836E-2,-8.182E-2
1.213,-2.835E-2,-8.183E-2
1.230,-2.846E-2,-8.185E-2
1.247,-2.856E-2,-8.184E-2
1.263,-2.870E-2,-8.184E-2
1.280,-2.903E-2,-8.184E-2
1.297,-2.913E-2,-8.185E-2
1.314,-2.912E-2,-8.185E-2
1.331,-2.907E-2,-8.186E-2
1.348,-2.671E-2,-8.172E-2
1.364,-2.861E-2,-8.179E-2
1.381,-2.869E-2,-8.175E-2
1.398,-2.851E-2,-8.177E-2
1.415,-2.835E-2,-8.174E-2
1.432,-2.806E-2,-8.177E-2
1.449,-2.853E-2,-8.184E-2
1.466,-2.845E-2,-8.187E-2
1.482,-2.836E-2,-8.185E-2
1.499,-2.820E-2,-8.189E-2
1.516,-2.814E-2,-8.187E-2
1.533,-2.813E-2,-8.189E-2
1.550,-2.811E-2,-8.189E-2
1.567,-2.813E-2,-8.188E-2
1.583,-2.828E-2,-8.189E-2
1.600,-2.840E-2,-8.184E-2
1.617,-2.839E-2,-8.185E-2
1.634,-2.843E-2,-8.184E-2
1.651,-2.844E-2,-8.186E-2
1.668,-2.846E-2,-8.185E-2
1.685,-2.837E-2,-8.187E-2
1.701,-2.822E-2,-8.189E-2
1.718,-2.812E-2,-8.191E-2
1.735,-2.785E-2,-8.191E-2
1.752,-2.772E-2,-8.194E-2
1.769,-2.762E-2,-8.195E-2
1.786,-2.761E-2,-8.194E-2
1.802,-2.757E-2,-8.194E-2
1.819,-2.754E-2,-8.192E-2
1.836,-2.767E-2,-8.192E-2
1.853,-2.788E-2,-8.191E-2
1.870,-2.798E-2,-8.187E-2
1.887,-2.799E-2,-8.186E-2
1.904,-2.829E-2,-8.188E-2
1.920,-2.851E-2,-8.184E-2
1.937,-2.853E-2,-8.184E-2
1.954,-2.869E-2,-8.182E-2
1.971,-2.874E-2,-8.186E-2
1.988,-2.874E-2,-8.187E-2
2.005,-2.877E-2,-8.186E-2
2.021,-2.811E-2,-8.174E-2
2.038,-2.878E-2,-8.183E-2
2.055,-2.869E-2,-8.187E-2
2.072,-2.868E-2,-8.185E-2
2.089,-2.870E-2,-8.187E-2
2.106,-2.872E-2,-8.182E-2
2.122,-2.865E-2,-8.187E-2
2.139,-2.867E-2,-8.186E-2
2.156,-2.868E-2,-8.187E-2
2.173,-2.867E-2,-8.186E-2
2.190,-2.892E-2,-8.182E-2
2.207,-2.904E-2,-8.185E-2
2.224,-2.906E-2,-8.184E-2
2.240,-2.932E-2,-8.184E-2
2.257,-2.894E-2,-8.176E-2
2.274,-2.905E-2,-8.175E-2
2.291,-2.900E-2,-8.173E-2
2.308,-2.902E-2,-8.173E-2
2.325,-2.912E-2,-8.172E-2
2.341,-2.918E-2,-8.172E-2
2.358,-2.919E-2,-8.167E-2
2.375,-2.927E-2,-8.168E-2
2.392,-2.917E-2,-8.171E-2
2.409,-2.905E-2,-8.172E-2
2.426,-2.919E-2,-8.168E-2
2.443,-2.923E-2,-8.169E-2
2.459,-2.938E-2,-8.168E-2
2.476,-2.944E-2,-8.169E-2
2.493,-2.975E-2,-8.165E-2
2.510,-2.991E-2,-8.167E-2
2.527,-2.997E-2,-8.168E-2
2.544,-3.007E-2,-8.166E-2
2.560,-3.010E-2,-8.166E-2
2.577,-3.025E-2,-8.168E-2
2.594,-3.038E-2,-8.165E-2
2.611,-3.037E-2,-8.163E-2
2.628,-3.029E-2,-8.166E-2
2.645,-3.033E-2,-8.166E-2
2.662,-3.029E-2,-8.169E-2
2.678,-3.010E-2,-8.168E-2
2.695,-3.000E-2,-8.167E-2
2.712,-2.971E-2,-8.171E-2
2.729,-2.949E-2,-8.172E-2
2.746,-2.903E-2,-8.173E-2
2.763,-2.891E-2,-8.172E-2
2.779,-2.841E-2,-8.174E-2
2.796,-2.842E-2,-8.173E-2
2.813,-2.843E-2,-8.174E-2
2.830,-2.856E-2,-8.174E-2
2.847,-2.849E-2,-8.174E-2
2.864,-2.844E-2,-8.173E-2
2.881,-2.863E-2,-8.172E-2
2.897,-2.888E-2,-8.171E-2
2.914,-2.906E-2,-8.170E-2
2.931,-2.931E-2,-8.167E-2
2.948,-2.947E-2,-8.168E-2
2.965,-2.961E-2,-8.166E-2
2.982,-2.956E-2,-8.164E-2
2.998,-2.938E-2,-8.168E-2
3.015,-2.934E-2,-8.167E-2
3.032,-2.934E-2,-8.168E-2
3.049,-2.920E-2,-8.168E-2
3.066,-2.904E-2,-8.173E-2
3.083,-2.890E-2,-8.171E-2
3.100,-2.867E-2,-8.172E-2
3.116,-2.851E-2,-8.173E-2
3.133,-2.838E-2,-8.172E-2
3.150,-2.827E-2,-8.175E-2
3.167,-2.824E-2,-8.175E-2
3.184,-2.818E-2,-8.173E-2
3.201,-2.806E-2,-8.173E-2
3.217,-2.807E-2,-8.172E-2
3.234,-2.809E-2,-8.172E-2
3.251,-2.841E-2,-8.172E-2
3.268,-2.851E-2,-8.170E-2
3.285,-2.867E-2,-8.170E-2
3.302,-2.887E-2,-8.171E-2
3.318,-2.890E-2,-8.167E-2
3.335,-2.884E-2,-8.170E-2
3.352,-2.885E-2,-8.169E-2
3.369,-2.903E-2,-8.169E-2
3.386,-2.896E-2,-8.168E-2
3.403,-2.875E-2,-8.169E-2
3.420,-2.849E-2,-8.171E-2
3.436,-2.822E-2,-8.171E-2
3.453,-2.820E-2,-8.171E-2
3.470,-2.840E-2,-8.182E-2
3.487,-2.830E-2,-8.182E-2
3.504,-2.807E-2,-8.186E-2
3.521,-2.816E-2,-8.187E-2
3.537,-2.811E-2,-8.187E-2
3.554,-2.814E-2,-8.185E-2
3.571,-2.824E-2,-8.185E-2
3.588,-2.819E-2,-8.185E-2
3.605,-2.822E-2,-8.188E-2
3.622,-2.844E-2,-8.184E-2
3.639,-2.857E-2,-8.185E-2
3.655,-2.850E-2,-8.185E-2
3.672,-2.856E-2,-8.184E-2
3.689,-2.864E-2,-8.185E-2
3.706,-2.861E-2,-8.185E-2
3.723,-2.856E-2,-8.186E-2
3.740,-2.833E-2,-8.187E-2
3.756,-2.818E-2,-8.187E-2
3.773,-2.797E-2,-8.187E-2
3.790,-2.797E-2,-8.188E-2
3.807,-2.777E-2,-8.190E-2
3.824,-2.757E-2,-8.189E-2
3.841,-2.766E-2,-8.189E-2
3.858,-2.768E-2,-8.194E-2
3.874,-2.773E-2,-8.192E-2
3.891,-2.794E-2,-8.191E-2
3.908,-2.801E-2,-8.185E-2
3.925,-2.833E-2,-8.188E-2
3.942,-2.832E-2,-8.187E-2
3.959,-2.850E-2,-8.186E-2
3.975,-2.847E-2,-8.186E-2
3.992,-2.854E-2,-8.183E-2
4.009,-2.847E-2,-8.184E-2
4.026,-2.850E-2,-8.184E-2
4.043,-2.843E-2,-8.193E-2
4.060,-2.832E-2,-8.190E-2
4.077,-2.806E-2,-8.193E-2
4.093,-2.814E-2,-8.192E-2
4.110,-2.800E-2,-8.191E-2
4.127,-2.792E-2,-8.190E-2
4.144,-2.784E-2,-8.193E-2
4.161,-2.785E-2,-8.192E-2
4.178,-2.800E-2,-8.187E-2
4.194,-2.797E-2,-8.190E-2
4.211,-2.839E-2,-8.188E-2
4.228,-2.844E-2,-8.187E-2
4.245,-2.867E-2,-8.187E-2
4.262,-2.899E-2,-8.185E-2
4.279,-2.904E-2,-8.187E-2
4.296,-2.926E-2,-8.185E-2
4.312,-2.942E-2,-8.185E-2
4.329,-2.927E-2,-8.185E-2
4.346,-2.919E-2,-8.185E-2
4.363,-2.885E-2,-8.185E-2
4.380,-2.899E-2,-8.186E-2
4.397,-2.874E-2,-8.188E-2
4.413,-2.846E-2,-8.190E-2
4.430,-2.835E-2,-8.193E-2
4.447,-2.823E-2,-8.192E-2
4.464,-2.814E-2,-8.192E-2
4.481,-2.816E-2,-8.192E-2
4.498,-2.791E-2,-8.192E-2
4.515,-2.806E-2,-8.188E-2
4.531,-2.817E-2,-8.188E-2
4.548,-2.819E-2,-8.189E-2
4.565,-2.857E-2,-8.188E-2
4.582,-2.877E-2,-8.184E-2
4.599,-2.899E-2,-8.184E-2
4.616,-2.903E-2,-8.178E-2
4.632,-2.913E-2,-8.176E-2
4.649,-2.921E-2,-8.170E-2
4.666,-2.917E-2,-8.170E-2
4.683,-2.919E-2,-8.171E-2
4.700,-2.910E-2,-8.171E-2
4.717,-2.908E-2,-8.173E-2
4.733,-2.904E-2,-8.173E-2
4.750,-2.903E-2,-8.174E-2
4.767,-2.900E-2,-8.175E-2
4.784,-2.866E-2,-8.174E-2
4.801,-2.869E-2,-8.174E-2
4.818,-2.874E-2,-8.173E-2
4.835,-2.880E-2,-8.172E-2
4.851,-2.877E-2,-8.172E-2
4.868,-2.877E-2,-8.172E-2
4.885,-2.906E-2,-8.170E-2
4.902,-2.914E-2,-8.169E-2
4.919,-2.928E-2,-8.166E-2
4.936,-2.943E-2,-8.169E-2
4.952,-2.969E-2,-8.167E-2
4.969,-2.979E-2,-8.164E-2
4.986,-2.977E-2,-8.164E-2
5.003,-2.975E-2,-8.164E-2
5.020,-2.978E-2,-8.165E-2
5.037,-2.986E-2,-8.166E-2
5.054,-3.008E-2,-8.167E-2
5.070,-3.007E-2,-8.166E-2
5.087,-3.028E-2,-8.167E-2
5.104,-3.042E-2,-8.162E-2
5.121,-3.043E-2,-8.166E-2
5.138,-3.043E-2,-8.165E-2
5.155,-3.050E-2,-8.164E-2
5.171,-3.046E-2,-8.167E-2
5.188,-3.052E-2,-8.167E-2
5.205,-3.049E-2,-8.166E-2
5.222,-3.024E-2,-8.170E-2
5.239,-3.029E-2,-8.169E-2
5.256,-3.025E-2,-8.169E-2
5.273,-3.004E-2,-8.170E-2
5.289,-2.974E-2,-8.172E-2
5.306,-2.940E-2,-8.170E-2
5.323,-2.929E-2,-8.175E-2
5.340,-2.925E-2,-8.174E-2
5.357,-2.919E-2,-8.173E-2
5.374,-2.906E-2,-8.173E-2
5.390,-2.906E-2,-8.172E-2
5.407,-2.916E-2,-8.171E-2
5.424,-2.926E-2,-8.170E-2
5.441,-2.949E-2,-8.169E-2
5.458,-2.975E-2,-8.167E-2
5.475,-2.983E-2,-8.169E-2
5.492,-2.997E-2,-8.168E-2
5.508,-3.003E-2,-8.165E-2
5.525,-3.000E-2,-8.164E-2
5.542,-2.992E-2,-8.169E-2
5.559,-2.969E-2,-8.169E-2
5.576,-2.954E-2,-8.172E-2
5.593,-2.930E-2,-8.172E-2
5.609,-2.899E-2,-8.172E-2
5.626,-2.886E-2,-8.173E-2
5.643,-2.860E-2,-8.174E-2
5.660,-2.842E-2,-8.177E-2
5.677,-2.844E-2,-8.177E-2
5.694,-2.846E-2,-8.176E-2
5.711,-2.844E-2,-8.175E-2
5.727,-2.860E-2,-8.171E-2
5.744,-2.876E-2,-8.171E-2
5.761,-2.885E-2,-8.169E-2
5.778,-2.915E-2,-8.166E-2
5.795,-2.952E-2,-8.165E-2
5.812,-2.957E-2,-8.167E-2
5.828,-2.952E-2,-8.166E-2
5.845,-2.976E-2,-8.166E-2
5.862,-2.949E-2,-8.168E-2
5.879,-2.930E-2,-8.169E-2
5.896,-2.913E-2,-8.171E-2
5.913,-2.897E-2,-8.172E-2
5.929,-2.871E-2,-8.173E-2
5.946,-2.818E-2,-8.173E-2
5.963,-2.834E-2,-8.173E-2
5.980,-2.803E-2,-8.177E-2
5.997,-2.815E-2,-8.175E-2
6.014,-2.813E-2,-8.175E-2
6.031,-2.820E-2,-8.171E-2
6.047,-2.837E-2,-8.170E-2
6.064,-2.896E-2,-8.169E-2
6.081,-2.912E-2,-8.169E-2
6.098,-2.933E-2,-8.167E-2
6.115,-2.935E-2,-8.167E-2
6.132,-2.933E-2,-8.167E-2
6.148,-2.937E-2,-8.164E-2
6.165,-2.932E-2,-8.171E-2
6.182,-2.903E-2,-8.169E-2
6.199,-2.864E-2,-8.173E-2
6.216,-2.867E-2,-8.171E-2
6.233,-2.843E-2,-8.173E-2
6.250,-2.834E-2,-8.171E-2
6.266,-2.837E-2,-8.171E-2
6.283,-2.850E-2,-8.173E-2
6.300,-2.867E-2,-8.169E-2
6.317,-2.895E-2,-8.171E-2
6.334,-2.919E-2,-8.166E-2
6.351,-2.959E-2,-8.166E-2
6.367,-2.995E-2,-8.164E-2
6.384,-3.012E-2,-8.161E-2
6.401,-3.006E-2,-8.160E-2
6.418,-2.963E-2,-8.169E-2
6.435,-2.799E-2,-8.189E-2
6.452,-2.539E-2,-8.229E-2
6.469,-2.103E-2,-8.268E-2
6.485,-1.554E-2,-8.293E-2
6.502,-9.629E-3,-8.309E-2
6.519,1.210E-3,-8.270E-2
6.536,7.866E-3,-8.235E-2
6.553,1.272E-2,-8.182E-2
6.570,1.670E-2,-8.115E-2
6.586,1.880E-2,-8.052E-2
6.603,1.955E-2,-8.034E-2
6.620,1.844E-2,-8.049E-2
6.637,1.595E-2,-8.090E-2
6.654,1.205E-2,-8.134E-2
6.671,6.302E-3,-8.188E-2
6.688,3.159E-4,-8.219E-2
6.704,-6.853E-3,-8.232E-2
6.721,-1.297E-2,-8.227E-2
6.738,-1.896E-2,-8.216E-2
6.755,-2.434E-2,-8.191E-2
6.772,-2.693E-2,-8.169E-2
6.789,-2.715E-2,-8.170E-2
6.805,-2.558E-2,-8.191E-2
6.822,-2.284E-2,-8.224E-2
6.839,-1.675E-2,-8.252E-2
6.856,-1.055E-2,-8.270E-2
6.873,-4.009E-3,-8.272E-2
6.890,2.956E-3,-8.248E-2
6.907,9.654E-3,-8.197E-2
6.923,1.456E-2,-8.135E-2
6.940,1.759E-2,-8.075E-2
6.957,1.912E-2,-8.043E-2
6.974,1.898E-2,-8.044E-2
6.991,1.740E-2,-8.070E-2
7.008,1.387E-2,-8.112E-2
7.024,9.601E-3,-8.159E-2
7.041,3.439E-3,-8.202E-2
7.058,-3.000E-3,-8.229E-2
7.075,-1.008E-2,-8.238E-2
7.092,-1.635E-2,-8.230E-2
7.109,-2.154E-2,-8.212E-2
7.126,-2.517E-2,-8.185E-2
7.142,-2.642E-2,-8.173E-2
7.159,-2.506E-2,-8.173E-2
7.176,-2.368E-2,-8.204E-2
7.193,-2.018E-2,-8.242E-2
7.210,-1.497E-2,-8.274E-2
7.227,-7.298E-3,-8.274E-2
7.243,-1.419E-3,-8.261E-2
7.260,5.550E-3,-8.226E-2
7.277,1.172E-2,-8.171E-2
7.294,1.550E-2,-8.109E-2
7.311,1.807E-2,-8.064E-2
7.328,1.934E-2,-8.046E-2
7.344,1.865E-2,-8.055E-2
7.361,1.607E-2,-8.087E-2
7.378,1.206E-2,-8.139E-2
7.395,6.644E-3,-8.183E-2
7.412,3.265E-4,-8.225E-2
7.429,-6.073E-3,-8.242E-2
7.446,-1.276E-2,-8.245E-2
7.462,-1.862E-2,-8.232E-2
7.479,-2.359E-2,-8.212E-2
7.496,-2.619E-2,-8.189E-2
7.513,-2.698E-2,-8.186E-2
7.530,-2.597E-2,-8.202E-2
7.547,-2.266E-2,-8.231E-2
7.563,-1.831E-2,-8.265E-2
7.580,-1.127E-2,-8.273E-2
7.597,-4.253E-3,-8.274E-2
7.614,2.286E-3,-8.251E-2
7.631,8.390E-3,-8.211E-2
7.648,1.343E-2,-8.152E-2
7.665,1.754E-2,-8.093E-2
7.681,1.975E-2,-8.057E-2
7.698,1.887E-2,-8.053E-2
7.715,1.782E-2,-8.072E-2
7.732,1.510E-2,-8.112E-2
7.749,1.022E-2,-8.162E-2
7.766,4.520E-3,-8.208E-2
7.782,-1.847E-3,-8.229E-2
7.799,-7.775E-3,-8.237E-2
7.816,-1.565E-2,-8.238E-2
7.833,-2.099E-2,-8.228E-2
7.850,-2.418E-2,-8.199E-2
7.867,-2.615E-2,-8.183E-2
7.884,-2.621E-2,-8.192E-2
7.900,-2.448E-2,-8.209E-2
7.917,-2.135E-2,-8.244E-2
7.934,-1.620E-2,-8.273E-2
7.951,-1.067E-2,-8.285E-2
7.968,-2.229E-3,-8.264E-2
7.985,4.326E-3,-8.235E-2
8.001,9.748E-3,-8.196E-2
8.018,1.418E-2,-8.133E-2
8.035,1.688E-2,-8.085E-2
8.052,1.809E-2,-8.063E-2
8.069,1.768E-2,-8.064E-2
8.086,1.563E-2,-8.092E-2
8.103,1.284E-2,-8.134E-2
8.119,7.709E-3,-8.181E-2
8.136,1.695E-3,-8.222E-2
8.153,-4.009E-3,-8.239E-2
8.170,-9.722E-3,-8.234E-2
8.187,-1.628E-2,-8.231E-2
8.204,-2.035E-2,-8.211E-2
8.220,-2.410E-2,-8.187E-2
8.237,-2.597E-2,-8.184E-2
8.254,-2.498E-2,-8.190E-2
8.271,-2.203E-2,-8.213E-2
8.288,-1.744E-2,-8.242E-2
8.305,-1.094E-2,-8.258E-2
8.322,-4.929E-3,-8.259E-2
8.338,1.106E-3,-8.245E-2
8.355,7.253E-3,-8.211E-2
8.372,1.231E-2,-8.155E-2
8.389,1.603E-2,-8.104E-2
8.406,1.847E-2,-8.070E-2
8.423,1.934E-2,-8.055E-2
8.439,1.806E-2,-8.069E-2
8.456,1.549E-2,-8.103E-2
8.473,1.133E-2,-8.149E-2
8.490,6.504E-3,-8.189E-2
8.507,-1.327E-4,-8.224E-2
8.524,-5.805E-3,-8.237E-2
8.540,-1.212E-2,-8.232E-2
8.557,-1.822E-2,-8.228E-2
8.574,-2.307E-2,-8.209E-2
8.591,-2.479E-2,-8.195E-2
8.608,-2.536E-2,-8.190E-2
8.625,-2.395E-2,-8.209E-2
8.642,-2.075E-2,-8.231E-2
8.658,-1.594E-2,-8.259E-2
8.675,-1.062E-2,-8.273E-2
8.692,-4.728E-3,-8.273E-2
8.709,1.322E-3,-8.249E-2
8.726,7.514E-3,-8.211E-2
8.743,1.171E-2,-8.156E-2
8.759,1.439E-2,-8.110E-2
8.776,1.661E-2,-8.078E-2
8.793,1.673E-2,-8.072E-2
8.810,1.525E-2,-8.095E-2
8.827,1.190E-2,-8.132E-2
8.844,7.457E-3,-8.178E-2
8.861,2.572E-3,-8.214E-2
8.877,-4.327E-3,-8.246E-2
8.894,-1.029E-2,-8.249E-2
8.911,-1.569E-2,-8.244E-2
8.928,-1.990E-2,-8.224E-2
8.945,-2.369E-2,-8.210E-2
8.962,-2.498E-2,-8.195E-2
8.978,-2.469E-2,-8.203E-2
8.995,-2.288E-2,-8.226E-2
9.012,-1.921E-2,-8.250E-2
9.029,-1.358E-2,-8.270E-2
9.046,-7.769E-3,-8.276E-2
9.063,-1.951E-3,-8.268E-2
9.080,4.450E-3,-8.234E-2
9.096,9.479E-3,-8.193E-2
9.113,1.348E-2,-8.144E-2
9.130,1.591E-2,-8.102E-2
9.147,1.694E-2,-8.083E-2
9.164,1.616E-2,-8.091E-2
9.181,1.422E-2,-8.118E-2
9.197,1.083E-2,-8.155E-2
9.214,5.487E-3,-8.201E-2
9.231,2.857E-4,-8.232E-2
9.248,-5.836E-3,-8.248E-2
9.265,-1.226E-2,-8.251E-2
9.282,-1.764E-2,-8.244E-2
9.299,-2.162E-2,-8.227E-2
9.315,-2.401E-2,-8.205E-2
9.332,-2.291E-2,-8.196E-2
9.349,-2.403E-2,-8.208E-2
9.366,-2.158E-2,-8.236E-2
9.383,-1.782E-2,-8.264E-2
9.400,-1.207E-2,-8.274E-2
9.416,-5.177E-3,-8.273E-2
9.433,1.430E-3,-8.253E-2
9.450,7.514E-3,-8.217E-2
9.467,1.187E-2,-8.173E-2
9.484,1.497E-2,-8.132E-2
9.501,1.678E-2,-8.093E-2
9.518,1.661E-2,-8.083E-2
9.534,1.550E-2,-8.102E-2
9.551,1.341E-2,-8.135E-2
9.568,9.302E-3,-8.175E-2
9.585,4.558E-3,-8.216E-2
9.602,-5.771E-4,-8.238E-2
9.619,-6.846E-3,-8.246E-2
9.635,-1.340E-2,-8.251E-2
9.652,-1.870E-2,-8.235E-2
9.669,-2.194E-2,-8.213E-2
9.686,-2.411E-2,-8.206E-2
9.703,-2.440E-2,-8.209E-2
9.720,-2.302E-2,-8.224E-2
9.737,-2.001E-2,-8.247E-2
9.753,-1.562E-2,-8.270E-2
9.770,-1.114E-2,-8.284E-2
9.787,-3.651E-3,-8.272E-2
9.804,2.272E-3,-8.247E-2
9.821,7.424E-3,-8.210E-2
9.838,1.149E-2,-8.168E-2
9.854,1.468E-2,-8.128E-2
9.871,1.600E-2,-8.102E-2
9.888,1.588E-2,-8.102E-2
9.905,1.451E-2,-8.118E-2
9.922,1.113E-2,-8.156E-2
9.939,6.990E-3,-8.199E-2
9.955,1.760E-3,-8.231E-2
9.972,-4.404E-3,-8.250E-2
9.989,-9.723E-3,-8.256E-2
10.006,-1.532E-2,-8.250E-2
10.023,-1.962E-2,-8.238E-2
10.040,-2.217E-2,-8.218E-2
10.057,-2.381E-2,-8.205E-2
10.073,-2.344E-2,-8.211E-2
10.090,-2.160E-2,-8.236E-2
10.107,-1.637E-2,-8.255E-2
10.124,-1.265E-2,-8.273E-2
10.141,-6.770E-3,-8.275E-2
10.158,-2.076E-3,-8.265E-2
10.174,4.294E-3,-8.237E-2
10.191,8.859E-3,-8.193E-2
10.208,1.234E-2,-8.152E-2
10.225,1.511E-2,-8.114E-2
10.242,1.616E-2,-8.096E-2
10.259,1.593E-2,-8.098E-2
10.276,1.307E-2,-8.128E-2
10.292,9.570E-3,-8.169E-2
10.309,4.869E-3,-8.205E-2
10.326,-1.584E-4,-8.235E-2
10.343,-6.258E-3,-8.251E-2
10.360,-1.172E-2,-8.252E-2
10.377,-1.659E-2,-8.246E-2
10.393,-2.023E-2,-8.232E-2
10.410,-2.262E-2,-8.210E-2
10.427,-2.336E-2,-8.205E-2
10.444,-2.238E-2,-8.220E-2
10.461,-2.002E-2,-8.235E-2
10.478,-1.602E-2,-8.260E-2
10.495,-1.136E-2,-8.276E-2
10.511,-5.375E-3,-8.273E-2
10.528,3.902E-4,-8.252E-2
10.545,5.281E-3,-8.222E-2
10.562,9.460E-3,-8.183E-2
10.579,1.244E-2,-8.148E-2
10.596,1.389E-2,-8.124E-2
10.612,1.462E-2,-8.110E-2
10.629,1.332E-2,-8.125E-2
10.646,1.119E-2,-8.152E-2
10.663,7.267E-3,-8.189E-2
10.680,2.136E-3,-8.225E-2
10.697,-2.811E-3,-8.250E-2
10.714,-7.978E-3,-8.257E-2
10.730,-1.344E-2,-8.254E-2
10.747,-1.758E-2,-8.244E-2
10.764,-2.088E-2,-8.231E-2
10.781,-2.296E-2,-8.211E-2
10.798,-2.319E-2,-8.215E-2
10.815,-2.179E-2,-8.229E-2
10.831,-1.905E-2,-8.249E-2
10.848,-1.513E-2,-8.270E-2
10.865,-1.066E-2,-8.282E-2
10.882,-3.584E-3,-8.268E-2
10.899,1.600E-3,-8.251E-2
10.916,7.304E-3,-8.216E-2
10.933,1.109E-2,-8.174E-2
10.949,1.372E-2,-8.136E-2
10.966,1.512E-2,-8.110E-2
10.983,1.509E-2,-8.109E-2
11.000,1.353E-2,-8.128E-2
11.017,1.073E-2,-8.161E-2
11.034,6.318E-3,-8.203E-2
11.050,1.410E-3,-8.236E-2
11.067,-3.689E-3,-8.253E-2
11.084,-9.211E-3,-8.257E-2
11.101,-1.428E-2,-8.249E-2
11.118,-1.886E-2,-8.242E-2
11.135,-2.153E-2,-8.224E-2
11.151,-2.261E-2,-8.218E-2
11.168,-2.230E-2,-8.216E-2
11.185,-2.067E-2,-8.234E-2
11.202,-1.780E-2,-8.258E-2
11.219,-1.354E-2,-8.274E-2
11.236,-7.593E-3,-8.273E-2
11.253,-3.253E-3,-8.268E-2
11.269,1.680E-3,-8.247E-2
11.286,6.655E-3,-8.209E-2
11.303,1.097E-2,-8.164E-2
11.320,1.351E-2,-8.134E-2
11.337,1.440E-2,-8.113E-2
11.354,1.383E-2,-8.115E-2
11.370,1.151E-2,-8.142E-2
11.387,8.591E-3,-8.177E-2
11.404,3.896E-3,-8.214E-2
11.421,-9.674E-4,-8.239E-2
11.438,-6.151E-3,-8.255E-2
11.455,-1.117E-2,-8.256E-2
11.472,-1.612E-2,-8.245E-2
11.488,-1.913E-2,-8.232E-2
11.505,-2.071E-2,-8.217E-2
11.522,-2.265E-2,-8.216E-2
11.539,-2.211E-2,-8.223E-2
11.556,-1.952E-2,-8.238E-2
11.573,-1.620E-2,-8.259E-2
11.589,-1.176E-2,-8.267E-2
11.606,-5.421E-3,-8.267E-2
11.623,-2.083E-3,-8.265E-2
11.640,3.588E-3,-8.226E-2
11.657,9.126E-3,-8.189E-2
11.674,1.205E-2,-8.153E-2
11.691,1.390E-2,-8.127E-2
11.707,1.448E-2,-8.117E-2
11.724,1.321E-2,-8.129E-2
11.741,1.086E-2,-8.156E-2
11.758,7.176E-3,-8.189E-2
11.775,1.975E-3,-8.224E-2
11.792,-2.600E-3,-8.247E-2
11.808,-7.486E-3,-8.253E-2
11.825,-1.217E-2,-8.254E-2
11.842,-1.726E-2,-8.249E-2
11.859,-2.009E-2,-8.235E-2
11.876,-2.149E-2,-8.216E-2
11.893,-2.186E-2,-8.215E-2
11.910,-2.089E-2,-8.229E-2
11.926,-1.858E-2,-8.250E-2
11.943,-1.477E-2,-8.271E-2
11.960,-9.611E-3,-8.276E-2
11.977,-5.101E-3,-8.272E-2
11.994,1.178E-3,-8.250E-2
12.011,5.483E-3,-8.224E-2
12.027,8.887E-3,-8.185E-2
12.044,1.243E-2,-8.149E-2
12.061,1.381E-2,-8.128E-2
12.078,1.368E-2,-8.124E-2
12.095,1.212E-2,-8.143E-2
12.112,9.617E-3,-8.171E-2
12.129,5.732E-3,-8.207E-2
12.145,1.194E-3,-8.236E-2
12.162,-3.759E-3,-8.253E-2
12.179,-8.628E-3,-8.255E-2
12.196,-1.403E-2,-8.252E-2
12.213,-1.822E-2,-8.248E-2
12.230,-2.052E-2,-8.230E-2
12.246,-2.198E-2,-8.223E-2
12.263,-2.186E-2,-8.227E-2
12.280,-2.055E-2,-8.243E-2
12.297,-1.698E-2,-8.258E-2
12.314,-1.308E-2,-8.274E-2
12.331,-8.095E-3,-8.277E-2
12.347,-3.373E-3,-8.269E-2
12.364,1.254E-3,-8.250E-2
12.381,6.810E-3,-8.213E-2
12.398,1.053E-2,-8.175E-2
12.415,1.249E-2,-8.146E-2
12.432,1.357E-2,-8.127E-2
12.449,1.320E-2,-8.133E-2
12.465,1.121E-2,-8.152E-2
12.482,7.887E-3,-8.185E-2
12.499,4.211E-3,-8.216E-2
12.516,-1.158E-3,-8.243E-2
12.533,-6.336E-3,-8.262E-2
12.550,-1.120E-2,-8.265E-2
12.566,-1.582E-2,-8.265E-2
12.583,-1.870E-2,-8.247E-2
12.600,-2.058E-2,-8.231E-2
12.617,-2.199E-2,-8.227E-2
12.634,-2.114E-2,-8.232E-2
12.651,-1.936E-2,-8.246E-2
12.668,-1.625E-2,-8.270E-2
12.684,-1.252E-2,-8.285E-2
12.701,-7.724E-3,-8.286E-2
12.718,-2.395E-3,-8.270E-2
12.735,2.086E-3,-8.249E-2
12.752,6.462E-3,-8.211E-2
12.769,1.059E-2,-8.173E-2
12.785,1.163E-2,-8.151E-2
12.802,1.197E-2,-8.143E-2
12.819,1.130E-2,-8.149E-2
12.836,9.384E-3,-8.174E-2
12.853,5.791E-3,-8.208E-2
12.870,1.997E-3,-8.231E-2
12.887,-2.641E-3,-8.255E-2
12.903,-7.830E-3,-8.267E-2
12.920,-1.239E-2,-8.267E-2
12.937,-1.595E-2,-8.258E-2
12.954,-1.958E-2,-8.248E-2
12.971,-2.128E-2,-8.231E-2
12.988,-2.159E-2,-8.230E-2
13.004,-2.063E-2,-8.237E-2
13.021,-1.847E-2,-8.252E-2
13.038,-1.513E-2,-8.271E-2
13.055,-1.134E-2,-8.285E-2
13.072,-6.743E-3,-8.284E-2
13.089,-1.710E-3,-8.268E-2
13.106,2.642E-3,-8.243E-2
13.122,6.692E-3,-8.210E-2
13.139,1.008E-2,-8.173E-2
13.156,1.152E-2,-8.149E-2
13.173,1.168E-2,-8.149E-2
13.190,1.068E-2,-8.156E-2
13.207,8.023E-3,-8.182E-2
13.223,4.839E-3,-8.217E-2
13.240,1.240E-4,-8.244E-2
13.257,-4.711E-3,-8.264E-2
13.274,-9.311E-3,-8.267E-2
13.291,-1.359E-2,-8.268E-2
13.308,-1.744E-2,-8.262E-2
13.325,-1.987E-2,-8.247E-2
13.341,-2.106E-2,-8.234E-2
13.358,-2.125E-2,-8.237E-2
13.375,-2.008E-2,-8.244E-2
13.392,-1.759E-2,-8.267E-2
13.409,-1.417E-2,-8.283E-2
13.426,-9.945E-3,-8.289E-2
13.442,-5.282E-3,-8.285E-2
13.459,-4.539E-4,-8.269E-2
13.476,3.416E-3,-8.243E-2
13.493,7.137E-3,-8.208E-2
13.510,1.034E-2,-8.174E-2
13.527,1.145E-2,-8.152E-2
13.544,1.148E-2,-8.152E-2
13.560,9.905E-3,-8.171E-2
13.577,7.561E-3,-8.195E-2
13.594,3.284E-3,-8.228E-2
13.611,-8.081E-4,-8.249E-2
13.628,-5.734E-3,-8.269E-2
13.645,-1.020E-2,-8.271E-2
13.661,-1.464E-2,-8.266E-2
13.678,-1.753E-2,-8.251E-2
13.695,-2.030E-2,-8.244E-2
13.712,-2.121E-2,-8.234E-2
13.729,-2.079E-2,-8.238E-2
13.746,-1.921E-2,-8.253E-2
13.762,-1.646E-2,-8.270E-2
13.779,-1.288E-2,-8.283E-2
13.796,-8.480E-3,-8.286E-2
13.813,-3.321E-3,-8.276E-2
13.830,1.232E-3,-8.253E-2
13.847,4.787E-3,-8.226E-2
13.864,8.305E-3,-8.192E-2
13.880,1.037E-2,-8.166E-2
13.897,1.117E-2,-8.153E-2
13.914,1.078E-2,-8.156E-2
13.931,9.091E-3,-8.175E-2
13.948,5.893E-3,-8.203E-2
13.965,2.195E-3,-8.230E-2
13.981,-2.191E-3,-8.252E-2
13.998,-7.025E-3,-8.264E-2
14.015,-1.145E-2,-8.266E-2
14.032,-1.499E-2,-8.257E-2
14.049,-1.825E-2,-8.251E-2
14.066,-2.015E-2,-8.235E-2
14.083,-2.095E-2,-8.234E-2
14.099,-2.013E-2,-8.238E-2
14.116,-1.824E-2,-8.250E-2
14.133,-1.536E-2,-8.264E-2
14.150,-1.023E-2,-8.272E-2
14.167,-6.010E-3,-8.274E-2
14.184,-2.368E-3,-8.264E-2
14.200,1.890E-3,-8.248E-2
14.217,6.186E-3,-8.213E-2
14.234,8.596E-3,-8.185E-2
14.251,1.033E-2,-8.165E-2
14.268,1.113E-2,-8.155E-2
14.285,1.042E-2,-8.159E-2
14.302,8.376E-3,-8.178E-2
14.318,4.776E-3,-8.208E-2
14.335,1.168E-3,-8.233E-2
14.352,-3.183E-3,-8.250E-2
14.369,-8.214E-3,-8.264E-2
14.386,-1.232E-2,-8.265E-2
14.403,-1.568E-2,-8.253E-2
14.419,-1.875E-2,-8.248E-2
14.436,-2.038E-2,-8.236E-2
14.453,-2.063E-2,-8.232E-2
14.470,-1.998E-2,-8.246E-2
14.487,-1.708E-2,-8.255E-2
14.504,-1.434E-2,-8.268E-2
14.521,-1.063E-2,-8.284E-2
14.537,-5.402E-3,-8.272E-2
14.554,-1.643E-3,-8.268E-2
14.571,2.671E-3,-8.245E-2
14.588,6.424E-3,-8.208E-2
14.605,8.829E-3,-8.184E-2
14.622,1.028E-2,-8.164E-2
14.638,1.033E-2,-8.162E-2
14.655,9.433E-3,-8.172E-2
14.672,7.327E-3,-8.197E-2
14.689,3.647E-3,-8.227E-2
14.706,-2.133E-4,-8.249E-2
14.723,-4.812E-3,-8.264E-2
14.740,-8.977E-3,-8.269E-2
14.756,-1.304E-2,-8.270E-2
14.773,-1.681E-2,-8.262E-2
14.790,-1.900E-2,-8.252E-2
14.807,-2.040E-2,-8.245E-2
14.824,-2.052E-2,-8.247E-2
14.841,-1.920E-2,-8.259E-2
14.857,-1.683E-2,-8.267E-2
14.874,-1.361E-2,-8.286E-2
14.891,-9.624E-3,-8.286E-2
14.908,-5.209E-3,-8.285E-2
14.925,-5.973E-4,-8.268E-2
14.942,3.153E-3,-8.246E-2
14.958,6.863E-3,-8.214E-2
14.975,9.082E-3,-8.188E-2
14.992,1.024E-2,-8.171E-2
15.009,1.023E-2,-8.169E-2
15.026,8.718E-3,-8.186E-2
15.043,6.255E-3,-8.210E-2
15.060,2.793E-3,-8.232E-2
15.076,-1.035E-3,-8.253E-2
15.093,-5.575E-3,-8.270E-2
15.110,-9.874E-3,-8.273E-2
15.127,-1.378E-2,-8.270E-2
15.144,-1.684E-2,-8.257E-2
15.161,-1.936E-2,-8.250E-2
15.177,-2.039E-2,-8.247E-2
15.194,-2.018E-2,-8.253E-2
15.211,-1.829E-2,-8.255E-2
15.228,-1.559E-2,-8.270E-2
15.245,-1.196E-2,-8.277E-2
15.262,-7.720E-3,-8.277E-2
15.279,-3.743E-3,-8.271E-2
15.295,7.734E-4,-8.254E-2
15.312,4.376E-3,-8.231E-2
15.329,7.121E-3,-8.206E-2
15.346,9.137E-3,-8.185E-2
15.363,1.031E-2,-8.168E-2
15.380,9.941E-3,-8.172E-2
15.396,8.175E-3,-8.189E-2
15.413,5.507E-3,-8.213E-2
15.430,1.982E-3,-8.237E-2
15.447,-2.098E-3,-8.254E-2
15.464,-6.634E-3,-8.264E-2
15.481,-1.089E-2,-8.267E-2
15.498,-1.452E-2,-8.263E-2
15.514,-1.738E-2,-8.255E-2
15.531,-1.936E-2,-8.243E-2
15.548,-2.023E-2,-8.245E-2
15.565,-1.951E-2,-8.250E-2
15.582,-1.782E-2,-8.263E-2
15.599,-1.466E-2,-8.276E-2
15.615,-1.148E-2,-8.284E-2
15.632,-7.287E-3,-8.286E-2
15.649,-2.724E-3,-8.274E-2
15.666,1.454E-3,-8.255E-2
15.683,4.756E-3,-8.230E-2
15.700,7.363E-3,-8.206E-2
15.717,9.250E-3,-8.186E-2
15.733,9.927E-3,-8.176E-2
15.750,8.945E-3,-8.183E-2
15.767,7.008E-3,-8.202E-2
15.784,4.173E-3,-8.229E-2
15.801,4.875E-4,-8.251E-2
15.818,-3.582E-3,-8.271E-2
15.834,-7.659E-3,-8.276E-2
15.851,-1.170E-2,-8.271E-2
15.868,-1.513E-2,-8.269E-2
15.885,-1.777E-2,-8.258E-2
15.902,-1.932E-2,-8.249E-2
15.919,-1.969E-2,-8.247E-2
15.936,-1.869E-2,-8.254E-2
15.952,-1.683E-2,-8.266E-2
15.969,-1.365E-2,-8.274E-2
15.986,-1.031E-2,-8.288E-2
16.003,-6.152E-3,-8.286E-2
16.020,-1.878E-3,-8.273E-2
16.037,1.970E-3,-8.251E-2
16.053,5.228E-3,-8.224E-2
16.070,8.419E-3,-8.195E-2
16.087,9.288E-3,-8.184E-2
16.104,9.307E-3,-8.184E-2
16.121,8.549E-3,-8.190E-2
16.138,6.429E-3,-8.208E-2
16.155,3.472E-3,-8.231E-2
16.171,2.433E-4,-8.252E-2
16.188,-4.253E-3,-8.268E-2
16.205,-8.085E-3,-8.274E-2
16.222,-1.220E-2,-8.272E-2
16.239,-1.565E-2,-8.267E-2
16.256,-1.778E-2,-8.258E-2
16.272,-1.920E-2,-8.252E-2
16.289,-1.927E-2,-8.250E-2
16.306,-1.804E-2,-8.257E-2
16.323,-1.601E-2,-8.266E-2
16.340,-1.281E-2,-8.279E-2
16.357,-9.224E-3,-8.284E-2
16.373,-5.210E-3,-8.282E-2
16.390,-9.750E-4,-8.269E-2
16.407,2.705E-3,-8.247E-2
16.424,6.425E-3,-8.213E-2
16.441,8.357E-3,-8.194E-2
16.458,9.748E-3,-8.177E-2
16.475,9.743E-3,-8.178E-2
16.491,8.273E-3,-8.187E-2
16.508,6.088E-3,-8.208E-2
16.525,3.040E-3,-8.232E-2
16.542,-7.118E-4,-8.249E-2
16.559,-5.086E-3,-8.267E-2
16.576,-9.146E-3,-8.270E-2
16.592,-1.303E-2,-8.269E-2
16.609,-1.629E-2,-8.264E-2
16.626,-1.795E-2,-8.257E-2
16.643,-1.914E-2,-8.248E-2
16.660,-1.894E-2,-8.248E-2
16.677,-1.775E-2,-8.265E-2
16.694,-1.526E-2,-8.270E-2
16.710,-1.222E-2,-8.283E-2
16.727,-8.380E-3,-8.285E-2
16.744,-4.426E-3,-8.284E-2
16.761,-4.093E-4,-8.265E-2
16.778,3.171E-3,-8.244E-2
16.795,6.732E-3,-8.214E-2
16.811,8.583E-3,-8.195E-2
16.828,9.064E-3,-8.184E-2
16.845,8.808E-3,-8.188E-2
16.862,7.237E-3,-8.203E-2
16.879,4.850E-3,-8.227E-2
16.896,1.732E-3,-8.249E-2
16.913,-2.239E-3,-8.267E-2
16.929,-5.913E-3,-8.276E-2
16.946,-9.815E-3,-8.276E-2
16.963,-1.337E-2,-8.274E-2
16.980,-1.662E-2,-8.266E-2
16.997,-1.827E-2,-8.256E-2
17.014,-1.912E-2,-8.251E-2
17.030,-1.849E-2,-8.254E-2
17.047,-1.716E-2,-8.266E-2
17.064,-1.473E-2,-8.276E-2
17.081,-1.147E-2,-8.286E-2
17.098,-7.547E-3,-8.289E-2
17.115,-2.831E-3,-8.274E-2
17.132,1.112E-3,-8.257E-2
17.148,4.394E-3,-8.230E-2
17.165,7.012E-3,-8.208E-2
17.182,8.753E-3,-8.192E-2
17.199,9.170E-3,-8.184E-2
17.216,8.734E-3,-8.189E-2
17.233,6.912E-3,-8.206E-2
17.249,4.341E-3,-8.228E-2
17.266,9.895E-4,-8.249E-2
17.283,-2.815E-3,-8.266E-2
17.300,-6.743E-3,-8.276E-2
17.317,-1.046E-2,-8.276E-2
17.334,-1.401E-2,-8.272E-2
17.351,-1.669E-2,-8.265E-2
17.367,-1.819E-2,-8.259E-2
17.384,-1.879E-2,-8.250E-2
17.401,-1.800E-2,-8.255E-2
17.418,-1.645E-2,-8.267E-2
17.435,-1.361E-2,-8.276E-2
17.452,-1.057E-2,-8.283E-2
17.468,-6.767E-3,-8.285E-2
17.485,-2.227E-3,-8.273E-2
17.502,1.500E-3,-8.254E-2
17.519,4.531E-3,-8.233E-2
17.536,7.096E-3,-8.210E-2
17.553,8.709E-3,-8.192E-2
17.569,8.861E-3,-8.186E-2
17.586,8.240E-3,-8.191E-2
17.603,6.448E-3,-8.210E-2
17.620,3.799E-3,-8.229E-2
17.637,2.905E-4,-8.252E-2
17.654,-3.526E-3,-8.268E-2
17.671,-7.400E-3,-8.274E-2
17.687,-1.111E-2,-8.274E-2
17.704,-1.451E-2,-8.266E-2
17.721,-1.646E-2,-8.259E-2
17.738,-1.822E-2,-8.257E-2
17.755,-1.847E-2,-8.254E-2
17.772,-1.747E-2,-8.259E-2
17.788,-1.586E-2,-8.271E-2
17.805,-1.327E-2,-8.283E-2
17.822,-9.717E-3,-8.286E-2
17.839,-6.021E-3,-8.285E-2
17.856,-1.821E-3,-8.270E-2
17.873,1.855E-3,-8.250E-2
17.890,5.055E-3,-8.228E-2
17.906,7.248E-3,-8.207E-2
17.923,8.590E-3,-8.192E-2
17.940,8.678E-3,-8.188E-2
17.957,7.746E-3,-8.198E-2
17.974,5.813E-3,-8.210E-2
17.991,3.205E-3,-8.232E-2
18.007,-2.491E-4,-8.254E-2
18.024,-4.403E-3,-8.268E-2
18.041,-8.013E-3,-8.273E-2
18.058,-1.168E-2,-8.272E-2
18.075,-1.481E-2,-8.268E-2
18.092,-1.729E-2,-8.262E-2
18.109,-1.818E-2,-8.256E-2
18.125,-1.821E-2,-8.254E-2
18.142,-1.747E-2,-8.263E-2
18.159,-1.503E-2,-8.274E-2
18.176,-1.235E-2,-8.285E-2
18.193,-8.727E-3,-8.287E-2
18.210,-5.192E-3,-8.284E-2
18.226,-1.201E-3,-8.269E-2
18.243,2.289E-3,-8.250E-2
18.260,5.234E-3,-8.226E-2
18.277,7.232E-3,-8.209E-2
18.294,8.517E-3,-8.197E-2
18.311,8.461E-3,-8.192E-2
18.328,7.155E-3,-8.206E-2
18.344,5.003E-3,-8.224E-2
18.361,2.135E-3,-8.245E-2
18.378,-1.524E-3,-8.265E-2
18.395,-5.389E-3,-8.282E-2
18.412,-9.099E-3,-8.284E-2
18.429,-1.258E-2,-8.284E-2
18.445,-1.508E-2,-8.276E-2
18.462,-1.726E-2,-8.269E-2
18.479,-1.834E-2,-8.265E-2
18.496,-1.832E-2,-8.267E-2
18.513,-1.697E-2,-8.272E-2
18.530,-1.441E-2,-8.277E-2
18.547,-1.172E-2,-8.289E-2
18.563,-8.188E-3,-8.291E-2
18.580,-4.678E-3,-8.288E-2
18.597,-6.056E-4,-8.270E-2
18.614,2.776E-3,-8.251E-2
18.631,5.324E-3,-8.229E-2
18.648,7.123E-3,-8.209E-2
18.664,7.843E-3,-8.203E-2
18.681,7.631E-3,-8.204E-2
18.698,6.565E-3,-8.216E-2
18.715,4.265E-3,-8.232E-2
18.732,1.303E-3,-8.252E-2
18.749,-2.255E-3,-8.269E-2
18.766,-6.251E-3,-8.284E-2
18.782,-9.725E-3,-8.285E-2
18.799,-1.314E-2,-8.283E-2
18.816,-1.559E-2,-8.273E-2
18.833,-1.741E-2,-8.267E-2
18.850,-1.838E-2,-8.265E-2
18.867,-1.798E-2,-8.267E-2
18.883,-1.638E-2,-8.275E-2
18.900,-1.426E-2,-8.285E-2
18.917,-1.117E-2,-8.290E-2
18.934,-7.555E-3,-8.290E-2
18.951,-3.978E-3,-8.284E-2
18.968,-1.638E-4,-8.270E-2
18.984,3.118E-3,-8.250E-2
19.001,5.722E-3,-8.228E-2
19.018,7.299E-3,-8.213E-2
19.035,7.753E-3,-8.204E-2
19.052,7.393E-3,-8.209E-2
19.069,5.919E-3,-8.222E-2
19.086,3.717E-3,-8.237E-2
19.102,8.497E-4,-8.257E-2
19.119,-2.798E-3,-8.269E-2
19.136,-6.887E-3,-8.284E-2
19.153,-1.052E-2,-8.285E-2
19.170,-1.360E-2,-8.283E-2
19.187,-1.585E-2,-8.278E-2
19.203,-1.749E-2,-8.267E-2
19.220,-1.807E-2,-8.266E-2
19.237,-1.752E-2,-8.269E-2
19.254,-1.579E-2,-8.276E-2
19.271,-1.358E-2,-8.288E-2
19.288,-1.033E-2,-8.291E-2
19.305,-6.938E-3,-8.289E-2
19.321,-3.295E-3,-8.285E-2
19.338,3.796E-4,-8.268E-2
19.355,3.292E-3,-8.245E-2
19.372,5.702E-3,-8.224E-2
19.389,7.397E-3,-8.210E-2
19.406,7.693E-3,-8.206E-2
19.422,7.238E-3,-8.212E-2
19.439,5.454E-3,-8.226E-2
19.456,3.005E-3,-8.246E-2
19.473,-1.214E-4,-8.265E-2
19.490,-4.033E-3,-8.284E-2
19.507,-7.360E-3,-8.287E-2
19.524,-1.095E-2,-8.289E-2
19.540,-1.387E-2,-8.287E-2
19.557,-1.607E-2,-8.278E-2
19.574,-1.745E-2,-8.272E-2
19.591,-1.784E-2,-8.271E-2
19.608,-1.709E-2,-8.273E-2
19.625,-1.504E-2,-8.276E-2
19.641,-1.299E-2,-8.286E-2
19.658,-9.700E-3,-8.291E-2
19.675,-6.284E-3,-8.290E-2
19.692,-2.863E-3,-8.285E-2
19.709,5.713E-4,-8.266E-2
19.726,3.731E-3,-8.245E-2
19.743,6.006E-3,-8.227E-2
19.759,7.437E-3,-8.211E-2
19.776,7.571E-3,-8.212E-2
19.793,6.870E-3,-8.214E-2
19.810,5.223E-3,-8.230E-2
19.827,2.636E-3,-8.246E-2
19.844,-6.269E-4,-8.267E-2
19.860,-3.662E-3,-8.278E-2
19.877,-7.787E-3,-8.287E-2
19.894,-1.121E-2,-8.286E-2
19.911,-1.435E-2,-8.285E-2
19.928,-1.594E-2,-8.277E-2
19.945,-1.738E-2,-8.270E-2
19.962,-1.753E-2,-8.269E-2
19.978,-1.662E-2,-8.274E-2
19.995,-1.496E-2,-8.283E-2
20.012,-1.222E-2,-8.291E-2
20.029,-9.006E-3,-8.291E-2
20.046,-5.477E-3,-8.291E-2
20.063,-2.310E-3,-8.285E-2
20.079,1.013E-3,-8.264E-2
20.096,3.877E-3,-8.247E-2
20.113,6.021E-3,-8.226E-2
20.130,7.230E-3,-8.211E-2
20.147,7.315E-3,-8.215E-2
20.164,6.145E-3,-8.223E-2
20.180,4.595E-3,-8.236E-2
20.197,1.885E-3,-8.254E-2
20.214,-1.318E-3,-8.271E-2
20.231,-5.113E-3,-8.284E-2
20.248,-8.420E-3,-8.290E-2
20.265,-1.158E-2,-8.288E-2
20.282,-1.444E-2,-8.285E-2
20.298,-1.657E-2,-8.283E-2
20.315,-1.730E-2,-8.273E-2
20.332,-1.726E-2,-8.271E-2
20.349,-1.606E-2,-8.278E-2
20.366,-1.442E-2,-8.287E-2
20.383,-1.158E-2,-8.291E-2
20.399,-8.401E-3,-8.294E-2
20.416,-4.962E-3,-8.289E-2
20.433,-1.261E-3,-8.277E-2
20.450,2.181E-3,-8.256E-2
20.467,4.939E-3,-8.234E-2
20.484,6.923E-3,-8.215E-2
20.501,7.499E-3,-8.209E-2
20.517,7.404E-3,-8.210E-2
20.534,6.364E-3,-8.219E-2
20.551,4.470E-3,-8.230E-2
20.568,1.701E-3,-8.250E-2
20.585,-1.614E-3,-8.269E-2
20.602,-4.878E-3,-8.275E-2
20.618,-8.152E-3,-8.276E-2
20.635,-1.179E-2,-8.284E-2
20.652,-1.429E-2,-8.275E-2
20.669,-1.607E-2,-8.269E-2
20.686,-1.694E-2,-8.267E-2
20.703,-1.698E-2,-8.269E-2
20.720,-1.569E-2,-8.272E-2
20.736,-1.411E-2,-8.284E-2
20.753,-1.118E-2,-8.287E-2
20.770,-7.644E-3,-8.289E-2
20.787,-4.567E-3,-8.286E-2
20.804,-5.005E-4,-8.275E-2
20.821,2.555E-3,-8.256E-2
20.837,5.332E-3,-8.232E-2
20.854,6.315E-3,-8.223E-2
20.871,7.384E-3,-8.214E-2
20.888,7.324E-3,-8.215E-2
20.905,5.779E-3,-8.225E-2
20.922,4.184E-3,-8.237E-2
20.939,1.134E-3,-8.251E-2
20.955,-2.298E-3,-8.267E-2
20.972,-5.778E-3,-8.283E-2
20.989,-9.271E-3,-8.287E-2
21.006,-1.215E-2,-8.285E-2
21.023,-1.475E-2,-8.284E-2
21.040,-1.620E-2,-8.277E-2
21.056,-1.695E-2,-8.274E-2
21.073,-1.670E-2,-8.277E-2
21.090,-1.577E-2,-8.282E-2
21.107,-1.367E-2,-8.288E-2
21.124,-1.063E-2,-8.292E-2
21.141,-7.036E-3,-8.291E-2
21.158,-3.972E-3,-8.289E-2
21.174,-2.803E-4,-8.277E-2
21.191,2.722E-3,-8.252E-2
21.208,4.939E-3,-8.233E-2
21.225,6.373E-3,-8.224E-2
21.242,7.235E-3,-8.217E-2
21.259,6.976E-3,-8.215E-2
21.275,5.494E-3,-8.229E-2
21.292,3.166E-3,-8.246E-2
21.309,3.094E-4,-8.266E-2
21.326,-2.435E-3,-8.274E-2
21.343,-6.349E-3,-8.284E-2
21.360,-9.669E-3,-8.286E-2
21.377,-1.249E-2,-8.284E-2
21.393,-1.497E-2,-8.286E-2
21.410,-1.661E-2,-8.282E-2
21.427,-1.696E-2,-8.279E-2
21.444,-1.669E-2,-8.284E-2
21.461,-1.518E-2,-8.289E-2
21.478,-1.306E-2,-8.290E-2
21.494,-9.907E-3,-8.296E-2
21.511,-6.736E-3,-8.296E-2
21.528,-3.536E-3,-8.291E-2
21.545,-5.151E-4,-8.283E-2
21.562,2.377E-3,-8.263E-2
21.579,4.680E-3,-8.245E-2
21.595,6.332E-3,-8.232E-2
21.612,6.616E-3,-8.226E-2
21.629,6.262E-3,-8.227E-2
21.646,4.628E-3,-8.243E-2
21.663,2.420E-3,-8.261E-2
21.680,-3.708E-4,-8.282E-2
21.697,-3.368E-3,-8.294E-2
21.713,-6.604E-3,-8.298E-2
21.730,-9.497E-3,-8.296E-2
21.747,-1.286E-2,-8.292E-2
21.764,-1.504E-2,-8.289E-2
21.781,-1.646E-2,-8.286E-2
21.798,-1.687E-2,-8.289E-2
21.814,-1.625E-2,-8.288E-2
21.831,-1.467E-2,-8.293E-2
21.848,-1.214E-2,-8.297E-2
21.865,-8.996E-3,-8.295E-2
21.882,-5.881E-3,-8.297E-2
21.899,-2.766E-3,-8.291E-2
21.916,-8.373E-5,-8.284E-2
21.932,2.707E-3,-8.266E-2
21.949,4.888E-3,-8.248E-2
21.966,6.299E-3,-8.233E-2
21.983,6.568E-3,-8.227E-2
22.000,6.051E-3,-8.232E-2
22.017,4.415E-3,-8.245E-2
22.033,2.066E-3,-8.265E-2
22.050,-8.730E-4,-8.284E-2
22.067,-4.129E-3,-8.294E-2
22.084,-6.996E-3,-8.298E-2
22.101,-1.015E-2,-8.297E-2
22.118,-1.280E-2,-8.291E-2
22.135,-1.517E-2,-8.287E-2
22.151,-1.650E-2,-8.285E-2
22.168,-1.674E-2,-8.288E-2
22.185,-1.599E-2,-8.291E-2
22.202,-1.406E-2,-8.295E-2
22.219,-1.158E-2,-8.298E-2
22.236,-9.342E-3,-8.305E-2
22.252,-6.119E-3,-8.304E-2
22.269,-2.416E-3,-8.295E-2
22.286,6.347E-4,-8.276E-2
22.303,2.985E-3,-8.263E-2
22.320,4.913E-3,-8.248E-2
22.337,6.484E-3,-8.233E-2
22.354,6.479E-3,-8.232E-2
22.370,6.035E-3,-8.233E-2
22.387,4.139E-3,-8.250E-2
22.404,1.698E-3,-8.265E-2
22.421,-1.307E-3,-8.285E-2
22.438,-4.014E-3,-8.290E-2
22.455,-7.280E-3,-8.296E-2
22.471,-1.029E-2,-8.295E-2
22.488,-1.321E-2,-8.292E-2
22.505,-1.522E-2,-8.284E-2
22.522,-1.626E-2,-8.285E-2
22.539,-1.641E-2,-8.286E-2
22.556,-1.558E-2,-8.290E-2
22.573,-1.388E-2,-8.296E-2
22.589,-1.176E-2,-8.303E-2
22.606,-8.769E-3,-8.307E-2
22.623,-5.837E-3,-8.303E-2
22.640,-2.235E-3,-8.290E-2
22.657,9.054E-4,-8.273E-2
22.674,3.618E-3,-8.256E-2
22.690,4.978E-3,-8.246E-2
22.707,6.177E-3,-8.234E-2
22.724,6.298E-3,-8.234E-2
22.741,5.586E-3,-8.236E-2
22.758,3.784E-3,-8.250E-2
22.775,1.286E-3,-8.266E-2
22.791,-1.863E-3,-8.284E-2
22.808,-4.667E-3,-8.292E-2
22.825,-7.640E-3,-8.296E-2
22.842,-1.075E-2,-8.295E-2
22.859,-1.342E-2,-8.290E-2
22.876,-1.522E-2,-8.290E-2
22.893,-1.634E-2,-8.286E-2
22.909,-1.642E-2,-8.287E-2
22.926,-1.554E-2,-8.291E-2
22.943,-1.363E-2,-8.293E-2
22.960,-1.118E-2,-8.299E-2
22.977,-8.526E-3,-8.303E-2
22.994,-5.125E-3,-8.300E-2
23.010,-2.071E-3,-8.291E-2
23.027,7.444E-4,-8.275E-2
23.044,3.323E-3,-8.254E-2
23.061,4.818E-3,-8.244E-2
23.078,5.876E-3,-8.232E-2
23.095,5.923E-3,-8.234E-2
23.112,5.089E-3,-8.235E-2
23.128,3.264E-3,-8.251E-2
23.145,9.021E-4,-8.269E-2
23.162,-2.227E-3,-8.284E-2
23.179,-5.231E-3,-8.291E-2
23.196,-8.132E-3,-8.293E-2
23.213,-1.125E-2,-8.291E-2
23.229,-1.367E-2,-8.290E-2
23.246,-1.553E-2,-8.286E-2
23.263,-1.613E-2,-8.283E-2
23.280,-1.617E-2,-8.286E-2
23.297,-1.514E-2,-8.291E-2
23.314,-1.312E-2,-8.295E-2
23.331,-1.067E-2,-8.297E-2
23.347,-7.792E-3,-8.299E-2
23.364,-4.700E-3,-8.296E-2
23.381,-1.722E-3,-8.286E-2
23.398,1.135E-3,-8.271E-2
23.415,3.475E-3,-8.250E-2
23.432,5.292E-3,-8.239E-2
23.448,5.884E-3,-8.231E-2
23.465,5.674E-3,-8.231E-2
23.482,4.671E-3,-8.241E-2
23.499,3.144E-3,-8.255E-2
23.516,4.242E-4,-8.273E-2
23.533,-2.668E-3,-8.286E-2
23.550,-5.587E-3,-8.290E-2
23.566,-8.463E-3,-8.295E-2
23.583,-1.127E-2,-8.290E-2
23.600,-1.373E-2,-8.289E-2
23.617,-1.534E-2,-8.286E-2
23.634,-1.602E-2,-8.284E-2
23.651,-1.578E-2,-8.289E-2
23.667,-1.483E-2,-8.293E-2
23.684,-1.283E-2,-8.296E-2
23.701,-9.819E-3,-8.296E-2
23.718,-7.171E-3,-8.298E-2
23.735,-4.222E-3,-8.292E-2
23.752,-1.460E-3,-8.287E-2
23.769,1.279E-3,-8.271E-2
23.785,3.729E-3,-8.254E-2
23.802,4.895E-3,-8.244E-2
23.819,5.881E-3,-8.235E-2
23.836,5.713E-3,-8.234E-2
23.853,4.675E-3,-8.239E-2
23.870,2.869E-3,-8.253E-2
23.886,2.460E-4,-8.270E-2
23.903,-2.907E-3,-8.287E-2
23.920,-5.855E-3,-8.291E-2
23.937,-8.861E-3,-8.291E-2
23.954,-1.150E-2,-8.290E-2
