,mass A,,
t,x,y,
0.000,5.765E-3,-9.008E-2
0.017,5.722E-3,-9.009E-2
0.034,5.706E-3,-9.011E-2
0.051,5.698E-3,-9.011E-2
0.067,5.777E-3,-9.007E-2
0.084,5.776E-3,-9.007E-2
0.101,5.805E-3,-9.007E-2
0.118,5.743E-3,-9.010E-2
0.135,5.740E-3,-9.010E-2
0.152,5.807E-3,-9.007E-2
0.168,5.832E-3,-9.006E-2
0.185,5.839E-3,-9.006E-2
0.202,5.761E-3,-9.008E-2
0.219,5.770E-3,-9.008E-2
0.236,5.794E-3,-9.006E-2
0.253,5.848E-3,-9.003E-2
0.269,5.829E-3,-9.004E-2
0.286,5.805E-3,-9.005E-2
0.303,5.723E-3,-9.010E-2
0.320,5.768E-3,-9.008E-2
0.337,5.750E-3,-9.009E-2
0.354,5.718E-3,-9.010E-2
0.371,5.676E-3,-9.011E-2
0.387,5.580E-3,-9.010E-2
0.404,5.703E-3,-9.010E-2
0.421,5.683E-3,-9.010E-2
0.438,5.696E-3,-9.010E-2
0.455,5.709E-3,-9.010E-2
0.472,5.718E-3,-9.009E-2
0.488,5.725E-3,-9.009E-2
0.505,5.739E-3,-9.009E-2
0.522,5.738E-3,-9.009E-2
0.539,5.737E-3,-9.009E-2
0.556,5.721E-3,-9.009E-2
0.573,5.725E-3,-9.009E-2
0.589,5.744E-3,-9.009E-2
0.606,5.744E-3,-9.009E-2
0.623,5.743E-3,-9.009E-2
0.640,5.724E-3,-9.009E-2
0.657,5.723E-3,-9.010E-2
0.674,5.728E-3,-9.009E-2
0.691,5.747E-3,-9.009E-2
0.707,5.730E-3,-9.009E-2
0.724,5.742E-3,-9.009E-2
0.741,5.740E-3,-9.009E-2
0.758,5.741E-3,-9.009E-2
0.775,5.758E-3,-9.009E-2
0.792,5.754E-3,-9.009E-2
0.808,5.752E-3,-9.009E-2
0.825,5.754E-3,-9.009E-2
0.842,5.755E-3,-9.009E-2
0.859,5.754E-3,-9.009E-2
0.876,5.737E-3,-9.009E-2
0.893,5.739E-3,-9.009E-2
0.909,5.739E-3,-9.009E-2
0.926,5.741E-3,-9.009E-2
0.943,5.740E-3,-9.009E-2
0.960,5.704E-3,-9.010E-2
0.977,5.718E-3,-9.009E-2
0.994,5.722E-3,-9.009E-2
1.011,5.796E-3,-9.006E-2
1.027,5.771E-3,-9.007E-2
1.044,5.768E-3,-9.007E-2
1.061,5.759E-3,-9.008E-2
1.078,5.770E-3,-9.008E-2
1.095,5.795E-3,-9.007E-2
1.112,5.765E-3,-9.008E-2
1.128,5.765E-3,-9.008E-2
1.145,5.765E-3,-9.008E-2
1.162,5.764E-3,-9.008E-2
1.179,5.763E-3,-9.008E-2
1.196,5.770E-3,-9.008E-2
1.213,5.766E-3,-9.008E-2
1.229,5.767E-3,-9.008E-2
1.246,5.759E-3,-9.008E-2
1.263,5.754E-3,-9.009E-2
1.280,5.768E-3,-9.008E-2
1.297,5.767E-3,-9.008E-2
1.314,5.766E-3,-9.008E-2
1.331,5.724E-3,-9.011E-2
1.347,5.774E-3,-9.008E-2
1.364,5.778E-3,-9.007E-2
1.381,5.777E-3,-9.008E-2
1.398,5.726E-3,-9.009E-2
1.415,5.734E-3,-9.009E-2
1.432,5.728E-3,-9.009E-2
1.448,5.731E-3,-9.009E-2
1.465,5.782E-3,-9.008E-2
1.482,5.765E-3,-9.008E-2
1.499,5.768E-3,-9.008E-2
1.516,5.782E-3,-9.008E-2
1.533,5.780E-3,-9.008E-2
1.549,5.744E-3,-9.009E-2
1.566,5.749E-3,-9.008E-2
1.583,5.747E-3,-9.008E-2
1.600,5.747E-3,-9.008E-2
1.617,5.748E-3,-9.008E-2
1.634,5.748E-3,-9.008E-2
1.651,5.750E-3,-9.008E-2
1.667,5.747E-3,-9.008E-2
1.684,5.746E-3,-9.008E-2
1.701,5.735E-3,-9.009E-2
1.718,5.737E-3,-9.009E-2
1.735,5.738E-3,-9.009E-2
1.752,5.738E-3,-9.009E-2
1.768,5.789E-3,-9.008E-2
1.785,5.771E-3,-9.008E-2
1.802,5.768E-3,-9.008E-2
1.819,5.781E-3,-9.008E-2
1.836,5.786E-3,-9.007E-2
1.853,5.783E-3,-9.008E-2
1.869,5.762E-3,-9.008E-2
1.886,5.763E-3,-9.008E-2
1.903,5.766E-3,-9.008E-2
1.920,5.740E-3,-9.008E-2
1.937,5.746E-3,-9.008E-2
1.954,5.722E-3,-9.011E-2
1.971,5.724E-3,-9.010E-2
1.987,5.731E-3,-9.010E-2
2.004,5.733E-3,-9.010E-2
2.021,5.746E-3,-9.009E-2
2.038,5.704E-3,-9.010E-2
2.055,5.746E-3,-9.009E-2
2.072,5.716E-3,-9.010E-2
2.088,5.725E-3,-9.010E-2
2.105,5.729E-3,-9.009E-2
2.122,5.733E-3,-9.009E-2
2.139,5.729E-3,-9.009E-2
2.156,5.723E-3,-9.009E-2
2.173,5.748E-3,-9.008E-2
2.189,5.757E-3,-9.008E-2
2.206,5.722E-3,-9.009E-2
2.223,5.722E-3,-9.009E-2
2.240,5.759E-3,-9.009E-2
2.257,5.726E-3,-9.009E-2
2.274,5.727E-3,-9.009E-2
2.291,5.729E-3,-9.009E-2
2.307,5.731E-3,-9.009E-2
2.324,5.766E-3,-9.008E-2
2.341,5.776E-3,-9.008E-2
2.358,5.748E-3,-9.008E-2
2.375,5.750E-3,-9.008E-2
2.392,5.736E-3,-9.009E-2
2.408,5.755E-3,-9.008E-2
2.425,5.763E-3,-9.008E-2
2.442,5.760E-3,-9.008E-2
2.459,5.791E-3,-9.008E-2
2.476,5.748E-3,-9.008E-2
2.493,5.757E-3,-9.008E-2
2.509,5.755E-3,-9.008E-2
2.526,5.747E-3,-9.008E-2
2.543,5.788E-3,-9.007E-2
2.560,5.763E-3,-9.008E-2
2.577,5.722E-3,-9.009E-2
2.594,5.720E-3,-9.009E-2
2.611,5.718E-3,-9.009E-2
2.627,5.725E-3,-9.009E-2
2.644,5.750E-3,-9.009E-2
2.661,5.739E-3,-9.009E-2
2.678,5.755E-3,-9.009E-2
2.695,5.738E-3,-9.009E-2
2.712,5.807E-3,-9.008E-2
2.728,5.761E-3,-9.009E-2
2.745,5.760E-3,-9.009E-2
2.762,5.784E-3,-9.008E-2
2.779,5.770E-3,-9.008E-2
2.796,5.785E-3,-9.008E-2
2.813,5.779E-3,-9.008E-2
2.829,5.761E-3,-9.008E-2
2.846,5.760E-3,-9.008E-2
2.863,5.762E-3,-9.008E-2
2.880,5.727E-3,-9.009E-2
2.897,5.775E-3,-9.008E-2
2.914,5.769E-3,-9.008E-2
2.931,5.765E-3,-9.008E-2
2.947,5.731E-3,-9.009E-2
2.964,5.772E-3,-9.008E-2
2.981,5.781E-3,-9.008E-2
2.998,5.776E-3,-9.008E-2
3.015,5.775E-3,-9.008E-2
3.032,5.778E-3,-9.008E-2
3.048,5.742E-3,-9.009E-2
3.065,5.744E-3,-9.009E-2
3.082,5.743E-3,-9.009E-2
3.099,5.746E-3,-9.009E-2
3.116,5.744E-3,-9.009E-2
3.133,5.747E-3,-9.009E-2
3.149,5.748E-3,-9.009E-2
3.166,5.785E-3,-9.008E-2
3.183,5.777E-3,-9.008E-2
3.200,5.776E-3,-9.008E-2
3.217,5.738E-3,-9.009E-2
3.234,5.742E-3,-9.009E-2
3.251,5.742E-3,-9.009E-2
3.267,5.743E-3,-9.009E-2
3.284,5.755E-3,-9.009E-2
3.301,5.738E-3,-9.009E-2
3.318,5.741E-3,-9.009E-2
3.335,5.740E-3,-9.009E-2
3.352,5.727E-3,-9.009E-2
3.368,5.768E-3,-9.008E-2
3.385,5.763E-3,-9.009E-2
3.402,5.765E-3,-9.009E-2
3.419,5.730E-3,-9.009E-2
3.436,5.734E-3,-9.009E-2
3.453,5.741E-3,-9.009E-2
3.469,5.740E-3,-9.009E-2
3.486,5.743E-3,-9.009E-2
3.503,5.778E-3,-9.008E-2
3.520,5.760E-3,-9.008E-2
3.537,5.765E-3,-9.008E-2
3.554,5.791E-3,-9.008E-2
3.571,5.750E-3,-9.009E-2
3.587,5.734E-3,-9.009E-2
3.604,5.736E-3,-9.009E-2
3.621,5.748E-3,-9.009E-2
3.638,5.747E-3,-9.009E-2
3.655,5.749E-3,-9.009E-2
3.672,5.748E-3,-9.009E-2
3.688,5.748E-3,-9.009E-2
3.705,5.748E-3,-9.009E-2
3.722,5.760E-3,-9.008E-2
3.739,5.745E-3,-9.009E-2
3.756,5.748E-3,-9.009E-2
3.773,5.748E-3,-9.009E-2
3.789,5.758E-3,-9.008E-2
3.806,5.796E-3,-9.007E-2
3.823,5.779E-3,-9.008E-2
3.840,5.764E-3,-9.009E-2
3.857,5.767E-3,-9.008E-2
3.874,5.778E-3,-9.008E-2
3.891,5.789E-3,-9.008E-2
3.907,5.785E-3,-9.008E-2
3.924,5.784E-3,-9.008E-2
3.941,5.781E-3,-9.008E-2
3.958,5.779E-3,-9.008E-2
3.975,5.780E-3,-9.008E-2
3.992,5.779E-3,-9.008E-2
4.008,5.767E-3,-9.008E-2
4.025,5.770E-3,-9.008E-2
4.042,5.750E-3,-9.008E-2
4.059,5.722E-3,-9.009E-2
4.076,5.744E-3,-9.008E-2
4.093,5.783E-3,-9.008E-2
4.109,5.732E-3,-9.009E-2
4.126,5.785E-3,-9.008E-2
4.143,5.834E-3,-9.007E-2
4.160,6.059E-3,-9.009E-2
4.177,7.850E-3,-9.047E-2
4.194,1.120E-2,-9.112E-2
4.211,1.678E-2,-9.194E-2
4.227,2.521E-2,-9.294E-2
4.244,3.676E-2,-9.397E-2
4.261,4.684E-2,-9.399E-2
4.278,,
4.295,,
4.312,,
4.328,8.954E-2,-8.986E-2
4.345,9.483E-2,-8.885E-2
4.362,9.671E-2,-8.844E-2
4.379,9.497E-2,-8.883E-2
4.396,8.966E-2,-8.987E-2
4.413,,
4.429,,
4.446,,
4.463,4.736E-2,-9.414E-2
4.480,3.549E-2,-9.375E-2
4.497,2.542E-2,-9.293E-2
4.514,1.619E-2,-9.172E-2
4.531,1.093E-2,-9.088E-2
4.547,7.775E-3,-9.029E-2
4.564,8.068E-3,-9.027E-2
4.581,1.139E-2,-9.093E-2
4.598,1.768E-2,-9.191E-2
4.615,2.645E-2,-9.294E-2
4.632,3.850E-2,-9.395E-2
4.648,5.049E-2,-9.419E-2
4.665,6.287E-2,-9.377E-2
4.682,7.675E-2,-9.289E-2
4.699,8.615E-2,-9.151E-2
4.716,9.359E-2,-9.028E-2
4.733,9.766E-2,-8.933E-2
4.749,9.917E-2,-8.906E-2
4.766,9.718E-2,-8.948E-2
4.783,9.204E-2,-9.049E-2
4.800,8.463E-2,-9.186E-2
4.817,7.399E-2,-9.315E-2
4.834,6.156E-2,-9.401E-2
4.851,4.810E-2,-9.419E-2
4.867,3.686E-2,-9.395E-2
4.884,2.645E-2,-9.314E-2
4.901,1.806E-2,-9.212E-2
4.918,1.264E-2,-9.132E-2
4.935,9.541E-3,-9.066E-2
4.952,9.748E-3,-9.068E-2
4.968,1.317E-2,-9.130E-2
4.985,1.916E-2,-9.215E-2
5.002,2.816E-2,-9.318E-2
5.019,3.936E-2,-9.394E-2
5.036,5.153E-2,-9.416E-2
5.053,6.565E-2,-9.379E-2
5.069,7.713E-2,-9.275E-2
5.086,8.699E-2,-9.142E-2
5.103,9.284E-2,-9.010E-2
5.120,9.557E-2,-8.884E-2
5.137,9.650E-2,-8.864E-2
5.154,9.371E-2,-8.907E-2
5.171,8.837E-2,-9.031E-2
5.187,7.960E-2,-9.175E-2
5.204,6.913E-2,-9.299E-2
5.221,5.925E-2,-9.399E-2
5.238,4.682E-2,-9.417E-2
5.255,3.424E-2,-9.356E-2
5.272,2.431E-2,-9.275E-2
5.288,1.553E-2,-9.152E-2
5.305,1.122E-2,-9.092E-2
5.322,8.213E-3,-9.029E-2
5.339,9.972E-3,-9.071E-2
5.356,1.378E-2,-9.130E-2
5.373,2.077E-2,-9.231E-2
5.389,3.004E-2,-9.335E-2
5.406,4.100E-2,-9.395E-2
5.423,5.215E-2,-9.397E-2
5.440,6.342E-2,-9.337E-2
5.457,7.474E-2,-9.231E-2
5.474,8.499E-2,-9.109E-2
5.491,9.135E-2,-8.968E-2
5.507,9.476E-2,-8.865E-2
5.524,9.570E-2,-8.863E-2
5.541,9.298E-2,-8.928E-2
5.558,8.729E-2,-9.051E-2
5.575,7.878E-2,-9.191E-2
5.592,6.800E-2,-9.313E-2
5.608,5.710E-2,-9.395E-2
5.625,4.442E-2,-9.397E-2
5.642,3.354E-2,-9.355E-2
5.659,2.308E-2,-9.255E-2
5.676,1.455E-2,-9.131E-2
5.693,9.611E-3,-9.050E-2
5.709,8.896E-3,-9.047E-2
5.726,1.005E-2,-9.069E-2
5.743,1.398E-2,-9.130E-2
5.760,2.105E-2,-9.234E-2
5.777,3.064E-2,-9.336E-2
5.794,4.076E-2,-9.376E-2
5.811,5.226E-2,-9.378E-2
5.827,6.423E-2,-9.331E-2
5.844,7.470E-2,-9.217E-2
5.861,8.441E-2,-9.085E-2
5.878,9.068E-2,-8.946E-2
5.895,9.418E-2,-8.862E-2
5.912,9.460E-2,-8.867E-2
5.928,9.144E-2,-8.929E-2
5.945,8.552E-2,-9.067E-2
5.962,7.661E-2,-9.206E-2
5.979,6.577E-2,-9.322E-2
5.996,5.379E-2,-9.380E-2
6.013,4.199E-2,-9.377E-2
6.029,3.161E-2,-9.334E-2
6.046,2.142E-2,-9.235E-2
6.063,1.337E-2,-9.111E-2
6.080,8.558E-3,-9.031E-2
6.097,7.256E-3,-9.007E-2
6.114,9.234E-3,-9.049E-2
6.131,1.400E-2,-9.129E-2
6.147,2.141E-2,-9.235E-2
6.164,3.131E-2,-9.336E-2
6.181,4.259E-2,-9.397E-2
6.198,5.435E-2,-9.397E-2
6.215,6.583E-2,-9.333E-2
6.232,7.981E-2,-9.253E-2
6.248,8.567E-2,-9.091E-2
6.265,9.180E-2,-8.967E-2
6.282,9.501E-2,-8.887E-2
6.299,9.505E-2,-8.886E-2
6.316,9.210E-2,-8.947E-2
6.333,8.570E-2,-9.074E-2
6.349,7.650E-2,-9.217E-2
6.366,6.627E-2,-9.338E-2
6.383,5.417E-2,-9.396E-2
6.400,4.216E-2,-9.398E-2
6.417,3.173E-2,-9.355E-2
6.434,2.165E-2,-9.254E-2
6.451,1.433E-2,-9.152E-2
6.467,1.010E-2,-9.089E-2
6.484,8.791E-3,-9.071E-2
6.501,1.145E-2,-9.132E-2
6.518,1.642E-2,-9.212E-2
6.535,2.360E-2,-9.313E-2
6.552,3.287E-2,-9.395E-2
6.568,4.298E-2,-9.419E-2
6.585,5.519E-2,-9.417E-2
6.602,6.718E-2,-9.353E-2
6.619,7.676E-2,-9.235E-2
6.636,8.468E-2,-9.093E-2
6.653,9.079E-2,-8.986E-2
6.669,9.368E-2,-8.924E-2
6.686,9.308E-2,-8.926E-2
6.703,8.974E-2,-9.010E-2
6.720,8.333E-2,-9.127E-2
6.737,7.533E-2,-9.271E-2
6.754,6.453E-2,-9.376E-2
6.771,5.206E-2,-9.417E-2
6.787,4.096E-2,-9.418E-2
6.804,3.028E-2,-9.356E-2
6.821,2.082E-2,-9.256E-2
6.838,1.463E-2,-9.169E-2
6.855,1.156E-2,-9.129E-2
6.872,1.030E-2,-9.110E-2
6.888,1.262E-2,-9.153E-2
6.905,1.686E-2,-9.211E-2
6.922,2.477E-2,-9.314E-2
6.939,3.440E-2,-9.396E-2
6.956,4.431E-2,-9.420E-2
6.973,5.834E-2,-9.436E-2
6.990,6.911E-2,-9.358E-2
7.006,7.988E-2,-9.255E-2
7.023,8.516E-2,-9.091E-2
7.040,9.094E-2,-8.989E-2
7.057,9.316E-2,-8.930E-2
7.074,9.272E-2,-8.943E-2
7.091,8.910E-2,-9.029E-2
7.107,8.252E-2,-9.148E-2
7.124,7.530E-2,-9.294E-2
7.141,6.464E-2,-9.396E-2
7.158,5.376E-2,-9.455E-2
7.175,4.142E-2,-9.436E-2
7.192,3.077E-2,-9.375E-2
7.208,2.222E-2,-9.292E-2
7.225,1.611E-2,-9.213E-2
7.242,1.239E-2,-9.148E-2
7.259,1.127E-2,-9.132E-2
7.276,1.363E-2,-9.169E-2
7.293,1.875E-2,-9.255E-2
7.310,2.620E-2,-9.336E-2
7.326,3.514E-2,-9.399E-2
7.343,4.625E-2,-9.438E-2
7.360,5.926E-2,-9.439E-2
7.377,6.917E-2,-9.353E-2
7.394,8.061E-2,-9.250E-2
7.411,8.794E-2,-9.131E-2
7.427,9.273E-2,-9.030E-2
7.444,9.508E-2,-8.989E-2
7.461,9.425E-2,-9.009E-2
7.478,9.046E-2,-9.085E-2
7.495,8.347E-2,-9.192E-2
7.512,7.496E-2,-9.312E-2
7.528,6.321E-2,-9.399E-2
7.545,5.260E-2,-9.456E-2
7.562,4.064E-2,-9.438E-2
7.579,3.041E-2,-9.378E-2
7.596,2.213E-2,-9.294E-2
7.613,1.610E-2,-9.215E-2
7.630,1.243E-2,-9.154E-2
7.646,1.217E-2,-9.148E-2
7.663,1.462E-2,-9.189E-2
7.680,1.927E-2,-9.254E-2
7.697,2.656E-2,-9.337E-2
7.714,3.668E-2,-9.416E-2
7.731,4.715E-2,-9.437E-2
7.747,6.033E-2,-9.437E-2
7.764,7.094E-2,-9.356E-2
7.781,8.117E-2,-9.248E-2
7.798,8.820E-2,-9.130E-2
7.815,9.308E-2,-9.044E-2
7.832,9.504E-2,-9.009E-2
7.848,9.392E-2,-9.027E-2
7.865,9.000E-2,-9.107E-2
7.882,8.295E-2,-9.214E-2
7.899,7.289E-2,-9.318E-2
7.916,6.327E-2,-9.415E-2
7.933,5.170E-2,-9.460E-2
7.950,4.013E-2,-9.437E-2
7.966,3.015E-2,-9.376E-2
7.983,2.193E-2,-9.295E-2
8.000,1.606E-2,-9.210E-2
8.017,1.244E-2,-9.154E-2
8.034,1.232E-2,-9.151E-2
8.051,1.478E-2,-9.192E-2
8.067,2.031E-2,-9.272E-2
8.084,2.802E-2,-9.356E-2
8.101,3.738E-2,-9.419E-2
8.118,4.786E-2,-9.439E-2
8.135,5.939E-2,-9.414E-2
8.152,6.991E-2,-9.335E-2
8.168,7.892E-2,-9.213E-2
8.185,8.625E-2,-9.091E-2
8.202,9.045E-2,-8.988E-2
8.219,9.208E-2,-8.946E-2
8.236,9.058E-2,-8.971E-2
8.253,8.684E-2,-9.072E-2
8.270,8.003E-2,-9.191E-2
8.286,7.084E-2,-9.312E-2
8.303,5.994E-2,-9.395E-2
8.320,4.932E-2,-9.435E-2
8.337,3.850E-2,-9.416E-2
8.354,2.879E-2,-9.358E-2
8.371,2.023E-2,-9.255E-2
8.387,1.521E-2,-9.191E-2
8.404,1.250E-2,-9.151E-2
8.421,1.246E-2,-9.152E-2
8.438,1.508E-2,-9.194E-2
8.455,2.084E-2,-9.275E-2
8.472,2.859E-2,-9.357E-2
8.488,3.814E-2,-9.415E-2
8.505,4.876E-2,-9.437E-2
8.522,5.924E-2,-9.398E-2
8.539,6.970E-2,-9.317E-2
8.556,7.857E-2,-9.196E-2
8.573,8.623E-2,-9.091E-2
8.590,9.033E-2,-8.990E-2
8.606,9.210E-2,-8.963E-2
8.623,9.029E-2,-8.986E-2
8.640,8.630E-2,-9.089E-2
8.657,7.953E-2,-9.210E-2
8.674,6.976E-2,-9.317E-2
8.691,5.931E-2,-9.398E-2
8.707,4.862E-2,-9.437E-2
8.724,3.810E-2,-9.416E-2
8.741,2.865E-2,-9.356E-2
8.758,2.100E-2,-9.276E-2
8.775,1.598E-2,-9.212E-2
8.792,1.267E-2,-9.153E-2
8.808,1.271E-2,-9.152E-2
8.825,1.543E-2,-9.191E-2
8.842,2.123E-2,-9.276E-2
8.859,2.911E-2,-9.356E-2
8.876,3.882E-2,-9.419E-2
8.893,4.957E-2,-9.436E-2
8.910,6.005E-2,-9.396E-2
8.926,7.224E-2,-9.334E-2
8.943,8.157E-2,-9.230E-2
8.960,8.755E-2,-9.111E-2
8.977,9.249E-2,-9.047E-2
8.994,9.166E-2,-8.968E-2
9.011,9.015E-2,-9.009E-2
9.027,8.714E-2,-9.130E-2
9.044,7.926E-2,-9.234E-2
9.061,7.003E-2,-9.335E-2
9.078,5.968E-2,-9.418E-2
9.095,4.832E-2,-9.438E-2
9.112,3.779E-2,-9.418E-2
9.128,2.848E-2,-9.355E-2
9.145,2.089E-2,-9.274E-2
9.162,1.609E-2,-9.214E-2
9.179,1.353E-2,-9.171E-2
9.196,1.365E-2,-9.173E-2
9.213,1.648E-2,-9.211E-2
9.230,2.243E-2,-9.296E-2
9.246,3.054E-2,-9.375E-2
9.263,3.929E-2,-9.418E-2
9.280,5.182E-2,-9.456E-2
9.297,6.248E-2,-9.416E-2
9.314,7.279E-2,-9.334E-2
9.331,8.092E-2,-9.215E-2
9.347,8.652E-2,-9.089E-2
9.364,9.037E-2,-9.007E-2
9.381,9.167E-2,-8.985E-2
9.398,8.920E-2,-9.010E-2
9.415,8.494E-2,-9.108E-2
9.432,7.812E-2,-9.233E-2
9.448,6.854E-2,-9.336E-2
9.465,5.859E-2,-9.415E-2
9.482,4.757E-2,-9.437E-2
9.499,3.745E-2,-9.417E-2
9.516,2.834E-2,-9.353E-2
9.533,2.087E-2,-9.274E-2
9.550,1.612E-2,-9.213E-2
9.566,1.358E-2,-9.171E-2
9.583,1.383E-2,-9.170E-2
9.600,1.744E-2,-9.232E-2
9.617,2.270E-2,-9.296E-2
9.634,3.076E-2,-9.375E-2
9.651,3.984E-2,-9.420E-2
9.667,5.084E-2,-9.439E-2
9.684,6.292E-2,-9.415E-2
9.701,7.207E-2,-9.316E-2
9.718,8.090E-2,-9.214E-2
9.735,8.649E-2,-9.091E-2
9.752,9.001E-2,-9.006E-2
9.768,9.101E-2,-8.986E-2
9.785,8.904E-2,-9.026E-2
9.802,8.475E-2,-9.128E-2
9.819,7.727E-2,-9.237E-2
9.836,6.901E-2,-9.352E-2
9.853,5.819E-2,-9.417E-2
9.870,4.715E-2,-9.437E-2
9.886,3.712E-2,-9.414E-2
9.903,2.810E-2,-9.354E-2
9.920,2.080E-2,-9.276E-2
9.937,1.615E-2,-9.213E-2
9.954,1.376E-2,-9.172E-2
9.971,1.393E-2,-9.173E-2
9.987,1.768E-2,-9.232E-2
10.004,2.291E-2,-9.296E-2
10.021,3.127E-2,-9.377E-2
10.038,4.137E-2,-9.436E-2
10.055,5.167E-2,-9.440E-2
10.072,6.238E-2,-9.398E-2
10.088,7.258E-2,-9.316E-2
10.105,8.126E-2,-9.213E-2
10.122,8.638E-2,-9.088E-2
10.139,8.964E-2,-9.007E-2
10.156,9.036E-2,-8.990E-2
10.173,8.832E-2,-9.030E-2
10.190,8.383E-2,-9.131E-2
10.206,7.710E-2,-9.251E-2
10.223,6.797E-2,-9.354E-2
10.240,5.721E-2,-9.418E-2
10.257,4.672E-2,-9.437E-2
10.274,3.687E-2,-9.416E-2
10.291,2.802E-2,-9.356E-2
10.307,2.087E-2,-9.275E-2
10.324,1.622E-2,-9.211E-2
10.341,1.386E-2,-9.174E-2
10.358,1.480E-2,-9.191E-2
10.375,1.795E-2,-9.236E-2
10.392,2.414E-2,-9.315E-2
10.408,3.171E-2,-9.378E-2
10.425,4.183E-2,-9.435E-2
10.442,5.216E-2,-9.438E-2
10.459,6.263E-2,-9.394E-2
10.476,7.256E-2,-9.313E-2
10.493,8.111E-2,-9.213E-2
10.510,8.625E-2,-9.091E-2
10.526,8.928E-2,-9.012E-2
10.543,9.044E-2,-9.005E-2
10.560,8.823E-2,-9.046E-2
10.577,8.385E-2,-9.150E-2
10.594,7.619E-2,-9.254E-2
10.611,6.719E-2,-9.357E-2
10.627,5.674E-2,-9.417E-2
10.644,4.631E-2,-9.437E-2
10.661,3.671E-2,-9.415E-2
10.678,2.717E-2,-9.337E-2
10.695,2.090E-2,-9.273E-2
10.712,1.630E-2,-9.215E-2
10.728,1.396E-2,-9.172E-2
10.745,1.503E-2,-9.190E-2
10.762,1.885E-2,-9.252E-2
10.779,2.446E-2,-9.313E-2
10.796,3.285E-2,-9.397E-2
10.813,4.228E-2,-9.438E-2
10.830,5.251E-2,-9.440E-2
10.846,6.302E-2,-9.396E-2
10.863,7.167E-2,-9.295E-2
10.880,8.015E-2,-9.192E-2
10.897,8.601E-2,-9.086E-2
10.914,8.888E-2,-9.012E-2
10.931,8.982E-2,-9.005E-2
10.947,8.740E-2,-9.048E-2
10.964,8.269E-2,-9.148E-2
10.981,7.534E-2,-9.256E-2
10.998,6.644E-2,-9.356E-2
11.015,5.608E-2,-9.417E-2
11.032,4.597E-2,-9.439E-2
11.048,3.651E-2,-9.415E-2
11.065,2.794E-2,-9.353E-2
11.082,2.085E-2,-9.275E-2
11.099,1.630E-2,-9.215E-2
11.116,1.488E-2,-9.195E-2
11.133,1.599E-2,-9.212E-2
11.150,1.912E-2,-9.252E-2
11.166,2.542E-2,-9.333E-2
11.183,3.320E-2,-9.395E-2
11.200,4.257E-2,-9.437E-2
11.217,5.291E-2,-9.440E-2
11.234,6.239E-2,-9.378E-2
11.251,7.208E-2,-9.295E-2
11.267,8.030E-2,-9.193E-2
11.284,8.586E-2,-9.090E-2
11.301,8.912E-2,-9.029E-2
11.318,8.920E-2,-9.008E-2
11.335,8.745E-2,-9.070E-2
11.352,8.208E-2,-9.152E-2
11.368,7.555E-2,-9.270E-2
11.385,6.583E-2,-9.359E-2
11.402,5.590E-2,-9.419E-2
11.419,4.586E-2,-9.436E-2
11.436,3.560E-2,-9.399E-2
11.453,2.722E-2,-9.335E-2
11.470,2.010E-2,-9.253E-2
11.486,1.650E-2,-9.215E-2
11.503,1.497E-2,-9.192E-2
11.520,1.612E-2,-9.213E-2
11.537,1.946E-2,-9.254E-2
11.554,2.586E-2,-9.333E-2
11.571,3.356E-2,-9.396E-2
11.587,4.300E-2,-9.436E-2
11.604,5.219E-2,-9.419E-2
11.621,6.260E-2,-9.377E-2
11.638,7.221E-2,-9.295E-2
11.655,8.018E-2,-9.192E-2
11.672,8.559E-2,-9.088E-2
11.688,8.866E-2,-9.024E-2
11.705,8.924E-2,-9.025E-2
11.722,8.665E-2,-9.071E-2
11.739,8.140E-2,-9.153E-2
11.756,7.381E-2,-9.258E-2
11.773,6.530E-2,-9.356E-2
11.790,5.527E-2,-9.417E-2
11.806,4.548E-2,-9.435E-2
11.823,3.540E-2,-9.397E-2
11.840,2.721E-2,-9.337E-2
11.857,2.094E-2,-9.273E-2
11.874,1.656E-2,-9.214E-2
11.891,1.515E-2,-9.193E-2
11.907,1.634E-2,-9.214E-2
11.924,1.962E-2,-9.255E-2
11.941,2.606E-2,-9.334E-2
11.958,3.389E-2,-9.398E-2
11.975,4.326E-2,-9.435E-2
11.992,5.370E-2,-9.436E-2
12.008,6.419E-2,-9.397E-2
12.025,7.355E-2,-9.315E-2
12.042,8.107E-2,-9.212E-2
12.059,8.528E-2,-9.092E-2
12.076,8.819E-2,-9.029E-2
12.093,8.875E-2,-9.028E-2
12.110,8.609E-2,-9.071E-2
12.126,8.154E-2,-9.172E-2
12.143,7.418E-2,-9.275E-2
12.160,6.589E-2,-9.374E-2
12.177,5.614E-2,-9.436E-2
12.194,4.544E-2,-9.437E-2
12.211,3.642E-2,-9.416E-2
12.227,2.799E-2,-9.357E-2
12.244,2.108E-2,-9.275E-2
12.261,1.757E-2,-9.234E-2
12.278,1.603E-2,-9.212E-2
12.295,1.653E-2,-9.215E-2
12.312,2.056E-2,-9.272E-2
12.328,2.632E-2,-9.338E-2
12.345,3.408E-2,-9.394E-2
12.362,4.351E-2,-9.438E-2
12.379,5.384E-2,-9.437E-2
12.396,6.415E-2,-9.398E-2
12.413,7.228E-2,-9.293E-2
12.430,7.982E-2,-9.191E-2
12.446,8.566E-2,-9.110E-2
12.463,8.836E-2,-9.047E-2
12.480,8.877E-2,-9.048E-2
12.497,8.606E-2,-9.091E-2
12.514,8.187E-2,-9.191E-2
12.531,7.476E-2,-9.294E-2
12.547,6.507E-2,-9.377E-2
12.564,5.559E-2,-9.439E-2
12.581,4.506E-2,-9.438E-2
12.598,3.610E-2,-9.415E-2
12.615,2.791E-2,-9.354E-2
12.632,2.115E-2,-9.273E-2
12.648,1.763E-2,-9.232E-2
12.665,1.613E-2,-9.214E-2
12.682,1.742E-2,-9.232E-2
12.699,2.069E-2,-9.275E-2
12.716,2.637E-2,-9.337E-2
12.733,3.432E-2,-9.398E-2
12.750,4.366E-2,-9.436E-2
12.766,5.365E-2,-9.434E-2
12.783,6.315E-2,-9.379E-2
12.800,7.208E-2,-9.294E-2
12.817,7.970E-2,-9.193E-2
12.834,8.464E-2,-9.093E-2
12.851,8.796E-2,-9.048E-2
12.867,8.772E-2,-9.031E-2
12.884,8.562E-2,-9.090E-2
12.901,8.042E-2,-9.173E-2
12.918,7.324E-2,-9.276E-2
12.935,6.518E-2,-9.376E-2
12.952,5.479E-2,-9.419E-2
12.968,4.524E-2,-9.437E-2
12.985,3.536E-2,-9.398E-2
13.002,2.818E-2,-9.357E-2
13.019,2.131E-2,-9.274E-2
13.036,1.782E-2,-9.233E-2
13.053,1.632E-2,-9.214E-2
13.070,1.761E-2,-9.232E-2
13.086,2.167E-2,-9.294E-2
13.103,2.665E-2,-9.335E-2
13.120,3.455E-2,-9.398E-2
13.137,4.401E-2,-9.437E-2
13.154,5.416E-2,-9.439E-2
13.171,6.315E-2,-9.378E-2
13.187,7.213E-2,-9.296E-2
13.204,7.942E-2,-9.191E-2
13.221,8.488E-2,-9.109E-2
13.238,8.749E-2,-9.050E-2
13.255,8.780E-2,-9.046E-2
13.272,8.513E-2,-9.089E-2
13.288,8.068E-2,-9.189E-2
13.305,7.276E-2,-9.277E-2
13.322,6.367E-2,-9.357E-2
13.339,5.432E-2,-9.418E-2
13.356,4.501E-2,-9.436E-2
13.373,3.545E-2,-9.395E-2
13.390,2.734E-2,-9.337E-2
13.406,2.139E-2,-9.272E-2
13.423,1.719E-2,-9.214E-2
13.440,1.575E-2,-9.193E-2
13.457,1.709E-2,-9.211E-2
13.474,2.109E-2,-9.274E-2
13.491,2.675E-2,-9.336E-2
13.507,3.472E-2,-9.398E-2
13.524,4.320E-2,-9.417E-2
13.541,5.301E-2,-9.416E-2
13.558,6.304E-2,-9.374E-2
13.575,7.198E-2,-9.293E-2
13.592,7.918E-2,-9.192E-2
13.608,8.446E-2,-9.110E-2
13.625,8.695E-2,-9.049E-2
13.642,8.724E-2,-9.052E-2
13.659,8.451E-2,-9.090E-2
13.676,8.021E-2,-9.190E-2
13.693,7.343E-2,-9.294E-2
13.710,6.474E-2,-9.374E-2
13.726,5.550E-2,-9.435E-2
13.743,4.526E-2,-9.437E-2
13.760,3.641E-2,-9.418E-2
13.777,2.810E-2,-9.356E-2
13.794,2.215E-2,-9.293E-2
13.811,1.789E-2,-9.232E-2
13.827,1.645E-2,-9.212E-2
13.844,1.779E-2,-9.234E-2
13.861,2.119E-2,-9.272E-2
13.878,2.693E-2,-9.337E-2
13.895,3.467E-2,-9.395E-2
13.912,4.406E-2,-9.436E-2
13.928,5.399E-2,-9.437E-2
13.945,6.267E-2,-9.376E-2
13.962,7.146E-2,-9.296E-2
13.979,7.861E-2,-9.193E-2
13.996,8.392E-2,-9.110E-2
14.013,8.701E-2,-9.065E-2
14.030,8.727E-2,-9.069E-2
14.046,8.461E-2,-9.112E-2
14.063,7.966E-2,-9.190E-2
14.080,7.396E-2,-9.316E-2
14.097,6.553E-2,-9.394E-2
14.114,5.534E-2,-9.439E-2
14.131,4.521E-2,-9.438E-2
14.147,3.640E-2,-9.418E-2
14.164,2.835E-2,-9.354E-2
14.181,2.219E-2,-9.293E-2
14.198,1.877E-2,-9.255E-2
14.215,1.735E-2,-9.235E-2
14.232,1.873E-2,-9.251E-2
14.248,2.213E-2,-9.295E-2
14.265,2.790E-2,-9.355E-2
14.282,3.570E-2,-9.415E-2
14.299,4.486E-2,-9.456E-2
14.316,5.375E-2,-9.440E-2
14.333,6.255E-2,-9.379E-2
14.350,7.224E-2,-9.314E-2
14.366,7.903E-2,-9.212E-2
14.383,8.401E-2,-9.131E-2
14.400,8.717E-2,-9.088E-2
14.417,8.660E-2,-9.067E-2
14.434,8.401E-2,-9.113E-2
14.451,7.904E-2,-9.193E-2
14.467,7.228E-2,-9.292E-2
14.484,6.381E-2,-9.374E-2
14.501,5.403E-2,-9.419E-2
14.518,4.489E-2,-9.435E-2
14.535,3.626E-2,-9.416E-2
14.552,2.824E-2,-9.357E-2
14.568,2.226E-2,-9.297E-2
14.585,1.879E-2,-9.255E-2
14.602,1.739E-2,-9.234E-2
14.619,1.874E-2,-9.251E-2
14.636,2.213E-2,-9.294E-2
14.653,2.788E-2,-9.355E-2
14.670,3.567E-2,-9.415E-2
14.686,4.399E-2,-9.438E-2
14.703,5.377E-2,-9.438E-2
14.720,6.248E-2,-9.376E-2
14.737,7.186E-2,-9.313E-2
14.754,7.862E-2,-9.211E-2
14.771,8.361E-2,-9.131E-2
14.787,8.676E-2,-9.089E-2
14.804,8.630E-2,-9.071E-2
14.821,8.371E-2,-9.111E-2
14.838,7.889E-2,-9.196E-2
14.855,7.238E-2,-9.294E-2
14.872,6.400E-2,-9.376E-2
14.888,5.511E-2,-9.434E-2
14.905,4.523E-2,-9.437E-2
14.922,3.667E-2,-9.416E-2
14.939,2.860E-2,-9.358E-2
14.956,2.256E-2,-9.294E-2
14.973,1.906E-2,-9.254E-2
14.990,1.759E-2,-9.234E-2
15.006,1.889E-2,-9.252E-2
15.023,2.230E-2,-9.295E-2
15.040,2.805E-2,-9.356E-2
15.057,3.587E-2,-9.415E-2
15.074,4.422E-2,-9.438E-2
15.091,5.384E-2,-9.437E-2
15.107,6.344E-2,-9.396E-2
15.124,7.158E-2,-9.315E-2
15.141,7.898E-2,-9.232E-2
15.158,8.330E-2,-9.128E-2
15.175,8.572E-2,-9.071E-2
15.192,8.595E-2,-9.069E-2
15.208,8.354E-2,-9.110E-2
15.225,7.893E-2,-9.194E-2
15.242,7.240E-2,-9.294E-2
15.259,6.456E-2,-9.378E-2
15.276,5.439E-2,-9.417E-2
15.293,4.562E-2,-9.437E-2
15.310,3.710E-2,-9.415E-2
15.326,2.900E-2,-9.357E-2
15.343,2.289E-2,-9.296E-2
15.360,1.932E-2,-9.252E-2
15.377,1.786E-2,-9.232E-2
15.394,1.912E-2,-9.251E-2
15.411,2.248E-2,-9.295E-2
15.427,2.825E-2,-9.355E-2
15.444,3.518E-2,-9.398E-2
15.461,4.414E-2,-9.439E-2
15.478,5.371E-2,-9.439E-2
15.495,6.320E-2,-9.395E-2
15.512,7.114E-2,-9.316E-2
15.528,7.850E-2,-9.233E-2
15.545,8.365E-2,-9.151E-2
15.562,8.584E-2,-9.091E-2
15.579,8.563E-2,-9.073E-2
15.596,8.323E-2,-9.113E-2
15.613,7.895E-2,-9.193E-2
15.630,7.264E-2,-9.292E-2
15.646,6.447E-2,-9.375E-2
15.663,5.505E-2,-9.417E-2
15.680,4.601E-2,-9.438E-2
15.697,3.729E-2,-9.416E-2
15.714,2.930E-2,-9.356E-2
15.731,2.322E-2,-9.293E-2
15.747,1.962E-2,-9.255E-2
15.764,1.814E-2,-9.235E-2
15.781,1.941E-2,-9.255E-2
15.798,2.274E-2,-9.294E-2
15.815,2.833E-2,-9.353E-2
15.832,3.515E-2,-9.398E-2
15.848,4.418E-2,-9.437E-2
15.865,5.375E-2,-9.438E-2
15.882,6.279E-2,-9.395E-2
15.899,7.081E-2,-9.315E-2
15.916,7.808E-2,-9.234E-2
15.933,8.303E-2,-9.151E-2
15.950,8.535E-2,-9.088E-2
15.966,8.580E-2,-9.091E-2
15.983,8.365E-2,-9.130E-2
16.000,7.861E-2,-9.192E-2
16.017,7.246E-2,-9.293E-2
16.034,6.446E-2,-9.374E-2
16.051,5.500E-2,-9.418E-2
16.067,4.615E-2,-9.439E-2
16.084,3.762E-2,-9.418E-2
16.101,2.939E-2,-9.358E-2
16.118,2.341E-2,-9.294E-2
16.135,1.975E-2,-9.252E-2
16.152,1.820E-2,-9.234E-2
16.168,1.947E-2,-9.253E-2
16.185,2.274E-2,-9.294E-2
16.202,2.834E-2,-9.354E-2
16.219,3.519E-2,-9.397E-2
16.236,4.405E-2,-9.436E-2
16.253,5.327E-2,-9.435E-2
16.270,6.243E-2,-9.395E-2
16.286,7.028E-2,-9.317E-2
16.303,7.746E-2,-9.234E-2
16.320,8.234E-2,-9.153E-2
16.337,8.483E-2,-9.093E-2
16.354,8.548E-2,-9.089E-2
16.371,8.343E-2,-9.130E-2
16.387,7.936E-2,-9.212E-2
16.404,7.249E-2,-9.292E-2
16.421,6.481E-2,-9.376E-2
16.438,5.654E-2,-9.435E-2
16.455,4.656E-2,-9.440E-2
16.472,3.792E-2,-9.416E-2
16.488,3.065E-2,-9.377E-2
16.505,2.437E-2,-9.314E-2
16.522,2.078E-2,-9.272E-2
16.539,1.920E-2,-9.255E-2
16.556,2.029E-2,-9.272E-2
16.573,2.355E-2,-9.313E-2
16.590,2.844E-2,-9.357E-2
16.606,3.506E-2,-9.396E-2
16.623,4.379E-2,-9.437E-2
16.640,5.295E-2,-9.437E-2
16.657,6.200E-2,-9.396E-2
16.674,7.072E-2,-9.336E-2
16.691,7.773E-2,-9.253E-2
16.707,8.178E-2,-9.152E-2
16.724,8.503E-2,-9.111E-2
16.741,8.500E-2,-9.093E-2
16.758,8.317E-2,-9.132E-2
16.775,7.842E-2,-9.192E-2
16.792,7.180E-2,-9.276E-2
16.808,6.410E-2,-9.355E-2
16.825,5.574E-2,-9.415E-2
16.842,4.688E-2,-9.435E-2
16.859,3.823E-2,-9.417E-2
16.876,3.087E-2,-9.376E-2
16.893,2.473E-2,-9.316E-2
16.910,2.100E-2,-9.276E-2
16.926,1.933E-2,-9.252E-2
16.943,1.966E-2,-9.254E-2
16.960,2.289E-2,-9.296E-2
16.977,2.846E-2,-9.356E-2
16.994,3.505E-2,-9.396E-2
17.011,4.277E-2,-9.418E-2
17.027,5.177E-2,-9.418E-2
17.044,6.151E-2,-9.397E-2
17.061,6.910E-2,-9.317E-2
17.078,7.626E-2,-9.234E-2
17.095,8.127E-2,-9.150E-2
17.112,8.445E-2,-9.110E-2
17.128,8.458E-2,-9.093E-2
17.145,8.295E-2,-9.132E-2
17.162,7.921E-2,-9.210E-2
17.179,7.291E-2,-9.292E-2
17.196,6.443E-2,-9.357E-2
17.213,5.611E-2,-9.416E-2
17.230,4.731E-2,-9.436E-2
17.246,3.861E-2,-9.418E-2
17.263,3.119E-2,-9.374E-2
17.280,2.490E-2,-9.318E-2
17.297,2.108E-2,-9.275E-2
17.314,1.955E-2,-9.252E-2
17.331,2.055E-2,-9.271E-2
17.347,2.295E-2,-9.294E-2
17.364,2.848E-2,-9.355E-2
17.381,3.491E-2,-9.399E-2
17.398,4.335E-2,-9.437E-2
17.415,5.220E-2,-9.436E-2
17.432,6.096E-2,-9.397E-2
17.448,6.941E-2,-9.335E-2
17.465,7.632E-2,-9.253E-2
17.482,8.125E-2,-9.169E-2
17.499,8.381E-2,-9.113E-2
17.516,8.487E-2,-9.109E-2
17.533,8.262E-2,-9.132E-2
17.550,7.925E-2,-9.210E-2
17.566,7.286E-2,-9.293E-2
17.583,6.561E-2,-9.376E-2
17.600,5.646E-2,-9.418E-2
17.617,4.772E-2,-9.437E-2
17.634,3.914E-2,-9.417E-2
17.651,3.156E-2,-9.376E-2
17.667,2.601E-2,-9.335E-2
17.684,2.133E-2,-9.274E-2
17.701,1.967E-2,-9.254E-2
17.718,2.072E-2,-9.272E-2
17.735,2.374E-2,-9.314E-2
17.752,2.836E-2,-9.359E-2
17.768,3.557E-2,-9.417E-2
17.785,4.304E-2,-9.435E-2
17.802,5.178E-2,-9.437E-2
17.819,6.032E-2,-9.398E-2
17.836,6.884E-2,-9.338E-2
17.853,7.561E-2,-9.255E-2
17.870,8.059E-2,-9.171E-2
17.886,8.339E-2,-9.114E-2
17.903,8.450E-2,-9.109E-2
17.920,8.243E-2,-9.133E-2
17.937,7.909E-2,-9.213E-2
17.954,7.318E-2,-9.294E-2
17.971,6.595E-2,-9.373E-2
17.987,5.702E-2,-9.418E-2
18.004,4.817E-2,-9.436E-2
18.021,3.932E-2,-9.418E-2
18.038,3.177E-2,-9.376E-2
18.055,2.630E-2,-9.333E-2
18.072,2.227E-2,-9.295E-2
18.088,2.048E-2,-9.273E-2
18.105,2.078E-2,-9.272E-2
18.122,2.313E-2,-9.295E-2
18.139,2.839E-2,-9.356E-2
18.156,3.451E-2,-9.399E-2
18.173,4.212E-2,-9.419E-2
18.190,5.142E-2,-9.435E-2
18.206,5.980E-2,-9.397E-2
18.223,6.803E-2,-9.338E-2
18.240,7.485E-2,-9.254E-2
18.257,7.991E-2,-9.174E-2
18.274,8.361E-2,-9.131E-2
18.291,8.413E-2,-9.109E-2
18.307,8.237E-2,-9.133E-2
18.324,7.854E-2,-9.193E-2
18.341,7.272E-2,-9.277E-2
18.358,6.567E-2,-9.356E-2
18.375,5.759E-2,-9.418E-2
18.392,4.888E-2,-9.438E-2
18.408,4.091E-2,-9.437E-2
18.425,3.323E-2,-9.395E-2
18.442,2.674E-2,-9.338E-2
18.459,2.276E-2,-9.294E-2
18.476,2.081E-2,-9.276E-2
18.493,2.103E-2,-9.276E-2
18.510,2.394E-2,-9.314E-2
18.526,2.842E-2,-9.356E-2
18.543,3.465E-2,-9.396E-2
18.560,4.264E-2,-9.435E-2
18.577,5.100E-2,-9.437E-2
18.594,5.913E-2,-9.398E-2
18.611,6.811E-2,-9.355E-2
18.627,7.495E-2,-9.272E-2
18.644,7.990E-2,-9.193E-2
18.661,8.287E-2,-9.130E-2
18.678,8.372E-2,-9.109E-2
18.695,8.213E-2,-9.134E-2
18.712,7.863E-2,-9.190E-2
18.728,7.303E-2,-9.274E-2
18.745,6.595E-2,-9.354E-2
18.762,5.793E-2,-9.415E-2
18.779,4.925E-2,-9.440E-2
18.796,4.031E-2,-9.418E-2
18.813,3.348E-2,-9.398E-2
18.830,2.776E-2,-9.357E-2
18.846,2.360E-2,-9.312E-2
18.863,2.099E-2,-9.273E-2
18.880,2.096E-2,-9.273E-2
18.897,2.388E-2,-9.316E-2
18.914,2.825E-2,-9.356E-2
18.931,3.424E-2,-9.396E-2
18.947,4.229E-2,-9.438E-2
18.964,5.042E-2,-9.436E-2
18.981,5.935E-2,-9.416E-2
18.998,6.738E-2,-9.355E-2
19.015,7.493E-2,-9.293E-2
19.032,7.994E-2,-9.213E-2
19.048,8.221E-2,-9.132E-2
19.065,8.550E-2,-9.171E-2
19.082,8.422E-2,-9.192E-2
19.099,7.936E-2,-9.212E-2
19.116,7.405E-2,-9.295E-2
19.133,6.646E-2,-9.357E-2
19.150,5.861E-2,-9.420E-2
19.166,4.981E-2,-9.436E-2
19.183,4.095E-2,-9.418E-2
19.200,3.398E-2,-9.396E-2
19.217,2.731E-2,-9.334E-2
19.234,2.316E-2,-9.294E-2
19.251,2.111E-2,-9.274E-2
19.267,2.115E-2,-9.273E-2
19.284,2.310E-2,-9.296E-2
19.301,2.807E-2,-9.354E-2
19.318,3.407E-2,-9.394E-2
19.335,4.195E-2,-9.437E-2
19.352,4.986E-2,-9.438E-2
19.368,5.876E-2,-9.416E-2
19.385,6.646E-2,-9.357E-2
19.402,7.404E-2,-9.294E-2
19.419,7.910E-2,-9.214E-2
19.436,8.227E-2,-9.149E-2
19.453,8.346E-2,-9.130E-2
19.470,8.234E-2,-9.153E-2
19.486,7.939E-2,-9.211E-2
19.503,7.421E-2,-9.295E-2
19.520,6.682E-2,-9.357E-2
19.537,5.904E-2,-9.418E-2
19.554,5.028E-2,-9.438E-2
19.571,4.133E-2,-9.418E-2
19.587,3.433E-2,-9.398E-2
19.604,2.836E-2,-9.358E-2
19.621,2.416E-2,-9.315E-2
19.638,2.197E-2,-9.292E-2
19.655,2.191E-2,-9.294E-2
19.672,2.388E-2,-9.317E-2
19.688,2.802E-2,-9.357E-2
19.705,3.372E-2,-9.398E-2
19.722,4.140E-2,-9.435E-2
19.739,4.934E-2,-9.437E-2
19.756,5.794E-2,-9.417E-2
19.773,6.558E-2,-9.358E-2
19.790,7.304E-2,-9.293E-2
19.806,7.816E-2,-9.212E-2
19.823,8.158E-2,-9.152E-2
19.840,8.307E-2,-9.129E-2
19.857,8.224E-2,-9.150E-2
19.874,7.938E-2,-9.211E-2
19.891,7.378E-2,-9.276E-2
19.907,6.662E-2,-9.339E-2
19.924,5.869E-2,-9.397E-2
19.941,5.011E-2,-9.419E-2
19.958,4.202E-2,-9.416E-2
19.975,3.492E-2,-9.398E-2
19.992,2.880E-2,-9.358E-2
20.008,2.451E-2,-9.316E-2
20.025,2.159E-2,-9.273E-2
20.042,2.145E-2,-9.275E-2
20.059,2.330E-2,-9.296E-2
20.076,2.732E-2,-9.333E-2
20.093,3.373E-2,-9.397E-2
20.110,4.115E-2,-9.436E-2
20.126,4.890E-2,-9.437E-2
20.143,5.728E-2,-9.417E-2
20.160,6.573E-2,-9.374E-2
20.177,7.236E-2,-9.296E-2
20.194,7.745E-2,-9.214E-2
20.211,8.093E-2,-9.153E-2
20.227,8.260E-2,-9.131E-2
20.244,8.205E-2,-9.149E-2
20.261,7.873E-2,-9.194E-2
20.278,7.422E-2,-9.274E-2
20.295,6.708E-2,-9.338E-2
20.312,5.955E-2,-9.398E-2
20.329,5.160E-2,-9.435E-2
20.345,4.345E-2,-9.436E-2
20.362,3.618E-2,-9.416E-2
20.379,2.993E-2,-9.374E-2
20.396,2.544E-2,-9.333E-2
20.413,2.237E-2,-9.294E-2
20.430,2.221E-2,-9.292E-2
20.446,2.394E-2,-9.315E-2
20.463,2.782E-2,-9.356E-2
20.480,3.332E-2,-9.398E-2
20.497,4.060E-2,-9.435E-2
20.514,4.825E-2,-9.439E-2
20.531,5.636E-2,-9.415E-2
20.547,6.456E-2,-9.377E-2
20.564,7.216E-2,-9.314E-2
20.581,7.731E-2,-9.233E-2
20.598,8.090E-2,-9.173E-2
20.615,8.285E-2,-9.150E-2
20.632,8.184E-2,-9.150E-2
20.649,7.961E-2,-9.211E-2
20.665,7.476E-2,-9.276E-2
20.682,6.773E-2,-9.337E-2
20.699,6.021E-2,-9.396E-2
20.716,5.239E-2,-9.436E-2
20.733,4.407E-2,-9.435E-2
20.750,3.674E-2,-9.418E-2
20.766,3.046E-2,-9.376E-2
20.783,2.566E-2,-9.334E-2
20.800,2.258E-2,-9.293E-2
20.817,2.227E-2,-9.296E-2
20.834,2.402E-2,-9.313E-2
20.851,2.775E-2,-9.357E-2
20.867,3.301E-2,-9.396E-2
20.884,3.936E-2,-9.416E-2
20.901,4.740E-2,-9.439E-2
20.918,5.556E-2,-9.420E-2
20.935,6.368E-2,-9.375E-2
20.952,7.102E-2,-9.314E-2
20.969,7.646E-2,-9.234E-2
20.985,8.018E-2,-9.172E-2
21.002,8.237E-2,-9.151E-2
21.019,8.170E-2,-9.149E-2
21.036,7.908E-2,-9.194E-2
21.053,7.439E-2,-9.256E-2
21.070,6.843E-2,-9.338E-2
21.086,6.095E-2,-9.397E-2
21.103,5.307E-2,-9.435E-2
21.120,4.475E-2,-9.439E-2
21.137,3.738E-2,-9.419E-2
21.154,3.093E-2,-9.376E-2
21.171,2.611E-2,-9.337E-2
21.187,2.291E-2,-9.296E-2
21.204,2.245E-2,-9.296E-2
21.221,2.408E-2,-9.317E-2
21.238,2.772E-2,-9.353E-2
21.255,3.293E-2,-9.398E-2
21.272,3.911E-2,-9.417E-2
21.289,4.690E-2,-9.437E-2
21.305,5.468E-2,-9.417E-2
21.322,6.277E-2,-9.377E-2
21.339,7.007E-2,-9.317E-2
21.356,7.637E-2,-9.251E-2
21.373,8.022E-2,-9.190E-2
21.390,8.187E-2,-9.150E-2
21.406,8.150E-2,-9.149E-2
21.423,7.915E-2,-9.192E-2
21.440,7.469E-2,-9.254E-2
21.457,6.893E-2,-9.335E-2
21.474,6.169E-2,-9.398E-2
21.491,5.381E-2,-9.437E-2
21.507,4.553E-2,-9.437E-2
21.524,3.798E-2,-9.419E-2
21.541,3.135E-2,-9.376E-2
21.558,2.638E-2,-9.336E-2
21.575,2.309E-2,-9.296E-2
21.592,2.249E-2,-9.295E-2
21.609,2.407E-2,-9.317E-2
21.625,2.677E-2,-9.337E-2
21.642,3.254E-2,-9.396E-2
21.659,3.850E-2,-9.417E-2
21.676,4.622E-2,-9.438E-2
21.693,5.485E-2,-9.437E-2
21.710,6.167E-2,-9.375E-2
21.726,6.877E-2,-9.315E-2
21.743,7.517E-2,-9.251E-2
21.760,7.920E-2,-9.191E-2
21.777,8.125E-2,-9.151E-2
21.794,8.118E-2,-9.153E-2
21.811,7.911E-2,-9.192E-2
21.827,7.510E-2,-9.253E-2
21.844,6.951E-2,-9.334E-2
21.861,6.247E-2,-9.394E-2
21.878,5.461E-2,-9.437E-2
21.895,4.611E-2,-9.436E-2
21.912,3.923E-2,-9.438E-2
21.929,3.251E-2,-9.397E-2
21.945,2.755E-2,-9.358E-2
21.962,2.408E-2,-9.317E-2
21.979,2.335E-2,-9.314E-2
21.996,2.403E-2,-9.313E-2
22.013,2.661E-2,-9.336E-2
22.030,3.221E-2,-9.394E-2
22.046,3.799E-2,-9.420E-2
22.063,4.560E-2,-9.439E-2
22.080,5.379E-2,-9.438E-2
22.097,6.152E-2,-9.398E-2
22.114,6.873E-2,-9.335E-2
22.131,7.502E-2,-9.275E-2
22.147,7.852E-2,-9.194E-2
22.164,8.143E-2,-9.170E-2
22.181,8.173E-2,-9.173E-2
22.198,7.934E-2,-9.193E-2
22.215,7.550E-2,-9.253E-2
22.232,6.946E-2,-9.318E-2
22.249,6.241E-2,-9.378E-2
22.265,5.461E-2,-9.418E-2
22.282,4.700E-2,-9.438E-2
22.299,3.920E-2,-9.419E-2
22.316,3.309E-2,-9.397E-2
22.333,2.803E-2,-9.356E-2
22.350,2.448E-2,-9.317E-2
22.366,2.372E-2,-9.315E-2
22.383,2.420E-2,-9.314E-2
22.400,2.736E-2,-9.357E-2
22.417,3.211E-2,-9.396E-2
22.434,3.776E-2,-9.416E-2
22.451,4.499E-2,-9.439E-2
22.467,5.301E-2,-9.436E-2
22.484,6.049E-2,-9.398E-2
22.501,6.756E-2,-9.336E-2
22.518,7.396E-2,-9.276E-2
22.535,7.838E-2,-9.211E-2
22.552,8.082E-2,-9.170E-2
22.569,8.151E-2,-9.173E-2
22.585,7.947E-2,-9.194E-2
22.602,7.599E-2,-9.256E-2
22.619,7.018E-2,-9.315E-2
22.636,6.329E-2,-9.375E-2
22.653,5.547E-2,-9.418E-2
22.670,4.779E-2,-9.440E-2
22.686,4.080E-2,-9.435E-2
22.703,3.367E-2,-9.395E-2
22.720,2.846E-2,-9.356E-2
22.737,2.461E-2,-9.314E-2
22.754,2.288E-2,-9.297E-2
22.771,2.399E-2,-9.314E-2
22.787,2.635E-2,-9.337E-2
22.804,3.091E-2,-9.376E-2
22.821,3.716E-2,-9.419E-2
22.838,4.424E-2,-9.437E-2
22.855,5.212E-2,-9.438E-2
22.872,5.945E-2,-9.398E-2
22.889,6.729E-2,-9.356E-2
22.905,7.285E-2,-9.274E-2
22.922,7.743E-2,-9.215E-2
22.939,8.012E-2,-9.173E-2
22.956,8.120E-2,-9.171E-2
22.973,7.950E-2,-9.194E-2
22.990,7.556E-2,-9.233E-2
23.006,7.087E-2,-9.312E-2
23.023,6.408E-2,-9.375E-2
23.040,5.641E-2,-9.417E-2
23.057,4.867E-2,-9.439E-2
23.074,4.148E-2,-9.438E-2
23.091,3.442E-2,-9.396E-2
23.107,2.890E-2,-9.355E-2
23.124,2.498E-2,-9.315E-2
23.141,2.325E-2,-9.297E-2
23.158,2.342E-2,-9.294E-2
23.175,2.631E-2,-9.337E-2
23.192,3.075E-2,-9.375E-2
23.209,3.677E-2,-9.418E-2
23.225,4.372E-2,-9.439E-2
23.242,5.123E-2,-9.435E-2
23.259,5.845E-2,-9.399E-2
23.276,6.611E-2,-9.355E-2
23.293,7.259E-2,-9.295E-2
23.310,7.733E-2,-9.232E-2
23.326,7.961E-2,-9.172E-2
23.343,8.086E-2,-9.169E-2
23.360,7.948E-2,-9.193E-2
23.377,7.594E-2,-9.232E-2
23.394,7.077E-2,-9.296E-2
23.411,6.405E-2,-9.357E-2
23.427,5.717E-2,-9.414E-2
23.444,4.947E-2,-9.438E-2
23.461,4.218E-2,-9.437E-2
23.478,3.498E-2,-9.398E-2
23.495,3.016E-2,-9.374E-2
23.512,2.612E-2,-9.337E-2
23.529,2.414E-2,-9.316E-2
23.545,2.419E-2,-9.315E-2
23.562,2.633E-2,-9.338E-2
23.579,3.052E-2,-9.375E-2
23.596,3.632E-2,-9.414E-2
23.613,4.288E-2,-9.439E-2
23.630,5.032E-2,-9.437E-2
23.646,5.817E-2,-9.415E-2
23.663,6.491E-2,-9.355E-2
23.680,7.127E-2,-9.293E-2
23.697,7.616E-2,-9.232E-2
23.714,7.938E-2,-9.191E-2
23.731,8.038E-2,-9.171E-2
23.747,7.950E-2,-9.193E-2
23.764,7.640E-2,-9.235E-2
23.781,7.150E-2,-9.298E-2
23.798,6.514E-2,-9.355E-2
23.815,5.834E-2,-9.416E-2
23.832,5.053E-2,-9.438E-2
23.849,4.310E-2,-9.439E-2
23.865,3.566E-2,-9.396E-2
23.882,2.997E-2,-9.355E-2
23.899,2.635E-2,-9.336E-2
23.916,2.426E-2,-9.313E-2
23.933,2.420E-2,-9.314E-2
23.950,2.613E-2,-9.337E-2
23.966,3.018E-2,-9.374E-2
23.983,3.583E-2,-9.416E-2
24.000,4.220E-2,-9.436E-2
24.017,4.940E-2,-9.435E-2
24.034,5.705E-2,-9.418E-2
24.051,6.449E-2,-9.375E-2
24.067,7.087E-2,-9.313E-2
24.084,7.601E-2,-9.255E-2
24.101,7.868E-2,-9.194E-2
24.118,8.080E-2,-9.192E-2
24.135,7.956E-2,-9.192E-2
24.152,7.672E-2,-9.232E-2
24.169,7.215E-2,-9.296E-2
24.185,6.589E-2,-9.356E-2
24.202,5.855E-2,-9.397E-2
24.219,5.143E-2,-9.435E-2
24.236,4.397E-2,-9.438E-2
24.253,3.716E-2,-9.419E-2
24.270,3.201E-2,-9.394E-2
24.286,2.756E-2,-9.358E-2
24.303,2.532E-2,-9.337E-2
24.320,2.433E-2,-9.316E-2
24.337,2.613E-2,-9.337E-2
24.354,2.933E-2,-9.355E-2
24.371,3.462E-2,-9.396E-2
24.387,4.165E-2,-9.439E-2
24.404,4.857E-2,-9.436E-2
24.421,5.595E-2,-9.415E-2
24.438,6.332E-2,-9.379E-2
24.455,6.975E-2,-9.315E-2
24.472,7.494E-2,-9.252E-2
24.489,7.884E-2,-9.210E-2
24.505,8.043E-2,-9.191E-2
24.522,7.956E-2,-9.192E-2
24.539,7.714E-2,-9.232E-2
24.556,7.279E-2,-9.295E-2
24.573,6.689E-2,-9.355E-2
24.590,5.941E-2,-9.396E-2
24.606,5.243E-2,-9.436E-2
24.623,4.477E-2,-9.439E-2
24.640,3.785E-2,-9.418E-2
24.657,3.254E-2,-9.396E-2
24.674,2.798E-2,-9.357E-2
24.691,2.481E-2,-9.314E-2
24.707,2.446E-2,-9.313E-2
24.724,2.603E-2,-9.334E-2
24.741,2.895E-2,-9.355E-2
24.758,3.405E-2,-9.395E-2
24.775,4.003E-2,-9.419E-2
24.792,4.761E-2,-9.439E-2
24.809,5.483E-2,-9.418E-2
24.825,6.214E-2,-9.377E-2
24.842,6.933E-2,-9.335E-2
24.859,7.467E-2,-9.274E-2
24.876,7.795E-2,-9.212E-2
24.893,7.995E-2,-9.192E-2
24.910,7.949E-2,-9.194E-2
24.926,7.749E-2,-9.233E-2
24.943,7.275E-2,-9.276E-2
24.960,6.698E-2,-9.335E-2
24.977,6.058E-2,-9.396E-2
24.994,5.359E-2,-9.437E-2
25.011,4.584E-2,-9.437E-2
25.027,3.873E-2,-9.416E-2
25.044,3.318E-2,-9.395E-2
25.061,2.844E-2,-9.357E-2
25.078,2.599E-2,-9.335E-2
25.095,2.536E-2,-9.335E-2
25.112,2.607E-2,-9.334E-2
25.129,2.950E-2,-9.374E-2
25.145,3.372E-2,-9.398E-2
25.162,3.952E-2,-9.417E-2
25.179,4.671E-2,-9.437E-2
25.196,5.460E-2,-9.437E-2
25.213,6.165E-2,-9.395E-2
25.230,6.810E-2,-9.337E-2
25.246,7.349E-2,-9.273E-2
25.263,7.705E-2,-9.215E-2
25.280,7.943E-2,-9.190E-2
25.297,7.933E-2,-9.193E-2
25.314,7.699E-2,-9.212E-2
25.331,7.343E-2,-9.274E-2
25.347,6.796E-2,-9.335E-2
25.364,6.166E-2,-9.394E-2
25.381,5.459E-2,-9.437E-2
25.398,4.673E-2,-9.437E-2
25.415,4.018E-2,-9.435E-2
25.432,3.381E-2,-9.396E-2
25.449,2.958E-2,-9.373E-2
25.465,2.610E-2,-9.333E-2
25.482,2.549E-2,-9.332E-2
25.499,2.602E-2,-9.335E-2
25.516,2.857E-2,-9.359E-2
25.533,3.319E-2,-9.396E-2
25.550,3.873E-2,-9.417E-2
25.566,4.574E-2,-9.439E-2
25.583,5.339E-2,-9.437E-2
25.600,6.035E-2,-9.398E-2
25.617,6.751E-2,-9.355E-2
25.634,7.302E-2,-9.294E-2
25.651,7.676E-2,-9.231E-2
25.667,7.869E-2,-9.194E-2
25.684,7.918E-2,-9.191E-2
25.701,7.720E-2,-9.211E-2
25.718,7.390E-2,-9.272E-2
25.735,6.878E-2,-9.333E-2
25.752,6.169E-2,-9.380E-2
25.769,5.562E-2,-9.437E-2
25.785,4.778E-2,-9.440E-2
25.802,4.111E-2,-9.438E-2
25.819,3.524E-2,-9.416E-2
25.836,3.022E-2,-9.378E-2
25.853,2.725E-2,-9.354E-2
25.870,2.559E-2,-9.336E-2
25.886,2.603E-2,-9.335E-2
25.903,2.844E-2,-9.357E-2
25.920,3.288E-2,-9.398E-2
25.937,3.812E-2,-9.417E-2
25.954,4.489E-2,-9.436E-2
25.971,5.231E-2,-9.438E-2
25.987,6.000E-2,-9.415E-2
26.004,6.618E-2,-9.358E-2
26.021,7.180E-2,-9.295E-2
26.038,7.577E-2,-9.233E-2
26.055,7.817E-2,-9.192E-2
26.072,7.898E-2,-9.191E-2
26.089,7.751E-2,-9.213E-2
26.105,7.386E-2,-9.255E-2
26.122,6.895E-2,-9.316E-2
26.139,6.291E-2,-9.378E-2
26.156,5.585E-2,-9.418E-2
26.173,4.885E-2,-9.439E-2
26.190,4.203E-2,-9.435E-2
26.206,3.599E-2,-9.417E-2
26.223,3.067E-2,-9.377E-2
26.240,2.762E-2,-9.356E-2
26.257,2.510E-2,-9.318E-2
26.274,2.602E-2,-9.334E-2
26.291,2.817E-2,-9.358E-2
26.307,3.179E-2,-9.375E-2
26.324,3.752E-2,-9.415E-2
26.341,4.415E-2,-9.438E-2
26.358,5.127E-2,-9.439E-2
26.375,5.879E-2,-9.415E-2
26.392,6.562E-2,-9.376E-2
26.409,7.135E-2,-9.315E-2
26.425,7.556E-2,-9.250E-2
26.442,7.822E-2,-9.210E-2
26.459,7.867E-2,-9.194E-2
26.476,7.756E-2,-9.212E-2
26.493,7.446E-2,-9.254E-2
26.510,6.990E-2,-9.316E-2
26.526,6.405E-2,-9.375E-2
26.543,5.705E-2,-9.419E-2
26.560,4.997E-2,-9.438E-2
26.577,4.301E-2,-9.437E-2
26.594,3.668E-2,-9.416E-2
26.611,3.191E-2,-9.396E-2
26.627,2.793E-2,-9.354E-2
26.644,2.602E-2,-9.335E-2
26.661,2.603E-2,-9.335E-2
26.678,2.808E-2,-9.355E-2
26.695,3.133E-2,-9.377E-2
26.712,3.685E-2,-9.416E-2
26.729,4.325E-2,-9.435E-2
26.745,5.005E-2,-9.439E-2
26.762,5.742E-2,-9.418E-2
26.779,6.429E-2,-9.375E-2
26.796,6.999E-2,-9.314E-2
26.813,7.444E-2,-9.255E-2
26.830,7.739E-2,-9.211E-2
26.846,7.828E-2,-9.195E-2
26.863,7.771E-2,-9.212E-2
26.880,7.516E-2,-9.251E-2
26.897,7.076E-2,-9.314E-2
26.914,6.516E-2,-9.377E-2
26.931,5.823E-2,-9.418E-2
26.947,5.097E-2,-9.437E-2
26.964,4.392E-2,-9.439E-2
26.981,3.740E-2,-9.419E-2
26.998,3.243E-2,-9.393E-2
27.015,2.830E-2,-9.355E-2
27.032,2.624E-2,-9.335E-2
27.049,2.609E-2,-9.333E-2
27.065,2.788E-2,-9.355E-2
27.082,3.170E-2,-9.396E-2
27.099,3.631E-2,-9.415E-2
27.116,4.240E-2,-9.437E-2
27.133,4.901E-2,-9.440E-2
27.150,5.610E-2,-9.417E-2
27.166,6.279E-2,-9.377E-2
27.183,6.849E-2,-9.318E-2
27.200,7.396E-2,-9.275E-2
27.217,7.729E-2,-9.233E-2
27.234,7.858E-2,-9.211E-2
27.251,7.768E-2,-9.214E-2
27.267,7.541E-2,-9.255E-2
27.284,7.162E-2,-9.313E-2
27.301,6.535E-2,-9.354E-2
27.318,5.866E-2,-9.399E-2
27.335,5.203E-2,-9.436E-2
27.352,4.481E-2,-9.437E-2
27.369,3.833E-2,-9.416E-2
27.385,3.322E-2,-9.394E-2
27.402,2.879E-2,-9.358E-2
27.419,2.646E-2,-9.335E-2
27.436,2.608E-2,-9.333E-2
27.453,2.695E-2,-9.338E-2
27.470,3.059E-2,-9.374E-2
27.486,3.575E-2,-9.418E-2
27.503,4.153E-2,-9.437E-2
27.520,4.787E-2,-9.438E-2
27.537,5.564E-2,-9.437E-2
27.554,6.237E-2,-9.397E-2
27.571,6.885E-2,-9.357E-2
27.587,7.359E-2,-9.295E-2
27.604,7.639E-2,-9.231E-2
27.621,7.817E-2,-9.212E-2
27.638,7.770E-2,-9.213E-2
27.655,7.588E-2,-9.253E-2
27.672,7.173E-2,-9.296E-2
27.689,6.651E-2,-9.355E-2
27.705,5.976E-2,-9.396E-2
27.722,5.332E-2,-9.439E-2
27.739,4.610E-2,-9.438E-2
27.756,4.002E-2,-9.438E-2
27.773,3.394E-2,-9.398E-2
27.790,3.012E-2,-9.375E-2
27.806,2.754E-2,-9.358E-2
27.823,2.623E-2,-9.335E-2
27.840,2.771E-2,-9.354E-2
27.857,3.032E-2,-9.376E-2
27.874,3.445E-2,-9.396E-2
27.891,4.075E-2,-9.436E-2
27.907,4.702E-2,-9.438E-2
27.924,5.438E-2,-9.437E-2
27.941,6.075E-2,-9.397E-2
27.958,6.743E-2,-9.357E-2
27.975,7.226E-2,-9.293E-2
27.992,7.547E-2,-9.235E-2
28.009,7.765E-2,-9.214E-2
28.025,7.766E-2,-9.214E-2
28.042,7.555E-2,-9.232E-2
28.059,7.240E-2,-9.294E-2
28.076,6.762E-2,-9.357E-2
28.093,6.106E-2,-9.394E-2
28.110,5.372E-2,-9.420E-2
28.126,4.722E-2,-9.438E-2
28.143,4.098E-2,-9.436E-2
28.160,3.465E-2,-9.396E-2
28.177,3.057E-2,-9.374E-2
28.194,2.786E-2,-9.355E-2
28.211,2.633E-2,-9.338E-2
28.227,2.753E-2,-9.353E-2
28.244,3.008E-2,-9.376E-2
28.261,3.392E-2,-9.398E-2
28.278,3.992E-2,-9.436E-2
28.295,4.588E-2,-9.437E-2
28.312,5.300E-2,-9.437E-2
28.329,5.941E-2,-9.396E-2
28.345,6.604E-2,-9.357E-2
28.362,7.182E-2,-9.314E-2
28.379,7.521E-2,-9.255E-2
28.396,7.788E-2,-9.234E-2
28.413,7.757E-2,-9.212E-2
28.430,7.587E-2,-9.234E-2
28.446,7.253E-2,-9.277E-2
28.463,6.793E-2,-9.334E-2
28.480,6.157E-2,-9.379E-2
28.497,5.507E-2,-9.417E-2
28.514,4.837E-2,-9.436E-2
28.531,4.198E-2,-9.437E-2
28.547,3.633E-2,-9.418E-2
28.564,3.118E-2,-9.375E-2
28.581,2.825E-2,-9.355E-2
28.598,2.668E-2,-9.334E-2
28.615,2.691E-2,-9.334E-2
28.632,2.909E-2,-9.356E-2
28.649,3.351E-2,-9.398E-2
28.665,3.850E-2,-9.416E-2
28.682,4.493E-2,-9.439E-2
28.699,5.185E-2,-9.435E-2
28.716,5.886E-2,-9.417E-2
28.733,6.536E-2,-9.378E-2
28.750,7.056E-2,-9.315E-2
28.766,7.498E-2,-9.276E-2
28.783,7.788E-2,-9.254E-2
28.800,7.814E-2,-9.233E-2
28.817,7.701E-2,-9.256E-2
28.834,7.403E-2,-9.295E-2
28.851,6.903E-2,-9.333E-2
28.867,6.283E-2,-9.377E-2
28.884,5.627E-2,-9.417E-2
28.901,4.952E-2,-9.437E-2
28.918,4.300E-2,-9.436E-2
28.935,3.706E-2,-9.417E-2
28.952,3.254E-2,-9.396E-2
28.969,2.937E-2,-9.373E-2
28.985,2.745E-2,-9.355E-2
29.002,2.762E-2,-9.356E-2
29.019,2.968E-2,-9.375E-2
29.036,3.295E-2,-9.397E-2
29.053,3.771E-2,-9.416E-2
29.070,4.393E-2,-9.439E-2
29.086,5.052E-2,-9.438E-2
29.103,5.839E-2,-9.435E-2
29.120,6.384E-2,-9.377E-2
29.137,6.985E-2,-9.332E-2
29.154,7.364E-2,-9.274E-2
29.171,7.631E-2,-9.233E-2
29.187,7.704E-2,-9.215E-2
29.204,7.635E-2,-9.231E-2
29.221,7.385E-2,-9.273E-2
29.238,6.915E-2,-9.316E-2
29.255,6.395E-2,-9.377E-2
29.272,5.751E-2,-9.417E-2
29.289,5.070E-2,-9.438E-2
29.305,4.409E-2,-9.436E-2
29.322,3.787E-2,-9.417E-2
29.339,3.308E-2,-9.398E-2
29.356,2.986E-2,-9.376E-2
29.373,2.770E-2,-9.354E-2
29.390,2.757E-2,-9.357E-2
29.406,2.947E-2,-9.376E-2
29.423,3.250E-2,-9.398E-2
29.440,3.696E-2,-9.419E-2
29.457,4.287E-2,-9.440E-2
29.474,4.929E-2,-9.438E-2
29.491,5.603E-2,-9.418E-2
29.507,6.311E-2,-9.394E-2
29.524,6.833E-2,-9.335E-2
29.541,7.325E-2,-9.293E-2
29.558,7.621E-2,-9.256E-2
29.575,7.810E-2,-9.254E-2
29.592,7.720E-2,-9.251E-2
29.609,7.438E-2,-9.275E-2
29.625,7.014E-2,-9.316E-2
29.642,6.521E-2,-9.378E-2
29.659,5.897E-2,-9.416E-2
29.676,5.194E-2,-9.438E-2
29.693,4.523E-2,-9.438E-2
29.710,3.883E-2,-9.419E-2
29.726,3.387E-2,-9.394E-2
29.743,3.026E-2,-9.377E-2
29.760,2.799E-2,-9.357E-2
29.777,2.764E-2,-9.355E-2
29.794,2.919E-2,-9.377E-2
29.811,3.217E-2,-9.395E-2
29.827,3.638E-2,-9.418E-2
29.844,4.205E-2,-9.435E-2
29.861,4.823E-2,-9.439E-2
29.878,5.538E-2,-9.438E-2
29.895,6.179E-2,-9.397E-2
29.912,6.786E-2,-9.357E-2
29.929,7.214E-2,-9.296E-2
29.945,7.541E-2,-9.255E-2
29.962,7.701E-2,-9.235E-2
29.979,7.669E-2,-9.233E-2
