,mass A,,
t,x,y,
0.000,4.202E-2,-9.575E-2
0.017,4.201E-2,-9.575E-2
0.034,4.201E-2,-9.575E-2
0.051,4.202E-2,-9.576E-2
0.067,4.202E-2,-9.576E-2
0.084,4.202E-2,-9.576E-2
0.101,4.201E-2,-9.575E-2
0.118,4.199E-2,-9.573E-2
0.135,4.200E-2,-9.570E-2
0.152,4.202E-2,-9.574E-2
0.168,4.202E-2,-9.574E-2
0.185,4.205E-2,-9.571E-2
0.202,4.201E-2,-9.572E-2
0.219,4.201E-2,-9.572E-2
0.236,4.201E-2,-9.573E-2
0.253,4.201E-2,-9.573E-2
0.269,4.204E-2,-9.573E-2
0.286,4.205E-2,-9.568E-2
0.303,4.204E-2,-9.569E-2
0.320,4.204E-2,-9.572E-2
0.337,4.203E-2,-9.573E-2
0.354,4.204E-2,-9.572E-2
0.371,4.203E-2,-9.573E-2
0.387,4.203E-2,-9.573E-2
0.404,4.203E-2,-9.573E-2
0.421,4.205E-2,-9.571E-2
0.438,4.204E-2,-9.572E-2
0.455,4.204E-2,-9.573E-2
0.472,4.204E-2,-9.572E-2
0.488,4.204E-2,-9.572E-2
0.505,4.202E-2,-9.572E-2
0.522,4.202E-2,-9.572E-2
0.539,4.200E-2,-9.572E-2
0.556,4.202E-2,-9.571E-2
0.573,4.200E-2,-9.572E-2
0.589,4.201E-2,-9.572E-2
0.606,4.201E-2,-9.571E-2
0.623,4.200E-2,-9.570E-2
0.640,4.204E-2,-9.571E-2
0.657,4.203E-2,-9.571E-2
0.674,4.203E-2,-9.572E-2
0.691,4.205E-2,-9.572E-2
0.707,4.202E-2,-9.570E-2
0.724,4.204E-2,-9.569E-2
0.741,4.203E-2,-9.569E-2
0.758,4.201E-2,-9.569E-2
0.775,4.201E-2,-9.569E-2
0.792,4.201E-2,-9.569E-2
0.808,4.201E-2,-9.569E-2
0.825,4.200E-2,-9.571E-2
0.842,4.201E-2,-9.571E-2
0.859,4.201E-2,-9.571E-2
0.876,4.205E-2,-9.570E-2
0.893,4.237E-2,-9.573E-2
0.909,4.343E-2,-9.595E-2
0.926,4.633E-2,-9.649E-2
0.943,5.172E-2,-9.738E-2
0.960,5.955E-2,-9.831E-2
0.977,6.933E-2,-9.938E-2
0.994,8.059E-2,-9.992E-2
1.011,9.258E-2,-9.985E-2
1.027,0.105,-9.840E-2
1.044,0.116,-9.798E-2
1.061,0.126,-9.690E-2
1.078,0.134,-9.542E-2
1.095,0.140,-9.369E-2
1.112,0.143,-9.268E-2
1.128,0.144,-9.222E-2
1.145,0.143,-9.260E-2
1.162,0.140,-9.360E-2
1.179,0.133,-9.539E-2
1.196,0.125,-9.701E-2
1.213,0.115,-9.846E-2
1.229,0.103,-9.912E-2
1.246,9.080E-2,-9.933E-2
1.263,7.881E-2,-9.936E-2
1.280,6.777E-2,-9.860E-2
1.297,5.738E-2,-9.943E-2
1.314,4.921E-2,-9.791E-2
1.331,4.393E-2,-9.678E-2
1.347,4.388E-2,-9.719E-2
1.364,4.406E-2,-9.751E-2
1.381,4.701E-2,-9.799E-2
1.398,5.171E-2,-9.824E-2
1.415,5.981E-2,-9.921E-2
1.432,6.971E-2,-0.100
1.448,8.090E-2,-9.882E-2
1.465,9.251E-2,-9.875E-2
1.482,0.104,-9.829E-2
1.499,0.115,-9.741E-2
1.516,0.125,-9.604E-2
1.533,0.132,-9.493E-2
1.549,0.138,-9.346E-2
1.566,0.141,-9.226E-2
1.583,0.142,-9.194E-2
1.600,0.140,-9.240E-2
1.617,0.136,-9.360E-2
1.634,0.129,-9.541E-2
1.651,0.121,-9.657E-2
1.667,0.110,-9.789E-2
1.684,9.901E-2,-9.875E-2
1.701,8.730E-2,-9.904E-2
1.718,7.583E-2,-9.879E-2
1.735,6.473E-2,-0.100
1.752,5.549E-2,-9.906E-2
1.768,4.824E-2,-9.796E-2
1.785,4.328E-2,-9.259E-2
1.802,4.148E-2,-9.426E-2
1.819,4.220E-2,-9.445E-2
1.836,4.592E-2,-9.527E-2
1.853,5.222E-2,-9.638E-2
1.869,6.050E-2,-9.754E-2
1.886,7.050E-2,-9.844E-2
1.903,8.165E-2,-9.883E-2
1.920,9.326E-2,-9.883E-2
1.937,0.105,-9.821E-2
1.954,0.115,-9.723E-2
1.971,0.125,-9.583E-2
1.987,0.132,-9.444E-2
2.004,0.138,-9.309E-2
2.021,0.141,-9.227E-2
2.038,0.141,-9.229E-2
2.055,0.139,-9.258E-2
2.072,0.135,-9.361E-2
2.088,0.128,-9.532E-2
2.105,0.119,-9.670E-2
2.122,0.109,-9.792E-2
2.139,9.742E-2,-9.861E-2
2.156,8.553E-2,-9.879E-2
2.173,7.411E-2,-9.846E-2
2.189,6.364E-2,-9.763E-2
2.206,5.460E-2,-9.647E-2
2.223,4.775E-2,-9.535E-2
2.240,4.328E-2,-9.449E-2
2.257,4.157E-2,-9.416E-2
2.274,4.266E-2,-9.434E-2
2.291,4.654E-2,-9.508E-2
2.307,5.275E-2,-9.616E-2
2.324,6.121E-2,-9.734E-2
2.341,7.136E-2,-9.820E-2
2.358,8.261E-2,-9.880E-2
2.375,9.421E-2,-9.879E-2
2.392,0.106,-9.817E-2
2.408,0.116,-9.707E-2
2.425,0.125,-9.587E-2
2.442,0.132,-9.446E-2
2.459,0.136,-9.310E-2
2.476,0.139,-9.245E-2
2.493,0.139,-9.242E-2
2.509,0.136,-9.317E-2
2.526,0.131,-9.436E-2
2.543,0.124,-9.570E-2
2.560,0.116,-9.705E-2
2.577,0.106,-9.806E-2
2.594,9.449E-2,-9.867E-2
2.611,8.317E-2,-9.881E-2
2.627,7.218E-2,-9.856E-2
2.644,6.177E-2,-0.100
2.661,5.351E-2,-9.665E-2
2.678,4.712E-2,-9.567E-2
2.695,4.291E-2,-9.498E-2
2.712,4.145E-2,-9.471E-2
2.728,4.281E-2,-9.497E-2
2.745,4.678E-2,-9.575E-2
2.762,5.320E-2,-9.669E-2
2.779,6.167E-2,-9.791E-2
2.796,7.160E-2,-9.858E-2
2.813,8.251E-2,-9.915E-2
2.829,9.375E-2,-9.906E-2
2.846,0.105,-9.840E-2
2.863,0.115,-9.739E-2
2.880,0.124,-9.618E-2
2.897,0.131,-9.461E-2
2.914,0.135,-9.343E-2
2.931,0.138,-9.279E-2
2.947,0.138,-9.298E-2
2.964,0.135,-9.334E-2
2.981,0.130,-9.447E-2
2.998,0.123,-9.610E-2
3.015,0.114,-9.737E-2
3.032,0.104,-9.848E-2
3.048,9.260E-2,-9.908E-2
3.065,8.130E-2,-9.921E-2
3.082,7.057E-2,-9.878E-2
3.099,6.080E-2,-9.790E-2
3.116,5.255E-2,-9.695E-2
3.133,4.636E-2,-9.600E-2
3.149,4.260E-2,-9.519E-2
3.166,4.157E-2,-9.497E-2
3.183,4.323E-2,-9.515E-2
3.200,4.750E-2,-9.606E-2
3.217,5.416E-2,-9.706E-2
3.234,6.269E-2,-9.803E-2
3.251,7.271E-2,-9.880E-2
3.267,8.365E-2,-9.914E-2
3.284,9.489E-2,-9.908E-2
3.301,0.106,-9.826E-2
3.318,0.116,-9.716E-2
3.335,0.124,-9.589E-2
3.352,0.131,-9.467E-2
3.368,0.135,-9.354E-2
3.385,0.138,-9.290E-2
3.402,0.137,-9.291E-2
3.419,0.134,-9.354E-2
3.436,0.129,-9.478E-2
3.453,0.122,-9.609E-2
3.469,0.113,-9.748E-2
3.486,0.103,-9.832E-2
3.503,9.173E-2,-9.896E-2
3.520,8.062E-2,-9.920E-2
3.537,6.995E-2,-9.854E-2
3.554,6.044E-2,-9.772E-2
3.571,5.243E-2,-9.670E-2
3.587,4.643E-2,-9.566E-2
3.604,4.300E-2,-9.506E-2
3.621,4.225E-2,-9.501E-2
3.638,4.412E-2,-9.531E-2
3.655,4.857E-2,-9.613E-2
3.672,5.539E-2,-9.714E-2
3.688,6.403E-2,-9.815E-2
3.705,7.394E-2,-9.889E-2
3.722,8.489E-2,-9.919E-2
3.739,9.594E-2,-9.892E-2
3.756,0.107,-9.826E-2
3.773,0.116,-9.713E-2
3.789,0.125,-9.582E-2
3.806,0.131,-9.467E-2
3.823,0.135,-9.350E-2
3.840,,
3.857,0.137,-9.298E-2
3.874,0.134,-9.384E-2
3.891,0.128,-9.484E-2
3.907,0.121,-9.633E-2
3.924,0.112,-9.775E-2
3.941,0.102,-9.863E-2
3.958,9.061E-2,-9.907E-2
3.975,7.966E-2,-9.903E-2
3.992,6.919E-2,-9.842E-2
4.008,5.975E-2,-9.762E-2
4.025,5.203E-2,-9.660E-2
4.042,4.652E-2,-9.556E-2
4.059,4.326E-2,-9.494E-2
4.076,4.275E-2,-9.503E-2
4.093,4.484E-2,-9.533E-2
4.109,4.954E-2,-9.614E-2
4.126,5.636E-2,-9.710E-2
4.143,6.486E-2,-9.829E-2
4.160,7.476E-2,-9.895E-2
4.177,8.554E-2,-9.916E-2
4.194,9.641E-2,-9.891E-2
4.211,0.107,-9.834E-2
4.227,0.117,-9.716E-2
4.244,0.125,-9.570E-2
4.261,0.132,-9.455E-2
4.278,0.136,-9.320E-2
4.295,0.138,-9.266E-2
4.312,0.137,-9.282E-2
4.328,0.135,-9.357E-2
4.345,0.130,-9.443E-2
4.362,0.122,-9.618E-2
4.379,0.112,-9.738E-2
4.396,0.101,-9.842E-2
4.413,9.009E-2,-9.888E-2
4.429,7.908E-2,-9.884E-2
4.446,6.877E-2,-9.835E-2
4.463,5.965E-2,-9.744E-2
4.480,5.197E-2,-9.647E-2
4.497,4.657E-2,-9.557E-2
4.514,4.355E-2,-9.498E-2
4.531,4.320E-2,-9.486E-2
4.547,4.549E-2,-9.530E-2
4.564,5.039E-2,-9.616E-2
4.581,5.748E-2,-9.704E-2
4.598,6.631E-2,-9.801E-2
4.615,7.639E-2,-9.867E-2
4.632,8.716E-2,-9.881E-2
4.648,9.813E-2,-9.844E-2
4.665,0.109,-9.774E-2
4.682,0.118,-9.660E-2
4.699,0.126,-9.523E-2
4.716,0.132,-9.406E-2
4.733,0.136,-9.304E-2
4.749,0.137,-9.277E-2
4.766,0.136,-9.293E-2
4.783,0.133,-9.373E-2
4.800,0.127,-9.511E-2
4.817,0.120,-9.632E-2
4.834,0.111,-9.762E-2
4.851,0.100,-9.842E-2
4.867,8.931E-2,-9.888E-2
4.884,7.843E-2,-9.880E-2
4.901,6.834E-2,-9.824E-2
4.918,5.935E-2,-9.741E-2
4.935,5.201E-2,-9.639E-2
4.952,4.681E-2,-9.544E-2
4.968,4.393E-2,-9.509E-2
4.985,4.377E-2,-9.502E-2
5.002,4.635E-2,-9.536E-2
5.019,5.134E-2,-9.623E-2
5.036,5.854E-2,-9.709E-2
5.053,6.722E-2,-9.797E-2
5.069,7.716E-2,-9.875E-2
5.086,8.786E-2,-9.899E-2
5.103,9.857E-2,-9.868E-2
5.120,0.109,-9.786E-2
5.137,0.118,-9.682E-2
5.154,0.126,-9.542E-2
5.171,0.131,-9.432E-2
5.187,0.135,-9.325E-2
5.204,0.135,-9.306E-2
5.221,0.134,-9.333E-2
5.238,0.130,-9.404E-2
5.255,0.125,-9.534E-2
5.272,0.118,-9.636E-2
5.288,0.109,-9.763E-2
5.305,9.826E-2,-9.846E-2
5.322,8.763E-2,-9.883E-2
5.339,7.707E-2,-9.870E-2
5.356,6.714E-2,-9.817E-2
5.373,5.841E-2,-9.741E-2
5.389,5.135E-2,-9.645E-2
5.406,4.631E-2,-9.558E-2
5.423,4.381E-2,-9.516E-2
5.440,4.379E-2,-9.514E-2
5.457,4.640E-2,-9.551E-2
5.474,5.142E-2,-9.641E-2
5.491,5.856E-2,-9.735E-2
5.507,6.726E-2,-9.810E-2
5.524,7.719E-2,-9.884E-2
5.541,8.776E-2,-9.887E-2
5.558,9.833E-2,-9.859E-2
5.575,0.108,-9.782E-2
5.592,0.117,-9.683E-2
5.608,0.125,-9.534E-2
5.625,0.130,-9.435E-2
5.642,0.134,-9.365E-2
5.659,0.135,-9.323E-2
5.676,0.134,-9.351E-2
5.693,0.130,-9.441E-2
5.709,0.124,-9.533E-2
5.726,0.117,-9.671E-2
5.743,0.107,-9.791E-2
5.760,9.735E-2,-9.855E-2
5.777,8.672E-2,-9.874E-2
5.794,7.629E-2,-9.865E-2
5.811,6.663E-2,-9.807E-2
5.827,5.800E-2,-9.735E-2
5.844,5.114E-2,-9.653E-2
5.861,4.644E-2,-9.574E-2
5.878,4.414E-2,-9.532E-2
5.895,4.436E-2,-9.535E-2
5.912,4.711E-2,-9.583E-2
5.928,5.231E-2,-9.658E-2
5.945,5.946E-2,-9.756E-2
5.962,6.823E-2,-9.839E-2
5.979,7.810E-2,-9.887E-2
5.996,8.858E-2,-9.906E-2
6.013,9.905E-2,-9.870E-2
6.029,0.109,-9.783E-2
6.046,0.118,-9.681E-2
6.063,0.125,-9.541E-2
6.080,0.130,-9.431E-2
6.097,0.134,-9.334E-2
6.114,,
6.131,0.134,-9.352E-2
6.147,0.130,-9.435E-2
6.164,0.125,-9.521E-2
6.181,0.118,-9.642E-2
6.198,0.108,-9.744E-2
6.215,9.844E-2,-9.811E-2
6.232,8.801E-2,-9.847E-2
6.248,7.741E-2,-9.840E-2
6.265,6.730E-2,-9.781E-2
6.282,5.855E-2,-9.697E-2
6.299,5.163E-2,-9.614E-2
6.316,4.691E-2,-9.547E-2
6.333,4.474E-2,-9.521E-2
6.349,4.513E-2,-9.522E-2
6.366,4.810E-2,-9.572E-2
6.383,5.332E-2,-9.644E-2
6.400,6.067E-2,-9.737E-2
6.417,6.942E-2,-9.815E-2
6.434,7.938E-2,-9.875E-2
6.451,8.992E-2,-9.876E-2
6.467,0.100,-9.819E-2
6.484,0.110,-9.755E-2
6.501,0.119,-9.642E-2
6.518,0.126,-9.513E-2
6.535,0.131,-9.404E-2
6.552,0.134,-9.342E-2
6.568,0.135,-9.335E-2
6.585,0.134,-9.348E-2
6.602,0.130,-9.438E-2
6.619,0.124,-9.557E-2
6.636,0.116,-9.689E-2
6.653,0.107,-9.774E-2
6.669,9.675E-2,-9.844E-2
6.686,8.620E-2,-9.858E-2
6.703,7.558E-2,-0.101
6.720,6.601E-2,-0.101
6.737,5.804E-2,-9.713E-2
6.754,5.149E-2,-9.622E-2
6.771,4.710E-2,-9.546E-2
6.787,4.500E-2,-9.537E-2
6.804,4.560E-2,-9.534E-2
6.821,4.872E-2,-9.585E-2
6.838,5.409E-2,-9.669E-2
6.855,6.140E-2,-9.758E-2
6.872,7.028E-2,-9.837E-2
6.888,8.009E-2,-9.886E-2
6.905,9.053E-2,-9.891E-2
6.922,0.101,-9.844E-2
6.939,0.111,-9.768E-2
6.956,0.119,-9.642E-2
6.973,0.126,-9.520E-2
6.990,0.131,-9.415E-2
7.006,0.134,-9.339E-2
7.023,0.135,-9.329E-2
7.040,0.133,-9.366E-2
7.057,0.129,-9.451E-2
7.074,0.123,-9.564E-2
7.091,0.115,-9.691E-2
7.107,0.106,-9.790E-2
7.124,9.622E-2,-9.869E-2
7.141,8.580E-2,-9.886E-2
7.158,7.567E-2,-9.862E-2
7.175,6.621E-2,-9.793E-2
7.192,5.805E-2,-9.715E-2
7.208,5.168E-2,-9.631E-2
7.225,4.747E-2,-9.549E-2
7.242,4.560E-2,-9.542E-2
7.259,4.624E-2,-9.542E-2
7.276,4.948E-2,-9.597E-2
7.293,5.494E-2,-9.668E-2
7.310,6.229E-2,-9.759E-2
7.326,7.111E-2,-9.842E-2
7.343,8.093E-2,-9.893E-2
7.360,9.128E-2,-9.892E-2
7.377,0.102,-9.849E-2
7.394,0.111,-9.753E-2
7.411,0.119,-9.651E-2
7.427,0.126,-9.538E-2
7.444,0.131,-9.423E-2
7.461,0.134,-9.340E-2
7.478,0.135,-9.339E-2
7.495,0.133,-9.367E-2
7.512,0.129,-9.463E-2
7.528,0.123,-9.566E-2
7.545,0.115,-9.681E-2
7.562,0.106,-9.782E-2
7.579,9.585E-2,-9.846E-2
7.596,8.560E-2,-9.869E-2
7.613,7.515E-2,-0.101
7.630,6.580E-2,-0.101
7.646,5.817E-2,-9.703E-2
7.663,5.189E-2,-9.618E-2
7.680,4.776E-2,-9.547E-2
7.697,4.604E-2,-9.529E-2
7.714,4.683E-2,-9.546E-2
7.731,5.009E-2,-9.599E-2
7.747,5.553E-2,-9.675E-2
7.764,6.296E-2,-9.770E-2
7.781,7.171E-2,-9.849E-2
7.798,8.149E-2,-9.888E-2
7.815,9.170E-2,-9.888E-2
7.832,0.101,-0.101
7.848,0.111,-9.758E-2
7.865,0.120,-9.643E-2
7.882,0.126,-9.513E-2
7.899,0.131,-9.404E-2
7.916,0.134,-9.347E-2
7.933,0.134,-9.334E-2
7.950,0.132,-9.384E-2
7.966,0.128,-9.469E-2
7.983,0.122,-9.586E-2
8.000,0.114,-9.711E-2
8.017,0.105,-9.802E-2
8.034,9.540E-2,-9.857E-2
8.051,8.489E-2,-0.101
8.067,7.497E-2,-0.101
8.084,6.573E-2,-0.101
8.101,5.819E-2,-9.724E-2
8.118,5.209E-2,-9.643E-2
8.135,4.809E-2,-9.557E-2
8.152,4.646E-2,-9.537E-2
8.168,4.736E-2,-9.546E-2
8.185,5.063E-2,-9.611E-2
8.202,5.606E-2,-9.692E-2
8.219,6.342E-2,-9.783E-2
8.236,7.221E-2,-9.848E-2
8.253,8.189E-2,-9.881E-2
8.270,9.209E-2,-9.878E-2
8.286,0.102,-9.837E-2
8.303,0.111,-9.757E-2
8.320,0.120,-9.638E-2
8.337,0.126,-9.521E-2
8.354,0.131,-9.427E-2
8.371,0.133,-9.364E-2
8.387,0.134,-9.348E-2
8.404,0.132,-9.395E-2
8.421,0.128,-9.483E-2
8.438,0.122,-9.605E-2
8.455,0.114,-9.697E-2
8.472,0.105,-9.789E-2
8.488,9.512E-2,-9.852E-2
8.505,8.504E-2,-9.872E-2
8.522,7.515E-2,-9.846E-2
8.539,6.605E-2,-9.782E-2
8.556,5.832E-2,-9.706E-2
8.573,5.230E-2,-9.621E-2
8.590,4.834E-2,-9.565E-2
8.606,4.681E-2,-9.555E-2
8.623,4.773E-2,-9.560E-2
8.640,5.109E-2,-9.615E-2
8.657,5.654E-2,-9.701E-2
8.674,6.383E-2,-9.777E-2
8.691,7.253E-2,-9.853E-2
8.707,8.210E-2,-9.891E-2
8.724,9.214E-2,-9.889E-2
8.741,0.102,-9.839E-2
8.758,0.111,-9.748E-2
8.775,0.119,-9.654E-2
8.792,0.125,-9.544E-2
8.808,0.129,-9.426E-2
8.825,0.132,-9.395E-2
8.842,0.132,-9.396E-2
8.859,0.129,-9.436E-2
8.876,0.125,-9.516E-2
8.893,0.120,-9.624E-2
8.910,0.112,-9.733E-2
8.926,0.103,-9.813E-2
8.943,9.369E-2,-9.868E-2
8.960,8.384E-2,-9.887E-2
8.977,7.421E-2,-9.864E-2
8.994,6.534E-2,-9.813E-2
9.011,5.770E-2,-9.737E-2
9.027,5.190E-2,-9.654E-2
9.044,4.818E-2,-9.596E-2
9.061,4.675E-2,-9.580E-2
9.078,4.758E-2,-9.587E-2
9.095,5.088E-2,-9.644E-2
9.112,5.622E-2,-9.724E-2
9.128,6.354E-2,-9.800E-2
9.145,7.208E-2,-9.862E-2
9.162,8.148E-2,-9.904E-2
9.179,9.131E-2,-9.902E-2
9.196,0.101,-9.854E-2
9.213,0.110,-9.754E-2
9.230,0.118,-9.664E-2
9.246,0.124,-9.562E-2
9.263,0.129,-9.449E-2
9.280,0.131,-9.415E-2
9.297,0.131,-9.405E-2
9.314,0.129,-9.434E-2
9.331,0.125,-9.521E-2
9.347,0.119,-9.625E-2
9.364,0.112,-9.722E-2
9.381,0.103,-9.840E-2
9.398,9.327E-2,-9.891E-2
9.415,8.347E-2,-9.901E-2
9.432,7.398E-2,-9.888E-2
9.448,6.491E-2,-0.101
9.465,5.779E-2,-9.739E-2
9.482,5.205E-2,-9.672E-2
9.499,4.842E-2,-9.609E-2
9.516,4.701E-2,-9.588E-2
9.533,4.797E-2,-9.612E-2
9.550,5.126E-2,-9.667E-2
9.566,5.666E-2,-9.743E-2
9.583,6.388E-2,-9.825E-2
9.600,7.230E-2,-9.897E-2
9.617,8.172E-2,-9.922E-2
9.634,9.151E-2,-9.922E-2
9.651,0.101,-9.877E-2
9.667,0.110,-9.769E-2
9.684,0.118,-9.683E-2
9.701,0.124,-9.560E-2
9.718,0.128,-9.456E-2
9.735,0.131,-9.418E-2
9.752,0.131,-9.415E-2
9.768,0.129,-9.450E-2
9.785,0.125,-9.527E-2
9.802,0.119,-9.641E-2
9.819,0.111,-9.734E-2
9.836,0.103,-9.832E-2
9.853,9.295E-2,-9.892E-2
9.870,8.315E-2,-9.889E-2
9.886,7.382E-2,-9.880E-2
9.903,6.521E-2,-9.819E-2
9.920,5.789E-2,-9.751E-2
9.937,5.228E-2,-9.681E-2
9.954,4.866E-2,-9.618E-2
9.971,4.730E-2,-9.604E-2
9.987,4.839E-2,-9.609E-2
10.004,5.168E-2,-9.664E-2
10.021,5.701E-2,-9.750E-2
10.038,6.405E-2,-9.829E-2
10.055,7.251E-2,-9.884E-2
10.072,8.184E-2,-9.911E-2
10.088,9.151E-2,-9.905E-2
10.105,0.101,-9.860E-2
10.122,0.110,-9.772E-2
10.139,0.118,-9.674E-2
10.156,0.124,-9.562E-2
10.173,0.128,-9.461E-2
10.190,0.130,-9.431E-2
10.206,0.131,-9.415E-2
10.223,0.129,-9.457E-2
10.240,0.124,-9.545E-2
10.257,0.118,-9.643E-2
10.274,0.111,-9.984E-2
10.291,0.102,-0.101
10.307,9.232E-2,-0.101
10.324,8.273E-2,-0.102
10.341,7.350E-2,-0.101
10.358,6.498E-2,-0.101
10.375,5.797E-2,-9.759E-2
10.392,5.245E-2,-9.667E-2
10.408,4.892E-2,-9.610E-2
10.425,4.766E-2,-9.603E-2
10.442,4.870E-2,-9.613E-2
10.459,5.201E-2,-9.669E-2
10.476,5.738E-2,-9.747E-2
10.493,6.447E-2,-9.828E-2
10.510,7.279E-2,-9.890E-2
10.526,8.198E-2,-9.911E-2
10.543,9.159E-2,-9.901E-2
10.560,0.101,-9.857E-2
10.577,0.110,-9.785E-2
10.594,0.117,-9.673E-2
10.611,0.124,-9.569E-2
10.627,0.128,-9.472E-2
10.644,0.130,-9.423E-2
10.661,0.130,-9.434E-2
10.678,0.128,-9.471E-2
10.695,0.124,-9.549E-2
10.712,0.118,-9.673E-2
10.728,0.111,-9.770E-2
10.745,0.102,-9.856E-2
10.762,9.274E-2,-9.908E-2
10.779,8.318E-2,-9.916E-2
10.796,7.390E-2,-9.903E-2
10.813,6.545E-2,-9.833E-2
10.830,5.830E-2,-9.762E-2
10.846,5.290E-2,-9.699E-2
10.863,4.942E-2,-9.639E-2
10.880,4.811E-2,-9.607E-2
10.897,4.914E-2,-9.630E-2
10.914,5.240E-2,-9.682E-2
10.931,5.773E-2,-9.752E-2
10.947,6.482E-2,-9.828E-2
10.964,7.308E-2,-9.881E-2
10.981,8.230E-2,-9.904E-2
10.998,9.171E-2,-9.899E-2
11.015,0.101,-9.865E-2
11.032,0.110,-9.794E-2
11.048,0.117,-9.713E-2
11.065,0.123,-9.582E-2
11.082,0.128,-9.493E-2
11.099,0.130,-9.421E-2
11.116,0.130,-9.424E-2
11.133,0.128,-9.476E-2
11.150,0.124,-9.540E-2
11.166,0.118,-9.637E-2
11.183,0.111,-9.753E-2
11.200,0.102,-9.839E-2
11.217,9.281E-2,-9.898E-2
11.234,8.336E-2,-9.922E-2
11.251,7.419E-2,-9.900E-2
11.267,6.580E-2,-9.841E-2
11.284,5.870E-2,-9.768E-2
11.301,5.325E-2,-9.706E-2
11.318,4.980E-2,-9.625E-2
11.335,4.855E-2,-9.611E-2
11.352,4.955E-2,-9.619E-2
11.368,5.275E-2,-9.670E-2
11.385,5.805E-2,-9.756E-2
11.402,6.498E-2,-9.832E-2
11.419,7.317E-2,-9.901E-2
11.436,8.218E-2,-9.926E-2
11.453,9.160E-2,-9.921E-2
11.470,0.101,-9.871E-2
11.486,0.109,-9.792E-2
11.503,0.117,-9.688E-2
11.520,0.122,-9.590E-2
11.537,0.127,-9.498E-2
11.554,0.129,-9.446E-2
11.571,0.129,-9.435E-2
11.587,0.128,-9.480E-2
11.604,0.124,-9.547E-2
11.621,0.119,-9.634E-2
11.638,0.111,-9.728E-2
11.655,0.103,-9.815E-2
11.672,9.398E-2,-9.860E-2
11.688,8.478E-2,-9.881E-2
11.705,7.555E-2,-9.851E-2
11.722,6.734E-2,-9.786E-2
11.739,6.032E-2,-9.712E-2
11.756,5.474E-2,-9.634E-2
11.773,5.141E-2,-9.576E-2
11.790,5.026E-2,-9.561E-2
11.806,5.122E-2,-9.577E-2
11.823,5.433E-2,-9.629E-2
11.840,5.948E-2,-9.709E-2
11.857,6.664E-2,-9.779E-2
11.874,7.501E-2,-9.835E-2
11.891,8.418E-2,-9.876E-2
11.907,9.377E-2,-9.871E-2
11.924,0.103,-9.826E-2
11.941,0.112,-9.746E-2
11.958,0.120,-9.651E-2
11.975,0.126,-9.544E-2
11.992,0.130,-9.478E-2
12.008,0.132,-9.417E-2
12.025,0.132,-9.405E-2
12.042,0.130,-9.466E-2
12.059,0.126,-9.532E-2
12.076,0.120,-9.624E-2
12.093,0.113,-9.743E-2
12.110,0.104,-9.824E-2
12.126,9.509E-2,-9.870E-2
12.143,8.552E-2,-9.869E-2
12.160,7.631E-2,-9.842E-2
12.177,6.780E-2,-9.786E-2
12.194,6.058E-2,-9.704E-2
12.211,5.505E-2,-9.628E-2
12.227,5.148E-2,-9.589E-2
12.244,5.012E-2,-9.566E-2
12.261,5.116E-2,-9.586E-2
12.278,5.443E-2,-9.640E-2
12.295,5.969E-2,-9.714E-2
12.312,6.673E-2,-9.773E-2
12.328,7.509E-2,-9.843E-2
12.345,8.420E-2,-9.860E-2
12.362,9.364E-2,-9.859E-2
12.379,0.103,-9.826E-2
12.396,0.112,-9.735E-2
12.413,0.119,-9.640E-2
12.430,0.125,-9.555E-2
12.446,0.130,-9.452E-2
12.463,0.132,-9.406E-2
12.480,0.133,-9.398E-2
12.497,0.131,-9.427E-2
12.514,0.128,-9.529E-2
12.531,0.122,-9.601E-2
12.547,0.115,-9.685E-2
12.564,0.106,-9.918E-2
12.581,9.620E-2,-9.848E-2
12.598,8.631E-2,-9.860E-2
12.615,7.702E-2,-9.858E-2
12.632,6.821E-2,-9.789E-2
12.648,6.088E-2,-9.732E-2
12.665,5.540E-2,-9.654E-2
12.682,5.165E-2,-9.601E-2
12.699,5.011E-2,-9.592E-2
12.716,5.104E-2,-9.615E-2
12.733,5.402E-2,-9.654E-2
12.750,5.908E-2,-9.745E-2
12.766,6.575E-2,-9.819E-2
12.783,7.355E-2,-9.883E-2
12.800,8.224E-2,-9.909E-2
12.817,9.159E-2,-9.905E-2
12.834,0.101,-9.855E-2
12.851,0.110,-9.783E-2
12.867,0.118,-9.681E-2
12.884,0.124,-9.564E-2
12.901,0.128,-9.484E-2
12.918,0.130,-9.444E-2
12.935,0.131,-9.438E-2
12.952,0.129,-9.480E-2
12.968,0.125,-9.534E-2
12.985,0.119,-9.636E-2
13.002,0.112,-9.731E-2
13.019,0.104,-9.809E-2
13.036,9.461E-2,-9.869E-2
13.053,8.525E-2,-9.887E-2
13.070,7.624E-2,-9.863E-2
13.086,6.790E-2,-9.812E-2
13.103,6.088E-2,-9.739E-2
13.120,5.534E-2,-9.657E-2
13.137,5.185E-2,-9.624E-2
13.154,5.047E-2,-9.603E-2
13.171,5.134E-2,-9.615E-2
13.187,5.447E-2,-9.655E-2
13.204,5.964E-2,-9.723E-2
13.221,6.642E-2,-9.791E-2
13.238,7.445E-2,-9.849E-2
13.255,8.331E-2,-9.879E-2
13.272,9.251E-2,-9.879E-2
13.288,0.102,-9.825E-2
13.305,0.110,-9.761E-2
13.322,0.118,-9.675E-2
13.339,0.123,-9.572E-2
13.356,0.128,-9.484E-2
13.373,0.130,-9.445E-2
13.390,0.130,-9.429E-2
13.406,0.129,-9.453E-2
13.423,0.125,-9.551E-2
13.440,0.119,-9.639E-2
13.457,0.112,-9.743E-2
13.474,0.104,-9.821E-2
13.491,9.474E-2,-9.871E-2
13.507,8.550E-2,-9.883E-2
13.524,7.660E-2,-9.865E-2
13.541,6.832E-2,-9.813E-2
13.558,6.128E-2,-9.741E-2
13.575,5.580E-2,-9.662E-2
13.592,5.229E-2,-9.628E-2
13.608,5.082E-2,-9.619E-2
13.625,5.163E-2,-9.622E-2
13.642,5.467E-2,-9.659E-2
13.659,5.957E-2,-9.731E-2
13.676,6.636E-2,-9.806E-2
13.693,7.428E-2,-9.849E-2
13.710,8.307E-2,-9.870E-2
13.726,9.229E-2,-9.868E-2
13.743,0.101,-9.826E-2
13.760,0.110,-9.770E-2
13.777,0.117,-9.688E-2
13.794,0.123,-9.575E-2
13.811,0.127,-9.489E-2
13.827,0.130,-9.448E-2
13.844,0.130,-9.444E-2
13.861,0.128,-9.478E-2
13.878,0.125,-9.552E-2
13.895,0.119,-9.635E-2
13.912,0.112,-9.749E-2
13.928,0.104,-9.811E-2
13.945,9.511E-2,-9.861E-2
13.962,8.602E-2,-9.876E-2
13.979,7.703E-2,-9.867E-2
13.996,6.883E-2,-9.804E-2
14.013,6.177E-2,-9.747E-2
14.030,5.629E-2,-9.676E-2
14.046,5.283E-2,-9.623E-2
14.063,5.132E-2,-9.618E-2
14.080,5.207E-2,-9.625E-2
14.097,5.495E-2,-9.662E-2
14.114,5.984E-2,-9.714E-2
14.131,6.631E-2,-9.789E-2
14.147,7.430E-2,-9.846E-2
14.164,8.293E-2,-9.876E-2
14.181,9.194E-2,-9.875E-2
14.198,0.101,-9.842E-2
14.215,0.109,-9.773E-2
14.232,0.117,-9.683E-2
14.248,0.123,-9.584E-2
14.265,0.127,-9.502E-2
14.282,0.129,-9.451E-2
14.299,0.130,-9.444E-2
14.316,0.128,-9.477E-2
14.333,0.125,-9.544E-2
14.350,0.119,-9.629E-2
14.366,0.112,-9.744E-2
14.383,0.104,-9.814E-2
14.400,9.535E-2,-9.861E-2
14.417,8.631E-2,-9.877E-2
14.434,7.752E-2,-9.866E-2
14.451,6.935E-2,-9.822E-2
14.467,6.230E-2,-9.752E-2
14.484,5.680E-2,-9.693E-2
14.501,5.324E-2,-9.650E-2
14.518,5.166E-2,-9.621E-2
14.535,5.235E-2,-9.635E-2
14.552,5.513E-2,-9.676E-2
14.568,5.990E-2,-9.738E-2
14.585,6.635E-2,-9.802E-2
14.602,7.422E-2,-9.852E-2
14.619,8.283E-2,-9.894E-2
14.636,9.183E-2,-9.890E-2
14.653,0.101,-9.855E-2
14.670,0.109,-9.782E-2
14.686,0.116,-9.684E-2
14.703,0.122,-9.596E-2
14.720,0.127,-9.513E-2
14.737,0.129,-9.459E-2
14.754,0.130,-9.452E-2
14.771,0.128,-9.475E-2
14.787,0.124,-9.540E-2
14.804,0.119,-9.640E-2
14.821,0.112,-9.732E-2
14.838,0.104,-9.807E-2
14.855,9.578E-2,-9.867E-2
14.872,8.677E-2,-9.873E-2
14.888,7.799E-2,-9.859E-2
14.905,6.989E-2,-9.812E-2
14.922,6.285E-2,-9.745E-2
14.939,5.730E-2,-9.689E-2
14.956,5.371E-2,-9.640E-2
14.973,5.207E-2,-9.623E-2
14.990,5.262E-2,-9.630E-2
15.006,5.528E-2,-9.664E-2
15.023,5.993E-2,-9.721E-2
15.040,6.622E-2,-9.781E-2
15.057,7.391E-2,-9.848E-2
15.074,8.246E-2,-9.873E-2
15.091,9.141E-2,-9.877E-2
15.107,0.100,-9.844E-2
15.124,0.109,-9.771E-2
15.141,0.116,-9.687E-2
15.158,0.122,-9.599E-2
15.175,0.126,-9.516E-2
15.192,0.129,-9.464E-2
15.208,0.129,-9.455E-2
15.225,0.128,-9.482E-2
15.242,0.124,-9.544E-2
15.259,0.119,-9.621E-2
15.276,0.112,-9.709E-2
15.293,0.105,-9.795E-2
15.310,9.600E-2,-9.853E-2
15.326,8.706E-2,-9.877E-2
15.343,7.832E-2,-9.870E-2
15.360,7.032E-2,-9.824E-2
15.377,6.331E-2,-9.760E-2
15.394,5.768E-2,-9.691E-2
15.411,5.398E-2,-9.649E-2
15.427,5.224E-2,-9.633E-2
15.444,5.271E-2,-9.636E-2
15.461,5.534E-2,-9.670E-2
15.478,5.989E-2,-9.735E-2
15.495,6.605E-2,-9.800E-2
15.512,7.360E-2,-9.850E-2
15.528,8.201E-2,-9.870E-2
15.545,9.088E-2,-9.868E-2
15.562,9.966E-2,-9.839E-2
15.579,0.108,-9.781E-2
15.596,0.115,-9.692E-2
15.613,0.121,-9.608E-2
15.630,0.126,-9.527E-2
15.646,0.128,-9.469E-2
15.663,0.129,-9.453E-2
15.680,0.127,-9.473E-2
15.697,0.124,-9.542E-2
15.714,0.119,-9.621E-2
15.731,0.113,-9.717E-2
15.747,0.105,-9.795E-2
15.764,9.635E-2,-9.843E-2
15.781,8.757E-2,-9.867E-2
15.798,7.892E-2,-9.861E-2
15.815,7.083E-2,-9.821E-2
15.832,6.381E-2,-9.755E-2
15.848,5.823E-2,-9.693E-2
15.865,5.436E-2,-9.651E-2
15.882,5.251E-2,-9.641E-2
15.899,5.286E-2,-9.643E-2
15.916,5.531E-2,-9.666E-2
15.933,5.968E-2,-9.718E-2
15.950,6.571E-2,-9.773E-2
15.966,7.314E-2,-9.833E-2
15.983,8.147E-2,-9.875E-2
16.000,9.021E-2,-9.873E-2
16.017,9.894E-2,-9.857E-2
16.034,0.107,-9.792E-2
16.051,0.115,-9.722E-2
16.067,0.121,-9.624E-2
16.084,0.125,-9.540E-2
16.101,0.128,-9.489E-2
16.118,0.128,-9.477E-2
16.135,0.127,-9.495E-2
16.152,0.124,-9.552E-2
16.168,0.119,-9.632E-2
16.185,0.113,-9.729E-2
16.202,0.105,-9.802E-2
16.219,9.672E-2,-9.859E-2
16.236,8.799E-2,-9.885E-2
16.253,7.940E-2,-9.866E-2
16.270,7.133E-2,-9.838E-2
16.286,6.433E-2,-9.772E-2
16.303,5.874E-2,-9.704E-2
16.320,5.488E-2,-9.660E-2
16.337,5.295E-2,-9.640E-2
16.354,5.309E-2,-9.639E-2
16.371,5.546E-2,-9.673E-2
16.387,5.968E-2,-9.723E-2
16.404,6.566E-2,-9.790E-2
16.421,7.289E-2,-9.842E-2
16.438,8.115E-2,-9.868E-2
16.455,8.973E-2,-9.879E-2
16.472,9.837E-2,-9.850E-2
16.488,0.107,-9.790E-2
16.505,0.114,-9.720E-2
16.522,0.120,-9.625E-2
16.539,0.125,-9.526E-2
16.556,0.127,-9.473E-2
16.573,0.128,-9.475E-2
16.590,0.127,-9.488E-2
16.606,0.124,-9.538E-2
16.623,0.119,-9.615E-2
16.640,0.113,-9.710E-2
16.657,0.106,-9.788E-2
16.674,9.734E-2,-9.836E-2
16.691,8.874E-2,-9.862E-2
16.707,8.014E-2,-9.857E-2
16.724,7.211E-2,-9.827E-2
16.741,6.504E-2,-9.778E-2
16.758,5.940E-2,-9.715E-2
16.775,5.542E-2,-9.666E-2
16.792,5.342E-2,-9.656E-2
16.808,5.353E-2,-9.647E-2
16.825,5.571E-2,-9.667E-2
16.842,5.977E-2,-9.726E-2
16.859,6.562E-2,-9.783E-2
16.876,7.267E-2,-9.842E-2
16.893,8.076E-2,-9.875E-2
16.910,8.928E-2,-9.881E-2
16.926,9.786E-2,-9.860E-2
16.943,0.106,-9.810E-2
16.960,0.113,-9.735E-2
16.977,0.119,-9.639E-2
16.994,0.124,-9.552E-2
17.011,0.127,-9.510E-2
17.027,0.128,-9.484E-2
17.044,0.127,-9.500E-2
17.061,0.124,-9.548E-2
17.078,0.120,-9.625E-2
17.095,0.113,-9.719E-2
17.112,0.106,-9.799E-2
17.128,9.786E-2,-9.858E-2
17.145,8.930E-2,-9.877E-2
17.162,8.080E-2,-9.876E-2
17.179,7.284E-2,-9.843E-2
17.196,6.571E-2,-9.791E-2
17.213,5.999E-2,-9.731E-2
17.230,5.593E-2,-9.673E-2
17.246,5.377E-2,-9.660E-2
17.263,5.366E-2,-9.653E-2
17.280,5.569E-2,-9.672E-2
17.297,5.968E-2,-9.726E-2
17.314,6.525E-2,-9.793E-2
17.331,7.226E-2,-9.847E-2
17.347,8.015E-2,-9.871E-2
17.364,8.862E-2,-9.880E-2
17.381,9.722E-2,-9.857E-2
17.398,0.105,-9.795E-2
17.415,0.113,-9.731E-2
17.432,0.119,-9.648E-2
17.448,0.124,-9.568E-2
17.465,0.127,-9.519E-2
17.482,0.128,-9.489E-2
17.499,0.127,-9.502E-2
17.516,0.124,-9.544E-2
17.533,0.120,-9.619E-2
17.550,0.114,-9.695E-2
17.566,0.107,-9.782E-2
17.583,9.838E-2,-9.828E-2
17.600,8.998E-2,-9.860E-2
17.617,8.159E-2,-9.866E-2
17.634,7.365E-2,-9.830E-2
17.651,6.655E-2,-9.781E-2
17.667,6.074E-2,-9.716E-2
17.684,5.664E-2,-9.670E-2
17.701,5.446E-2,-9.650E-2
17.718,5.427E-2,-9.649E-2
17.735,5.609E-2,-9.663E-2
17.752,5.983E-2,-9.726E-2
17.768,6.529E-2,-9.781E-2
17.785,7.215E-2,-9.833E-2
17.802,7.996E-2,-9.874E-2
17.819,8.835E-2,-9.881E-2
17.836,9.678E-2,-9.862E-2
17.853,0.105,-9.825E-2
17.870,0.112,-9.740E-2
17.886,0.118,-9.654E-2
17.903,0.123,-9.572E-2
17.920,0.126,-9.514E-2
17.937,0.128,-9.493E-2
17.954,0.127,-9.502E-2
17.971,0.124,-9.551E-2
17.987,0.120,-9.625E-2
18.004,0.114,-9.698E-2
18.021,0.107,-9.783E-2
18.038,9.922E-2,-9.834E-2
18.055,9.088E-2,-9.867E-2
18.072,8.250E-2,-9.867E-2
18.088,7.447E-2,-9.842E-2
18.105,6.738E-2,-9.791E-2
18.122,6.151E-2,-9.734E-2
18.139,5.723E-2,-9.685E-2
18.156,5.485E-2,-9.652E-2
18.173,5.450E-2,-9.651E-2
18.190,5.618E-2,-9.674E-2
18.206,5.972E-2,-9.721E-2
18.223,6.504E-2,-9.773E-2
18.240,7.178E-2,-9.831E-2
18.257,7.948E-2,-9.866E-2
18.274,8.769E-2,-9.881E-2
18.291,9.606E-2,-9.860E-2
18.307,0.104,-9.800E-2
18.324,0.112,-9.737E-2
18.341,0.118,-9.653E-2
18.358,0.123,-9.579E-2
18.375,0.126,-9.519E-2
18.392,0.127,-9.500E-2
18.408,0.127,-9.501E-2
18.425,0.124,-9.546E-2
18.442,0.120,-9.624E-2
18.459,0.115,-9.692E-2
18.476,0.108,-9.775E-2
18.493,9.985E-2,-9.841E-2
18.510,9.157E-2,-9.867E-2
18.526,8.323E-2,-9.865E-2
18.543,7.529E-2,-9.844E-2
18.560,6.821E-2,-9.799E-2
18.577,6.226E-2,-9.743E-2
18.594,5.787E-2,-9.688E-2
18.611,5.535E-2,-9.666E-2
18.627,5.484E-2,-9.656E-2
18.644,5.635E-2,-9.669E-2
18.661,5.971E-2,-9.717E-2
18.678,6.491E-2,-9.778E-2
18.695,7.146E-2,-9.835E-2
18.712,7.896E-2,-9.874E-2
18.728,8.714E-2,-9.890E-2
18.745,9.547E-2,-9.867E-2
18.762,0.103,-9.813E-2
18.779,0.111,-9.752E-2
18.796,0.117,-9.670E-2
18.813,0.122,-9.593E-2
18.830,0.125,-9.534E-2
18.846,0.127,-9.501E-2
18.863,0.127,-9.504E-2
18.880,0.125,-9.540E-2
18.897,0.121,-9.608E-2
18.914,0.115,-9.701E-2
18.931,0.108,-9.772E-2
18.947,0.101,-9.837E-2
18.964,9.253E-2,-9.874E-2
18.981,8.417E-2,-9.880E-2
18.998,7.624E-2,-9.858E-2
19.015,6.906E-2,-9.812E-2
19.032,6.305E-2,-9.752E-2
19.048,5.853E-2,-9.707E-2
19.065,5.585E-2,-9.666E-2
19.082,5.519E-2,-9.658E-2
19.099,5.645E-2,-9.669E-2
19.116,5.969E-2,-9.717E-2
19.133,6.457E-2,-9.763E-2
19.150,7.103E-2,-9.827E-2
19.166,7.842E-2,-9.857E-2
19.183,8.639E-2,-9.880E-2
19.200,9.471E-2,-9.865E-2
19.217,0.103,-9.825E-2
19.234,0.110,-9.761E-2
19.251,0.117,-9.684E-2
19.267,0.122,-9.599E-2
19.284,0.125,-9.537E-2
19.301,0.127,-9.503E-2
19.318,0.126,-9.506E-2
19.335,0.124,-9.537E-2
19.352,0.121,-9.609E-2
19.368,0.116,-9.679E-2
19.385,0.109,-9.753E-2
19.402,0.101,-9.827E-2
19.419,9.321E-2,-9.857E-2
19.436,8.495E-2,-9.868E-2
19.453,7.705E-2,-9.858E-2
19.470,6.985E-2,-9.821E-2
19.486,6.373E-2,-9.756E-2
19.503,5.914E-2,-9.707E-2
19.520,5.629E-2,-9.668E-2
19.537,5.544E-2,-9.659E-2
19.554,5.658E-2,-9.664E-2
19.571,5.960E-2,-9.705E-2
19.587,6.431E-2,-9.754E-2
19.604,7.065E-2,-9.811E-2
19.621,7.785E-2,-9.851E-2
19.638,8.572E-2,-9.865E-2
19.655,9.395E-2,-9.852E-2
19.672,0.102,-9.822E-2
19.688,0.109,-9.757E-2
19.705,0.116,-9.682E-2
19.722,0.121,-9.605E-2
19.739,0.124,-9.538E-2
19.756,0.126,-9.510E-2
19.773,0.126,-9.501E-2
19.790,0.125,-9.528E-2
19.806,0.121,-9.602E-2
19.823,0.116,-9.672E-2
19.840,0.109,-9.755E-2
19.857,0.102,-9.814E-2
19.874,9.399E-2,-9.847E-2
19.891,8.580E-2,-9.863E-2
19.907,7.793E-2,-9.849E-2
19.924,7.077E-2,-9.806E-2
19.941,6.452E-2,-9.756E-2
19.958,5.977E-2,-9.696E-2
19.975,5.684E-2,-9.671E-2
19.992,5.565E-2,-9.665E-2
20.008,5.655E-2,-9.666E-2
20.025,5.939E-2,-9.701E-2
20.042,6.393E-2,-9.761E-2
20.059,6.996E-2,-9.811E-2
20.076,7.698E-2,-9.857E-2
20.093,8.483E-2,-9.862E-2
20.110,9.294E-2,-9.860E-2
20.126,0.101,-9.828E-2
20.143,0.108,-9.772E-2
20.160,0.115,-9.694E-2
20.177,0.120,-9.611E-2
20.194,0.124,-9.551E-2
20.211,0.126,-9.523E-2
20.227,0.126,-9.522E-2
20.244,0.124,-9.541E-2
20.261,0.121,-9.602E-2
20.278,0.116,-9.675E-2
20.295,0.110,-9.747E-2
20.312,0.103,-9.805E-2
20.328,9.473E-2,-9.852E-2
20.345,8.664E-2,-9.865E-2
20.362,7.874E-2,-9.853E-2
20.379,7.153E-2,-9.814E-2
20.396,6.529E-2,-9.771E-2
20.413,6.039E-2,-9.715E-2
20.430,5.724E-2,-9.680E-2
20.446,5.598E-2,-9.677E-2
20.463,5.666E-2,-9.681E-2
20.480,5.926E-2,-9.704E-2
20.497,6.358E-2,-9.755E-2
20.514,6.941E-2,-9.814E-2
20.531,7.631E-2,-9.855E-2
20.547,8.402E-2,-9.876E-2
20.564,9.203E-2,-9.879E-2
20.581,0.100,-9.838E-2
20.598,0.107,-9.776E-2
20.615,0.114,-9.712E-2
20.632,0.119,-9.639E-2
20.648,0.123,-9.560E-2
20.665,0.125,-9.518E-2
20.682,0.126,-9.513E-2
20.699,0.124,-9.532E-2
20.716,0.121,-9.586E-2
20.733,0.117,-9.667E-2
20.750,0.110,-9.743E-2
20.766,0.103,-9.811E-2
20.783,9.557E-2,-9.851E-2
20.800,8.761E-2,-9.868E-2
20.817,7.983E-2,-9.856E-2
20.834,7.249E-2,-9.828E-2
20.851,6.624E-2,-9.771E-2
20.867,6.120E-2,-9.722E-2
20.884,5.783E-2,-9.685E-2
20.901,5.631E-2,-9.672E-2
20.918,5.681E-2,-9.672E-2
20.935,5.917E-2,-9.699E-2
20.952,6.325E-2,-9.742E-2
20.969,6.894E-2,-9.797E-2
20.985,7.576E-2,-9.837E-2
21.002,8.333E-2,-9.865E-2
21.019,9.128E-2,-9.868E-2
21.036,9.920E-2,-9.839E-2
21.053,0.107,-9.784E-2
21.070,0.113,-9.712E-2
21.086,0.119,-9.632E-2
21.103,0.123,-9.569E-2
21.120,0.125,-9.529E-2
21.137,0.126,-9.517E-2
21.154,0.124,-9.542E-2
21.171,0.122,-9.586E-2
21.187,0.117,-9.661E-2
21.204,0.111,-9.739E-2
21.221,0.104,-9.796E-2
21.238,9.653E-2,-9.841E-2
21.255,8.858E-2,-9.860E-2
21.272,8.079E-2,-9.861E-2
21.289,7.349E-2,-9.833E-2
21.305,6.705E-2,-9.781E-2
21.322,6.193E-2,-9.738E-2
21.339,5.843E-2,-9.687E-2
21.356,5.677E-2,-9.666E-2
21.373,5.699E-2,-9.666E-2
21.390,5.908E-2,-9.693E-2
21.406,6.291E-2,-9.742E-2
21.423,6.843E-2,-9.797E-2
21.440,7.503E-2,-9.838E-2
21.457,8.239E-2,-9.859E-2
21.474,9.019E-2,-9.862E-2
21.491,9.810E-2,-9.835E-2
21.507,0.106,-9.793E-2
21.524,0.112,-9.732E-2
21.541,0.118,-9.654E-2
21.558,0.122,-9.589E-2
21.575,0.125,-9.543E-2
21.592,0.125,-9.516E-2
21.609,0.124,-9.529E-2
21.625,0.122,-9.584E-2
21.642,0.117,-9.653E-2
21.659,0.112,-9.721E-2
21.676,0.105,-9.798E-2
21.693,9.744E-2,-9.846E-2
21.710,8.957E-2,-9.864E-2
21.726,8.181E-2,-9.863E-2
21.743,7.444E-2,-9.835E-2
21.760,6.797E-2,-9.791E-2
21.777,6.272E-2,-9.743E-2
21.794,5.904E-2,-9.699E-2
21.811,5.714E-2,-9.676E-2
21.827,5.715E-2,-9.675E-2
21.844,5.906E-2,-9.698E-2
21.861,6.271E-2,-9.737E-2
21.878,6.797E-2,-9.784E-2
21.895,7.438E-2,-9.825E-2
21.912,8.160E-2,-9.859E-2
21.929,8.940E-2,-9.865E-2
21.945,9.721E-2,-9.838E-2
21.962,0.105,-9.799E-2
21.979,0.111,-9.740E-2
21.996,0.117,-9.656E-2
22.013,0.121,-9.592E-2
22.030,0.124,-9.539E-2
22.046,0.125,-9.526E-2
22.063,0.124,-9.534E-2
22.080,0.122,-9.574E-2
22.097,0.118,-9.640E-2
